#ifndef GENERATED_CASES_HPP
#define GENERATED_CASES_HPP

#include "../consteig.hpp"

namespace consteig {

// Symmetric Matrix Test Cases
static constexpr Matrix<double, 10, 10> mat_sym[50] = {
    {{{
        {2.2279866375466661e-01, 1.2645062829389875e+00, 1.3294543261061156e+00, 4.6297548418915302e-01, 1.2672413137382201e+00, 8.4188775981118880e-01, 4.2303488202143547e-01, 8.2148506481456385e-01, 3.8730546413946065e-01, 7.3163590381351862e-01},
        {1.2645062829389875e+00, 1.2499367302611215e+00, 4.4255337621538349e-01, 7.4444516334756239e-01, 6.5349777243740859e-01, 7.8716863148959482e-01, 1.5522626605472463e+00, 8.6836395795675481e-01, 4.2620214347123464e-01, 5.8332146872363488e-01},
        {1.3294543261061156e+00, 4.4255337621538349e-01, 1.2473305577233438e+00, 1.0180061219572512e+00, 1.3149014215343700e+00, 8.1936248947578794e-01, 4.9752068496370216e-01, 8.9858360571846918e-01, 4.2263406061695463e-01, 5.0141758266576586e-01},
        {4.6297548418915302e-01, 7.4444516334756239e-01, 1.0180061219572512e+00, 5.9255374201518252e-01, 1.2024554046533302e+00, 2.6827700524826037e-01, 1.6843538407028427e+00, 1.1115144594294870e+00, 1.3889192193029039e+00, 4.8171192355850068e-01},
        {1.2672413137382201e+00, 6.5349777243740859e-01, 1.3149014215343700e+00, 1.2024554046533302e+00, 1.1396733573610658e+00, 1.4189342351136180e+00, 1.1087582004558352e+00, 1.7660504153022796e+00, 1.1639808028472327e+00, 7.4415254615082249e-01},
        {8.4188775981118880e-01, 7.8716863148959482e-01, 8.1936248947578794e-01, 2.6827700524826037e-01, 1.4189342351136180e+00, 1.0726960818162676e+00, 6.6005723574453057e-01, 9.7220149628182073e-01, 9.6362914976401548e-01, 1.0779639734624356e+00},
        {4.2303488202143547e-01, 1.5522626605472463e+00, 4.9752068496370216e-01, 1.6843538407028427e+00, 1.1087582004558352e+00, 6.6005723574453057e-01, 5.8785811103587426e-01, 1.1480321106950568e+00, 1.0718725499800157e+00, 1.7164279907347681e+00},
        {8.2148506481456385e-01, 8.6836395795675481e-01, 8.9858360571846918e-01, 1.1115144594294870e+00, 1.7660504153022796e+00, 9.7220149628182073e-01, 1.1480321106950568e+00, 1.5353302529131854e+00, 3.1423880160370077e-01, 9.9342150978574006e-01},
        {3.8730546413946065e-01, 4.2620214347123464e-01, 4.2263406061695463e-01, 1.3889192193029039e+00, 1.1639808028472327e+00, 9.6362914976401548e-01, 1.0718725499800157e+00, 3.1423880160370077e-01, 4.4223551605253997e-01, 8.0999332298475624e-01},
        {7.3163590381351862e-01, 5.8332146872363488e-01, 5.0141758266576586e-01, 4.8171192355850068e-01, 7.4415254615082249e-01, 1.0779639734624356e+00, 1.7164279907347681e+00, 9.9342150978574006e-01, 8.0999332298475624e-01, 5.0080794715265897e-01}
    }}},
    {{{
        {1.1329602390766402e+00, 1.0827406778252007e+00, 4.4286065652244422e-01, 7.4864414598708506e-01, 1.1438437770260832e+00, 7.3318226077061754e-01, 9.4818095238678102e-01, 1.2920710221042513e+00, 9.0733856251444500e-01, 5.6529507348105190e-01},
        {1.0827406778252007e+00, 1.3800722624070623e+00, 8.2572266505456593e-01, 1.1793015601555896e+00, 6.1816839618554864e-01, 4.6092994434884127e-01, 5.1082776672548558e-01, 7.4724615796584692e-01, 1.2191359791490171e+00, 1.3704110785203665e+00},
        {4.4286065652244422e-01, 8.2572266505456593e-01, 1.7473637334437331e+00, 1.4624269737962248e+00, 1.8308282423620534e+00, 1.1263001798014201e+00, 3.5702070759432913e-01, 7.5689686427990777e-01, 1.5870950094503642e+00, 5.5872336209691997e-01},
        {7.4864414598708506e-01, 1.1793015601555896e+00, 1.4624269737962248e+00, 7.1052008799998512e-01, 1.3043953993375839e+00, 1.1733486901362684e+00, 1.0771069738073007e+00, 1.0807996499035630e+00, 1.7641139733857487e+00, 5.4922565148872604e-01},
        {1.1438437770260832e+00, 6.1816839618554864e-01, 1.8308282423620534e+00, 1.3043953993375839e+00, 3.5299556014824685e-01, 1.4600560908819515e+00, 1.2584138554061979e+00, 2.7856411727507868e-01, 1.4469125169189709e+00, 9.9260126482550426e-01},
        {7.3318226077061754e-01, 4.6092994434884127e-01, 1.1263001798014201e+00, 1.1733486901362684e+00, 1.4600560908819515e+00, 3.6603216202596833e-01, 3.3317343617500939e-01, 1.1816242252035301e+00, 1.3115515802789361e+00, 1.4140818548140253e+00},
        {9.4818095238678102e-01, 5.1082776672548558e-01, 3.5702070759432913e-01, 1.0771069738073007e+00, 1.2584138554061979e+00, 3.3317343617500939e-01, 9.3837874328173010e-01, 9.3078709592749520e-01, 8.8919288767749816e-01, 1.0100121909004642e+00},
        {1.2920710221042513e+00, 7.4724615796584692e-01, 7.5689686427990777e-01, 1.0807996499035630e+00, 2.7856411727507868e-01, 1.1816242252035301e+00, 9.3078709592749520e-01, 9.8706215805415765e-01, 1.6853656467021918e+00, 1.2008144141294834e+00},
        {9.0733856251444500e-01, 1.2191359791490171e+00, 1.5870950094503642e+00, 1.7641139733857487e+00, 1.4469125169189709e+00, 1.3115515802789361e+00, 8.8919288767749816e-01, 1.6853656467021918e+00, 3.3062796614688561e-01, 1.5029089556366499e+00},
        {5.6529507348105190e-01, 1.3704110785203665e+00, 5.5872336209691997e-01, 5.4922565148872604e-01, 9.9260126482550426e-01, 1.4140818548140253e+00, 1.0100121909004642e+00, 1.2008144141294834e+00, 1.5029089556366499e+00, 1.3861098283818050e+00}
    }}},
    {{{
        {2.4270653443304258e-01, 1.1436318759225901e+00, 1.3809760627485916e+00, 9.7974701985157264e-01, 9.0069230938689904e-01, 1.2190447803638595e+00, 4.0476063770789561e-01, 1.1506798051840645e+00, 4.1584390576447339e-01, 5.2370070908391098e-01},
        {1.1436318759225901e+00, 1.8773945040890394e+00, 1.4473691077634587e+00, 1.2207940132144581e+00, 7.6093349759722850e-01, 7.0042681043401556e-01, 9.9593327700751133e-01, 5.4422175243368165e-01, 1.3067551775231954e+00, 1.1689690671461914e+00},
        {1.3809760627485916e+00, 1.4473691077634587e+00, 1.0903319442039328e+00, 1.2700397722472410e+00, 6.4033625878956046e-01, 1.6423641133528692e+00, 9.9567869297592837e-01, 5.1531185140113889e-01, 9.8438337888256222e-01, 6.3185304511621321e-01},
        {9.7974701985157264e-01, 1.2207940132144581e+00, 1.2700397722472410e+00, 1.9077927826693926e+00, 1.6175906858309155e+00, 1.0244078054775911e+00, 8.9493344044557244e-01, 8.0684430052852518e-01, 1.0971245312002424e+00, 1.0367778646340091e+00},
        {9.0069230938689904e-01, 7.6093349759722850e-01, 6.4033625878956046e-01, 1.6175906858309155e+00, 2.2859991348872621e-01, 1.0734227763553985e+00, 1.7816829997048069e+00, 1.6116138709200079e+00, 9.8177242789133079e-01, 7.2649050489446643e-01},
        {1.2190447803638595e+00, 7.0042681043401556e-01, 1.6423641133528692e+00, 1.0244078054775911e+00, 1.0734227763553985e+00, 4.2989903983356248e-01, 1.2238024016834301e+00, 3.5601890199480379e-01, 1.0807135402289005e+00, 1.0913130033100313e+00},
        {4.0476063770789561e-01, 9.9593327700751133e-01, 9.9567869297592837e-01, 8.9493344044557244e-01, 1.7816829997048069e+00, 1.2238024016834301e+00, 4.4240672927488922e-01, 9.0890830671950440e-01, 1.0828685774163334e+00, 8.1965504862388872e-01},
        {1.1506798051840645e+00, 5.4422175243368165e-01, 5.1531185140113889e-01, 8.0684430052852518e-01, 1.6116138709200079e+00, 3.5601890199480379e-01, 9.0890830671950440e-01, 1.1630811076270950e+00, 1.5843936321046428e+00, 3.8294945454117280e-01},
        {4.1584390576447339e-01, 1.3067551775231954e+00, 9.8438337888256222e-01, 1.0971245312002424e+00, 9.8177242789133079e-01, 1.0807135402289005e+00, 1.0828685774163334e+00, 1.5843936321046428e+00, 1.9074750852538345e+00, 3.9116623644063997e-01},
        {5.2370070908391098e-01, 1.1689690671461914e+00, 6.3185304511621321e-01, 1.0367778646340091e+00, 7.2649050489446643e-01, 1.0913130033100313e+00, 8.1965504862388872e-01, 3.8294945454117280e-01, 3.9116623644063997e-01, 6.6381839733287284e-01}
    }}},
    {{{
        {5.2373759508903572e-01, 8.7380703504579604e-01, 1.3619450600748575e+00, 5.1517713768158857e-01, 1.5259675802834787e+00, 6.1887989556909173e-01, 6.2386082221885719e-01, 1.7219280231683218e+00, 1.2368502385409439e+00, 3.7949615534335590e-01},
        {8.7380703504579604e-01, 9.9230477557930974e-01, 1.4915351966066732e+00, 8.3036412868871523e-01, 7.7344092341236448e-01, 1.0077129305442660e+00, 1.1245030711622133e+00, 5.2812677743363301e-01, 8.2641465180591900e-01, 1.2462028691912292e+00},
        {1.3619450600748575e+00, 1.4915351966066732e+00, 6.8219599327313829e-01, 5.5441936598515029e-01, 1.3008820959783505e+00, 1.4126842182506667e+00, 9.3148024512201588e-01, 1.1735063921067290e+00, 5.3891281821311898e-01, 8.1811549703605413e-01},
        {5.1517713768158857e-01, 8.3036412868871523e-01, 5.5441936598515029e-01, 1.1956277996173847e-01, 2.5058670457810484e-01, 9.3410791574433238e-01, 3.8438326435526460e-01, 8.5468129901265111e-01, 6.1311680176927974e-01, 7.9221138891790488e-01},
        {1.5259675802834787e+00, 7.7344092341236448e-01, 1.3008820959783505e+00, 2.5058670457810484e-01, 1.1038467902271527e+00, 1.3041426297277630e+00, 1.3566841409127228e+00, 1.0129141127111967e+00, 4.7624419364604809e-01, 6.7068426431238426e-01},
        {6.1887989556909173e-01, 1.0077129305442660e+00, 1.4126842182506667e+00, 9.3410791574433238e-01, 1.3041426297277630e+00, 1.0957983342101651e+00, 8.2383529977831382e-01, 1.0294756183334770e+00, 5.0463749606817743e-01, 4.1087811219501524e-01},
        {6.2386082221885719e-01, 1.1245030711622133e+00, 9.3148024512201588e-01, 3.8438326435526460e-01, 1.3566841409127228e+00, 8.2383529977831382e-01, 1.3833108360493640e+00, 2.9085076812280564e-01, 1.8813717506632710e-01, 1.0358368778737312e+00},
        {1.7219280231683218e+00, 5.2812677743363301e-01, 1.1735063921067290e+00, 8.5468129901265111e-01, 1.0129141127111967e+00, 1.0294756183334770e+00, 2.9085076812280564e-01, 4.0507531501954408e-01, 1.6201880373697031e+00, 5.2412367564365370e-01},
        {1.2368502385409439e+00, 8.2641465180591900e-01, 5.3891281821311898e-01, 6.1311680176927974e-01, 4.7624419364604809e-01, 5.0463749606817743e-01, 1.8813717506632710e-01, 1.6201880373697031e+00, 2.1915638588083652e-03, 1.0835032410389418e+00},
        {3.7949615534335590e-01, 1.2462028691912292e+00, 8.1811549703605413e-01, 7.9221138891790488e-01, 6.7068426431238426e-01, 4.1087811219501524e-01, 1.0358368778737312e+00, 5.2412367564365370e-01, 1.0835032410389418e+00, 6.1658669573783320e-01}
    }}},
    {{{
        {1.8198741880832610e+00, 6.0521488372788956e-01, 1.5224515129510892e+00, 6.1288901796054829e-01, 1.5637783311737747e+00, 9.2698736378576363e-01, 5.9895269730292866e-01, 1.4086624689250482e+00, 9.0285686470474735e-01, 3.0082039579221687e-01},
        {6.0521488372788956e-01, 1.2669301387927734e+00, 7.7642542433412076e-01, 7.3288380341460913e-01, 9.4266456127998621e-01, 6.9487132711253241e-01, 1.0211069574008942e+00, 1.3361355609045384e+00, 8.5425004454978504e-01, 1.4872028948971199e+00},
        {1.5224515129510892e+00, 7.7642542433412076e-01, 1.6896235323785258e-01, 1.1737248940132590e+00, 4.0580183221936694e-01, 1.2136453972030350e+00, 3.6848445740172620e-01, 7.7635106400871201e-01, 1.1968170648735086e+00, 8.1456040091319326e-01},
        {6.1288901796054829e-01, 7.3288380341460913e-01, 1.1737248940132590e+00, 9.8732351066973445e-01, 1.5193136795595588e+00, 2.4243456448692313e-01, 8.4515675520479072e-01, 7.3423301680970865e-01, 1.0775930089336545e+00, 3.8337315469121480e-01},
        {1.5637783311737747e+00, 9.4266456127998621e-01, 4.0580183221936694e-01, 1.5193136795595588e+00, 1.7268940745529786e+00, 1.0113478432083727e+00, 1.1082786133124078e+00, 1.6847981030603840e+00, 1.7781675557566965e+00, 1.1793708563345535e+00},
        {9.2698736378576363e-01, 6.9487132711253241e-01, 1.2136453972030350e+00, 2.4243456448692313e-01, 1.0113478432083727e+00, 6.7736883063982356e-01, 1.0460461610806295e+00, 2.1495304000997684e-01, 5.8915488109448644e-01, 1.0046937387864443e+00},
        {5.9895269730292866e-01, 1.0211069574008942e+00, 3.6848445740172620e-01, 8.4515675520479072e-01, 1.1082786133124078e+00, 1.0460461610806295e+00, 1.9142681129359285e-01, 1.6303904007626675e+00, 5.7238137813671597e-01, 8.6309633314067025e-01},
        {1.4086624689250482e+00, 1.3361355609045384e+00, 7.7635106400871201e-01, 7.3423301680970865e-01, 1.6847981030603840e+00, 2.1495304000997684e-01, 1.6303904007626675e+00, 1.0126673825350367e+00, 4.1957233725860754e-01, 1.0099613264584271e+00},
        {9.0285686470474735e-01, 8.5425004454978504e-01, 1.1968170648735086e+00, 1.0775930089336545e+00, 1.7781675557566965e+00, 5.8915488109448644e-01, 5.7238137813671597e-01, 4.1957233725860754e-01, 1.0729559852390216e+00, 8.8077580558779212e-01},
        {3.0082039579221687e-01, 1.4872028948971199e+00, 8.1456040091319326e-01, 3.8337315469121480e-01, 1.1793708563345535e+00, 1.0046937387864443e+00, 8.6309633314067025e-01, 1.0099613264584271e+00, 8.8077580558779212e-01, 1.4407011037032253e+00}
    }}},
    {{{
        {6.4178257732187594e-01, 4.6846927559190166e-01, 7.5257024870122069e-01, 1.2634463230126467e+00, 1.1256992388056339e+00, 8.2065563926931551e-01, 1.4218132988657293e+00, 1.0902968706369598e+00, 7.6780284408421351e-01, 1.5395093165076226e+00},
        {4.6846927559190166e-01, 1.5072505014261006e-01, 9.3743220639363289e-01, 4.5792822270438416e-01, 5.2022671730330794e-01, 1.0523475280942027e+00, 1.5398843920155780e+00, 1.1134192577741739e+00, 1.3103920647821434e+00, 7.8349148395087231e-01},
        {7.5257024870122069e-01, 9.3743220639363289e-01, 1.9527336035386509e+00, 9.8510379176175655e-01, 1.2419134630492026e+00, 6.4394610929282237e-01, 1.0109968522552062e+00, 1.8673320655948071e+00, 9.9639934462315949e-01, 7.0992695220631064e-01},
        {1.2634463230126467e+00, 4.5792822270438416e-01, 9.8510379176175655e-01, 2.4134119416181687e-01, 4.6800777160987639e-01, 1.2482967679231751e+00, 1.1122140436106212e+00, 7.1698648325079894e-01, 7.3548401778064099e-01, 7.5815950777676766e-01},
        {1.1256992388056339e+00, 5.2022671730330794e-01, 1.2419134630492026e+00, 4.6800777160987639e-01, 1.3352593323816560e+00, 1.0076221288644480e+00, 1.1784846330802980e+00, 5.6862651809409337e-01, 1.3930914345225465e+00, 1.5269509901264289e-01},
        {8.2065563926931551e-01, 1.0523475280942027e+00, 6.4394610929282237e-01, 1.2482967679231751e+00, 1.0076221288644480e+00, 1.3469639996387002e+00, 1.3711956614515803e+00, 4.0069232626765972e-01, 1.3243205505595936e+00, 6.2886811890084104e-01},
        {1.4218132988657293e+00, 1.5398843920155780e+00, 1.0109968522552062e+00, 1.1122140436106212e+00, 1.1784846330802980e+00, 1.3711956614515803e+00, 1.9396207970263672e+00, 1.0997432831990950e+00, 1.2730621783426199e+00, 6.1208753832875107e-01},
        {1.0902968706369598e+00, 1.1134192577741739e+00, 1.8673320655948071e+00, 7.1698648325079894e-01, 5.6862651809409337e-01, 4.0069232626765972e-01, 1.0997432831990950e+00, 1.7747701407702869e+00, 1.5933867716112817e+00, 7.2689735709995984e-01},
        {7.6780284408421351e-01, 1.3103920647821434e+00, 9.9639934462315949e-01, 7.3548401778064099e-01, 1.3930914345225465e+00, 1.3243205505595936e+00, 1.2730621783426199e+00, 1.5933867716112817e+00, 1.5824284120364889e+00, 7.0822388040241435e-01},
        {1.5395093165076226e+00, 7.8349148395087231e-01, 7.0992695220631064e-01, 7.5815950777676766e-01, 1.5269509901264289e-01, 6.2886811890084104e-01, 6.1208753832875107e-01, 7.2689735709995984e-01, 7.0822388040241435e-01, 1.5185228987705295e+00}
    }}},
    {{{
        {1.8220767627820749e+00, 2.2635974677884174e-01, 1.0279211145771461e+00, 8.8142865443065588e-01, 1.6194139525200688e+00, 6.2362483826590054e-01, 7.9801781042970110e-01, 1.2391625135642803e+00, 6.6369224622692669e-01, 1.4773017868763501e+00},
        {2.2635974677884174e-01, 7.8746820461059075e-02, 8.9981763549921245e-01, 1.8939563755358972e+00, 1.2265510480654629e+00, 1.1384318267799944e+00, 4.6589708586567602e-01, 1.5619791730165613e+00, 3.6301028611289965e-01, 9.2981644040789657e-01},
        {1.0279211145771461e+00, 8.9981763549921245e-01, 3.7374859105814684e-01, 4.2403169255482775e-01, 1.5584568376773125e+00, 1.4891295466535435e+00, 6.0599559238535983e-01, 2.5622836223278644e-01, 7.2455802831346161e-01, 1.6847998266291846e+00},
        {8.8142865443065588e-01, 1.8939563755358972e+00, 4.2403169255482775e-01, 1.7612029724922569e+00, 9.6336758385146659e-01, 1.3431427082554548e+00, 1.2596016142755790e+00, 1.2361771261284522e+00, 3.5776685385717111e-01, 8.8324386579567915e-01},
        {1.6194139525200688e+00, 1.2265510480654629e+00, 1.5584568376773125e+00, 9.6336758385146659e-01, 1.5161870401282587e+00, 2.3375439713810209e-01, 6.0368217002684854e-01, 9.5733059712496904e-01, 1.0836359210458171e+00, 1.5153639507648957e+00},
        {6.2362483826590054e-01, 1.1384318267799944e+00, 1.4891295466535435e+00, 1.3431427082554548e+00, 2.3375439713810209e-01, 8.4713012440669533e-01, 1.1253397781809844e+00, 1.4523575916476843e+00, 1.4270877877884574e+00, 1.1012266690691954e+00},
        {7.9801781042970110e-01, 4.6589708586567602e-01, 6.0599559238535983e-01, 1.2596016142755790e+00, 6.0368217002684854e-01, 1.1253397781809844e+00, 1.2396303660813246e+00, 1.8411325584488893e+00, 1.1599901942668593e+00, 4.1341743170882794e-01},
        {1.2391625135642803e+00, 1.5619791730165613e+00, 2.5622836223278644e-01, 1.2361771261284522e+00, 9.5733059712496904e-01, 1.4523575916476843e+00, 1.8411325584488893e+00, 1.9785679274036159e+00, 1.0238077708396909e+00, 1.7209099969709576e+00},
        {6.6369224622692669e-01, 3.6301028611289965e-01, 7.2455802831346161e-01, 3.5776685385717111e-01, 1.0836359210458171e+00, 1.4270877877884574e+00, 1.1599901942668593e+00, 1.0238077708396909e+00, 1.5987378023580303e+00, 1.6318975019347013e+00},
        {1.4773017868763501e+00, 9.2981644040789657e-01, 1.6847998266291846e+00, 8.8324386579567915e-01, 1.5153639507648957e+00, 1.1012266690691954e+00, 4.1341743170882794e-01, 1.7209099969709576e+00, 1.6318975019347013e+00, 1.1898659670117506e+00}
    }}},
    {{{
        {8.5474802690184104e-01, 8.6576248950205015e-01, 1.0886375356149307e+00, 1.5969024989851162e+00, 8.8638606152641330e-01, 1.0258134610917731e+00, 1.0253903006093945e+00, 1.6020877467414834e+00, 1.3789904929032573e+00, 1.2795938477373723e+00},
        {8.6576248950205015e-01, 1.5583070230056026e+00, 8.0289883122057504e-01, 7.9669644040284138e-01, 1.5624681782951850e+00, 4.5073662994059627e-01, 5.9124943969379262e-01, 8.2203751060364394e-01, 6.7165251657284752e-01, 1.3551407348637610e+00},
        {1.0886375356149307e+00, 8.0289883122057504e-01, 1.9029712788601090e+00, 6.8721521886537285e-01, 3.0872815460256120e-01, 1.3665379537211511e+00, 1.2804057582637478e+00, 8.6663229686830678e-01, 1.4673878610372024e+00, 1.1123827067220344e+00},
        {1.5969024989851162e+00, 7.9669644040284138e-01, 6.8721521886537285e-01, 1.2465501561836290e+00, 1.6109329507763657e+00, 1.2905731934810947e+00, 1.1017679221771974e+00, 8.2195036888722228e-01, 1.1714239510997393e-01, 1.3915344887588543e+00},
        {8.8638606152641330e-01, 1.5624681782951850e+00, 3.0872815460256120e-01, 1.6109329507763657e+00, 1.5200315106929467e+00, 1.5506332005084587e+00, 1.5475308560722578e+00, 4.7530056614491678e-01, 1.4455650895003602e+00, 9.9260023037401257e-01},
        {1.0258134610917731e+00, 4.5073662994059627e-01, 1.3665379537211511e+00, 1.2905731934810947e+00, 1.5506332005084587e+00, 1.7640536668786244e+00, 8.7808562183180927e-01, 1.2644606989772904e+00, 1.0863980281372569e+00, 2.8692025285283851e-01},
        {1.0253903006093945e+00, 5.9124943969379262e-01, 1.2804057582637478e+00, 1.1017679221771974e+00, 1.5475308560722578e+00, 8.7808562183180927e-01, 1.8628567490280434e+00, 1.4907507864082739e+00, 1.2555493033379910e+00, 4.3062633329150812e-01},
        {1.6020877467414834e+00, 8.2203751060364394e-01, 8.6663229686830678e-01, 8.2195036888722228e-01, 4.7530056614491678e-01, 1.2644606989772904e+00, 1.4907507864082739e+00, 7.6835127202985398e-01, 1.4706884827686428e+00, 1.3667102494974022e+00},
        {1.3789904929032573e+00, 6.7165251657284752e-01, 1.4673878610372024e+00, 1.1714239510997393e-01, 1.4455650895003602e+00, 1.0863980281372569e+00, 1.2555493033379910e+00, 1.4706884827686428e+00, 1.8606176711749753e+00, 1.1439414170740014e+00},
        {1.2795938477373723e+00, 1.3551407348637610e+00, 1.1123827067220344e+00, 1.3915344887588543e+00, 9.9260023037401257e-01, 2.8692025285283851e-01, 4.3062633329150812e-01, 1.3667102494974022e+00, 1.1439414170740014e+00, 6.5366272527346858e-01}
    }}},
    {{{
        {1.1527812848681120e+00, 1.9065831230936898e+00, 7.7264472320111144e-01, 6.0244241935017206e-01, 1.1166284687276029e+00, 9.6056538790520729e-01, 1.5223028496825812e+00, 1.2995078587461637e+00, 8.2695528992935430e-01, 1.3449918949926274e+00},
        {1.9065831230936898e+00, 1.1670858042423362e+00, 1.1693248421798685e+00, 1.3357613815045331e+00, 1.4571622133114843e+00, 4.7948109621731916e-01, 1.3801737954397260e+00, 5.9868699452952123e-01, 1.3950727530181348e+00, 1.1727621924779084e+00},
        {7.7264472320111144e-01, 1.1693248421798685e+00, 4.7182256441406301e-01, 1.6062579307715916e+00, 9.5738204871005606e-01, 7.6758885831974744e-01, 8.6858512456798664e-01, 9.0414449304851563e-01, 2.8287378320868628e-01, 6.3867119275168682e-01},
        {6.0244241935017206e-01, 1.3357613815045331e+00, 1.6062579307715916e+00, 6.4576312061840668e-01, 8.0143843878548926e-01, 7.8420838251549796e-01, 7.9758530672829497e-01, 8.6115131384198873e-01, 8.4424898593852016e-01, 9.4057324024695987e-01},
        {1.1166284687276029e+00, 1.4571622133114843e+00, 9.5738204871005606e-01, 8.0143843878548926e-01, 1.5524075595443776e+00, 5.1116030074101049e-01, 1.1294395110252975e+00, 7.5952466655134676e-01, 1.0999796816038896e+00, 1.5673325652096746e+00},
        {9.6056538790520729e-01, 4.7948109621731916e-01, 7.6758885831974744e-01, 7.8420838251549796e-01, 5.1116030074101049e-01, 1.1829462306783705e+00, 7.5599078832780653e-01, 3.4298615336130411e-01, 7.4413218511449708e-01, 1.0100801556738888e+00},
        {1.5223028496825812e+00, 1.3801737954397260e+00, 8.6858512456798664e-01, 7.9758530672829497e-01, 1.1294395110252975e+00, 7.5599078832780653e-01, 1.6406963152587670e+00, 1.3279517049968335e+00, 6.8588297133925502e-01, 1.6495462733117330e+00},
        {1.2995078587461637e+00, 5.9868699452952123e-01, 9.0414449304851563e-01, 8.6115131384198873e-01, 7.5952466655134676e-01, 3.4298615336130411e-01, 1.3279517049968335e+00, 4.0130220330020472e-01, 3.2338118195336418e-01, 8.6164097551019947e-01},
        {8.2695528992935430e-01, 1.3950727530181348e+00, 2.8287378320868628e-01, 8.4424898593852016e-01, 1.0999796816038896e+00, 7.4413218511449708e-01, 6.8588297133925502e-01, 3.2338118195336418e-01, 1.8163139677530882e+00, 6.3915914740208279e-01},
        {1.3449918949926274e+00, 1.1727621924779084e+00, 6.3867119275168682e-01, 9.4057324024695987e-01, 1.5673325652096746e+00, 1.0100801556738888e+00, 1.6495462733117330e+00, 8.6164097551019947e-01, 6.3915914740208279e-01, 9.4915367286024677e-01}
    }}},
    {{{
        {5.8872149513102490e-01, 1.1644412070851120e+00, 1.9444080590062396e-01, 1.2945764136536981e+00, 8.0878676792346138e-01, 7.6846462255856984e-01, 7.1612147519345559e-01, 1.5371912839530750e+00, 3.8233875200944811e-01, 7.2195474201767207e-01},
        {1.1644412070851120e+00, 1.2518816205185090e-01, 1.3598544247303852e+00, 1.2967197279450571e+00, 1.1599958739247553e+00, 1.0859910315815826e+00, 9.4935860590530463e-01, 5.9471355368059331e-01, 9.8944274477060901e-01, 1.4969878220272035e+00},
        {1.9444080590062396e-01, 1.3598544247303852e+00, 1.1528750256780995e+00, 1.9718648389627558e-02, 1.4396566573093792e+00, 2.3357630668272389e-01, 2.6689538694611847e-01, 9.0681954324871838e-01, 1.4490231332859009e+00, 1.2742032107700609e+00},
        {1.2945764136536981e+00, 1.2967197279450571e+00, 1.9718648389627558e-02, 1.6932783077996465e+00, 7.8232162726226939e-01, 1.4006302829854294e+00, 8.8105344989380552e-01, 9.4068188601121550e-01, 3.2042499005754776e-01, 6.5506542727104233e-01},
        {8.0878676792346138e-01, 1.1599958739247553e+00, 1.4396566573093792e+00, 7.8232162726226939e-01, 7.0680270240518661e-01, 8.1005882084554393e-01, 4.6640513451963594e-01, 1.2372982799207108e+00, 9.8747727882010417e-01, 1.0438202820039089e+00},
        {7.6846462255856984e-01, 1.0859910315815826e+00, 2.3357630668272389e-01, 1.4006302829854294e+00, 8.1005882084554393e-01, 5.4562621714256943e-01, 1.1818003990618005e+00, 8.8119832025398648e-01, 9.5199472603353574e-01, 1.0099658412990487e+00},
        {7.1612147519345559e-01, 9.4935860590530463e-01, 2.6689538694611847e-01, 8.8105344989380552e-01, 4.6640513451963594e-01, 1.1818003990618005e+00, 1.5067932801403925e+00, 4.8763142780326363e-01, 5.1536454199062565e-01, 1.3879814550996561e+00},
        {1.5371912839530750e+00, 5.9471355368059331e-01, 9.0681954324871838e-01, 9.4068188601121550e-01, 1.2372982799207108e+00, 8.8119832025398648e-01, 4.8763142780326363e-01, 1.2777450213222914e+00, 6.1231591152435338e-01, 1.6918984916726667e+00},
        {3.8233875200944811e-01, 9.8944274477060901e-01, 1.4490231332859009e+00, 3.2042499005754776e-01, 9.8747727882010417e-01, 9.5199472603353574e-01, 5.1536454199062565e-01, 6.1231591152435338e-01, 3.3222012811823265e-01, 1.2110511546720888e+00},
        {7.2195474201767207e-01, 1.4969878220272035e+00, 1.2742032107700609e+00, 6.5506542727104233e-01, 1.0438202820039089e+00, 1.0099658412990487e+00, 1.3879814550996561e+00, 1.6918984916726667e+00, 1.2110511546720888e+00, 7.5310568428299551e-01}
    }}},
    {{{
        {7.3915993483846543e-01, 1.1838721525115909e+00, 7.3873065199439514e-01, 1.1217833398244177e+00, 1.4052766066002418e+00, 9.6004670070071230e-01, 1.0456375479275888e+00, 7.7556685132676328e-01, 1.1047201134143378e+00, 1.0031264568222011e+00},
        {1.1838721525115909e+00, 1.0461503191756005e+00, 4.6565191898008729e-01, 6.2244423273376159e-01, 1.6907559279761637e+00, 1.3730588659408909e+00, 1.0938535091797836e+00, 1.7669542549428070e+00, 5.7307594098837811e-01, 1.6169203480313445e+00},
        {7.3873065199439514e-01, 4.6565191898008729e-01, 1.9473058472297600e+00, 1.1462259574475895e+00, 8.8574741460151007e-01, 9.8031013993499327e-01, 3.9039212293898706e-01, 1.7692198442130476e+00, 6.4158438408632412e-01, 1.2847810003272113e+00},
        {1.1217833398244177e+00, 6.2244423273376159e-01, 1.1462259574475895e+00, 3.3481410536306822e-01, 9.1716005994712724e-01, 9.8437341510476806e-01, 8.4378594286123687e-01, 5.7816791606806495e-01, 4.6203563374916412e-01, 1.4407704990387376e+00},
        {1.4052766066002418e+00, 1.6907559279761637e+00, 8.8574741460151007e-01, 9.1716005994712724e-01, 1.4448066118260394e+00, 1.4533708798226344e+00, 7.8589118865214802e-01, 1.4357460793436128e+00, 9.2301199007537627e-01, 7.3695172835592337e-01},
        {9.6004670070071230e-01, 1.3730588659408909e+00, 9.8031013993499327e-01, 9.8437341510476806e-01, 1.4533708798226344e+00, 1.5868251085881768e-01, 9.1471313488017303e-01, 1.2863300782535769e+00, 1.5640257838445311e+00, 1.0314938909852500e+00},
        {1.0456375479275888e+00, 1.0938535091797836e+00, 3.9039212293898706e-01, 8.4378594286123687e-01, 7.8589118865214802e-01, 9.1471313488017303e-01, 1.7925255910388147e+00, 1.3487598513737984e+00, 9.3555866942009014e-02, 1.5504029935236203e+00},
        {7.7556685132676328e-01, 1.7669542549428070e+00, 1.7692198442130476e+00, 5.7816791606806495e-01, 1.4357460793436128e+00, 1.2863300782535769e+00, 1.3487598513737984e+00, 1.0362883293841294e+00, 6.4421036798757725e-01, 1.4094222488112123e+00},
        {1.1047201134143378e+00, 5.7307594098837811e-01, 6.4158438408632412e-01, 4.6203563374916412e-01, 9.2301199007537627e-01, 1.5640257838445311e+00, 9.3555866942009014e-02, 6.4421036798757725e-01, 1.7148829604037963e+00, 2.8946726631951203e-01},
        {1.0031264568222011e+00, 1.6169203480313445e+00, 1.2847810003272113e+00, 1.4407704990387376e+00, 7.3695172835592337e-01, 1.0314938909852500e+00, 1.5504029935236203e+00, 1.4094222488112123e+00, 2.8946726631951203e-01, 6.8986667031492588e-01}
    }}},
    {{{
        {1.8271454085662064e+00, 1.3131670985483503e+00, 9.8420903997073794e-01, 9.9907301282711469e-01, 7.7058968576729914e-01, 1.2197497847691157e+00, 6.4403116236349600e-01, 1.0501897312686526e+00, 6.1996406718626995e-01, 3.0145961151805345e-01},
        {1.3131670985483503e+00, 9.2220254460004303e-01, 1.2164435607674025e+00, 6.1431020182902907e-01, 3.3979931986953882e-01, 4.0281563334913217e-01, 1.3341098227676984e+00, 7.1921464286578574e-01, 1.3087719205155541e+00, 4.7047614556721462e-01},
        {9.8420903997073794e-01, 1.2164435607674025e+00, 1.5671572879025037e+00, 7.0887371416678779e-02, 1.3136202075364252e+00, 1.4769344212942375e+00, 1.3578407898241949e+00, 1.1930956065874079e+00, 1.1901636717570243e+00, 9.9650824947967098e-01},
        {9.9907301282711469e-01, 6.1431020182902907e-01, 7.0887371416678779e-02, 1.7979832050118338e+00, 1.0909574680401157e+00, 1.2225799851218275e+00, 1.1093132786401878e+00, 6.2450634003641525e-01, 6.6431410696042814e-01, 1.0172098521234556e+00},
        {7.7058968576729914e-01, 3.3979931986953882e-01, 1.3136202075364252e+00, 1.0909574680401157e+00, 2.3932996349447677e-01, 9.6497687099362162e-01, 6.1120887870238316e-01, 7.6563087072337077e-01, 1.3250415585137134e+00, 3.5377523985624015e-01},
        {1.2197497847691157e+00, 4.0281563334913217e-01, 1.4769344212942375e+00, 1.2225799851218275e+00, 9.6497687099362162e-01, 1.6770967342618426e+00, 3.6628701081114678e-01, 7.3387503265557097e-02, 1.1841860327096525e+00, 9.0776133594762487e-01},
        {6.4403116236349600e-01, 1.3341098227676984e+00, 1.3578407898241949e+00, 1.1093132786401878e+00, 6.1120887870238316e-01, 3.6628701081114678e-01, 7.8190583078030396e-01, 8.0112576031516802e-01, 1.1533058687447002e+00, 7.5243283174021069e-01},
        {1.0501897312686526e+00, 7.1921464286578574e-01, 1.1930956065874079e+00, 6.2450634003641525e-01, 7.6563087072337077e-01, 7.3387503265557097e-02, 8.0112576031516802e-01, 3.3854152522211178e-01, 8.0637053931877112e-01, 1.5696862627755348e+00},
        {6.1996406718626995e-01, 1.3087719205155541e+00, 1.1901636717570243e+00, 6.6431410696042814e-01, 1.3250415585137134e+00, 1.1841860327096525e+00, 1.1533058687447002e+00, 8.0637053931877112e-01, 3.5437140688997570e-01, 8.6469995875763006e-01},
        {3.0145961151805345e-01, 4.7047614556721462e-01, 9.9650824947967098e-01, 1.0172098521234556e+00, 3.5377523985624015e-01, 9.0776133594762487e-01, 7.5243283174021069e-01, 1.5696862627755348e+00, 8.6469995875763006e-01, 7.3187569196579894e-01}
    }}},
    {{{
        {9.2966832787650944e-01, 1.0107402962394962e+00, 9.0491451520776189e-01, 2.1552185388200962e-01, 7.3167096957570432e-01, 1.5640719017589628e+00, 1.4246671403561271e+00, 1.8946603588439777e+00, 2.8831103273293257e-01, 6.7488897580332974e-01},
        {1.0107402962394962e+00, 9.6944654086555282e-02, 4.6484520758867964e-01, 9.4278968023453402e-01, 8.4222503987992081e-01, 9.2635309877806704e-01, 1.1441117638295135e+00, 1.6172024086081125e+00, 1.0496053449640681e+00, 1.0540284118700907e+00},
        {9.0491451520776189e-01, 4.6484520758867964e-01, 6.6995184322384604e-02, 9.7063119292138877e-01, 1.9309635384235302e-01, 1.4337518055275797e+00, 1.4344459293236067e+00, 6.1385591739583001e-01, 9.2117873380939852e-01, 1.7293619193728227e-01},
        {2.1552185388200962e-01, 9.4278968023453402e-01, 9.7063119292138877e-01, 1.3886897742752735e+00, 1.5515051795843280e+00, 1.7452734050865186e+00, 1.0518119586636907e+00, 6.5735671083655756e-01, 1.6429777742449219e+00, 4.6637769173427912e-01},
        {7.3167096957570432e-01, 8.4222503987992081e-01, 1.9309635384235302e-01, 1.5515051795843280e+00, 5.2839638002045142e-01, 3.8471898379135383e-01, 7.9037058672565708e-01, 6.0171209007605597e-01, 1.0401866001789015e+00, 1.3827504593842912e+00},
        {1.5640719017589628e+00, 9.2635309877806704e-01, 1.4337518055275797e+00, 1.7452734050865186e+00, 3.8471898379135383e-01, 3.6462862970577437e-01, 1.3516478425547813e+00, 9.0671147927214846e-01, 1.8247209480822257e-01, 1.3632354969187728e+00},
        {1.4246671403561271e+00, 1.1441117638295135e+00, 1.4344459293236067e+00, 1.0518119586636907e+00, 7.9037058672565708e-01, 1.3516478425547813e+00, 5.1676547878920309e-01, 8.4671743194840443e-01, 1.4184226737325552e+00, 8.3120716914305448e-01},
        {1.8946603588439777e+00, 1.6172024086081125e+00, 6.1385591739583001e-01, 6.5735671083655756e-01, 6.0171209007605597e-01, 9.0671147927214846e-01, 8.4671743194840443e-01, 6.9251870237345958e-01, 9.3096414510129422e-01, 1.1552454210628058e+00},
        {2.8831103273293257e-01, 1.0496053449640681e+00, 9.2117873380939852e-01, 1.6429777742449219e+00, 1.0401866001789015e+00, 1.8247209480822257e-01, 1.4184226737325552e+00, 9.3096414510129422e-01, 1.8799141347500048e+00, 5.8608930627419020e-01},
        {6.7488897580332974e-01, 1.0540284118700907e+00, 1.7293619193728227e-01, 4.6637769173427912e-01, 1.3827504593842912e+00, 1.3632354969187728e+00, 8.3120716914305448e-01, 1.1552454210628058e+00, 5.8608930627419020e-01, 1.2913125603008102e-01}
    }}},
    {{{
        {1.6884539710095696e+00, 5.4051871812016039e-01, 1.3674326929813085e-01, 6.5880235883190719e-01, 1.6896876627345656e+00, 6.6749919515235956e-01, 6.8358830700928708e-01, 3.4594932259213662e-01, 1.1965372987213376e+00, 1.1317494414597089e+00},
        {5.4051871812016039e-01, 1.4967600257891687e+00, 1.5424521933485660e+00, 6.7997699995932059e-01, 7.8040640662945915e-01, 8.3712286373884848e-01, 9.1704098548279067e-01, 3.8500616974606583e-01, 6.9742018717936327e-01, 1.3972927655371603e+00},
        {1.3674326929813085e-01, 1.5424521933485660e+00, 1.7849419947219269e+00, 9.8421280475975792e-01, 8.3277910773838637e-01, 9.6260224897135138e-01, 1.2139434020964461e+00, 1.6284842848884411e+00, 1.1759569751055325e+00, 1.3295963301476164e+00},
        {6.5880235883190719e-01, 6.7997699995932059e-01, 9.8421280475975792e-01, 1.4997534040442972e+00, 1.4863617626423973e+00, 1.5600272050175494e+00, 1.3336402599625912e+00, 8.0447683295408945e-01, 1.1399540823820187e-01, 8.1798918179069513e-01},
        {1.6896876627345656e+00, 7.8040640662945915e-01, 8.3277910773838637e-01, 1.4863617626423973e+00, 8.2285829267637967e-01, 1.2603775115412594e+00, 1.0433921755457924e+00, 1.2594346014408149e+00, 1.5014380307549540e+00, 2.8702784452289620e-01},
        {6.6749919515235956e-01, 8.3712286373884848e-01, 9.6260224897135138e-01, 1.5600272050175494e+00, 1.2603775115412594e+00, 1.7255535437186786e-01, 6.9522198430844295e-01, 1.8892074649806272e+00, 2.3640520629309969e-01, 1.4646533144496963e+00},
        {6.8358830700928708e-01, 9.1704098548279067e-01, 1.2139434020964461e+00, 1.3336402599625912e+00, 1.0433921755457924e+00, 6.9522198430844295e-01, 1.3973617374523886e+00, 1.2930997732679539e+00, 8.2197830604718047e-01, 5.7252664218149196e-01},
        {3.4594932259213662e-01, 3.8500616974606583e-01, 1.6284842848884411e+00, 8.0447683295408945e-01, 1.2594346014408149e+00, 1.8892074649806272e+00, 1.2930997732679539e+00, 1.8674679519734301e+00, 1.5120246459884634e+00, 9.2018631765055492e-01},
        {1.1965372987213376e+00, 6.9742018717936327e-01, 1.1759569751055325e+00, 1.1399540823820187e-01, 1.5014380307549540e+00, 2.3640520629309969e-01, 8.2197830604718047e-01, 1.5120246459884634e+00, 3.6242299590096105e-01, 1.6197034613398564e+00},
        {1.1317494414597089e+00, 1.3972927655371603e+00, 1.3295963301476164e+00, 8.1798918179069513e-01, 2.8702784452289620e-01, 1.4646533144496963e+00, 5.7252664218149196e-01, 9.2018631765055492e-01, 1.6197034613398564e+00, 2.4353944340665268e-01}
    }}},
    {{{
        {1.3627540100694600e+00, 9.1932402202120578e-01, 8.0000768025762203e-01, 3.7305264000492611e-01, 5.7230648591444544e-01, 1.6120125750555550e+00, 6.0883132409009366e-01, 8.1618388564555688e-01, 1.0322849781993175e+00, 6.2049939628310613e-01},
        {9.1932402202120578e-01, 5.8502819288194963e-01, 1.6209138238873706e+00, 1.6331942512748931e-01, 9.2751846331325705e-01, 1.3763108579448144e+00, 1.1891604968306906e+00, 6.9132204590896351e-01, 6.6137481810907184e-01, 1.8047071153976972e+00},
        {8.0000768025762203e-01, 1.6209138238873706e+00, 9.4380142379448095e-01, 1.1646302695307580e+00, 1.1746062010387210e+00, 8.1058389277105958e-01, 8.0206714285315139e-01, 5.7606268215294898e-01, 8.9536258679271463e-01, 8.9673511123197402e-01},
        {3.7305264000492611e-01, 1.6331942512748931e-01, 1.1646302695307580e+00, 1.5101331716943771e+00, 8.1908999559527262e-01, 8.7486079287004159e-01, 2.8330227281826759e-01, 9.3609579443729785e-01, 8.2915661674285213e-01, 8.2966784908060365e-01},
        {5.7230648591444544e-01, 9.2751846331325705e-01, 1.1746062010387210e+00, 8.1908999559527262e-01, 1.3463753463586186e+00, 8.3423940477915626e-01, 3.1132700531025415e-01, 1.1107396604433704e+00, 1.4637714093471192e+00, 1.4810056667443798e+00},
        {1.6120125750555550e+00, 1.3763108579448144e+00, 8.1058389277105958e-01, 8.7486079287004159e-01, 8.3423940477915626e-01, 5.5379625429826884e-01, 1.3189352255140658e+00, 1.4354803569684385e+00, 1.0807520272590283e+00, 1.0693441387396712e+00},
        {6.0883132409009366e-01, 1.1891604968306906e+00, 8.0206714285315139e-01, 2.8330227281826759e-01, 3.1132700531025415e-01, 1.3189352255140658e+00, 5.6525966352378298e-01, 1.2419811970271781e+00, 7.2811009102614088e-01, 1.1097827038173396e+00},
        {8.1618388564555688e-01, 6.9132204590896351e-01, 5.7606268215294898e-01, 9.3609579443729785e-01, 1.1107396604433704e+00, 1.4354803569684385e+00, 1.2419811970271781e+00, 6.4150122702467427e-01, 8.4455337524796148e-01, 1.0719111371964738e+00},
        {1.0322849781993175e+00, 6.6137481810907184e-01, 8.9536258679271463e-01, 8.2915661674285213e-01, 1.4637714093471192e+00, 1.0807520272590283e+00, 7.2811009102614088e-01, 8.4455337524796148e-01, 9.7376288320800719e-01, 3.3026260219935877e-01},
        {6.2049939628310613e-01, 1.8047071153976972e+00, 8.9673511123197402e-01, 8.2966784908060365e-01, 1.4810056667443798e+00, 1.0693441387396712e+00, 1.1097827038173396e+00, 1.0719111371964738e+00, 3.3026260219935877e-01, 1.8784790067196340e+00}
    }}},
    {{{
        {1.1513141160499774e+00, 3.4278758716988922e-01, 2.6841889755634030e-01, 7.4283607193294277e-01, 8.2001372257122362e-01, 1.2551657730568713e+00, 1.5193613357780107e+00, 6.8433466127071940e-01, 6.7694671097448078e-01, 1.0295207010164469e+00},
        {3.4278758716988922e-01, 3.9275221033380436e-01, 6.7619963296998298e-01, 1.0716921471315328e+00, 1.3630014349580557e+00, 4.9532574972402565e-01, 1.0897637740547585e+00, 1.5502274715557753e+00, 8.3304927748498325e-01, 6.0708616826616602e-01},
        {2.6841889755634030e-01, 6.7619963296998298e-01, 1.8758024744320370e+00, 6.5460633110561284e-01, 1.3345208014850960e+00, 1.0480455064870005e+00, 4.5628486346904806e-01, 9.2205710567588983e-01, 1.3137287711892265e+00, 6.5554521191051518e-01},
        {7.4283607193294277e-01, 1.0716921471315328e+00, 6.5460633110561284e-01, 3.5252341384124142e-02, 1.1834939852269919e+00, 1.2136049885507729e+00, 9.1389599944052136e-01, 1.6345603343677659e+00, 1.5258619405164053e-01, 1.0346415880693403e+00},
        {8.2001372257122362e-01, 1.3630014349580557e+00, 1.3345208014850960e+00, 1.1834939852269919e+00, 5.4445441345477796e-01, 1.6137648285269717e+00, 3.2209982110392366e-01, 8.9328617201053728e-01, 9.2667191397529347e-01, 9.8351482219076525e-01},
        {1.2551657730568713e+00, 4.9532574972402565e-01, 1.0480455064870005e+00, 1.2136049885507729e+00, 1.6137648285269717e+00, 1.1408197847655772e+00, 6.0484096628185313e-01, 1.5000981263587625e+00, 1.0299563033405212e+00, 1.4586166680252748e+00},
        {1.5193613357780107e+00, 1.0897637740547585e+00, 4.5628486346904806e-01, 9.1389599944052136e-01, 3.2209982110392366e-01, 6.0484096628185313e-01, 1.7764324752570693e+00, 1.1503597002387815e+00, 5.1837335603055801e-01, 3.5869537562865950e-01},
        {6.8433466127071940e-01, 1.5502274715557753e+00, 9.2205710567588983e-01, 1.6345603343677659e+00, 8.9328617201053728e-01, 1.5000981263587625e+00, 1.1503597002387815e+00, 4.7657765469466629e-01, 1.4102071021061180e+00, 7.3732877238758465e-01},
