#ifndef GENERATED_CASES_HPP
#define GENERATED_CASES_HPP

#include "../consteig.hpp"

namespace consteig {

// Symmetric Matrix Test Cases
static constexpr Matrix<double, 5, 5> mat_sym[10] = {
    {{{
        {8.1048893377715392e-01, 1.5361032830978039e-01, 1.1891089322656498e+00, 3.4725833707241649e-01, 1.2789190758202762e+00},
        {1.5361032830978039e-01, 1.2388066692926913e+00, 8.5108816647708418e-01, 1.4554262510494138e+00, 1.1612545991486263e+00},
        {1.1891089322656498e+00, 8.5108816647708418e-01, 2.7709903152953519e-01, 1.3567651554956353e+00, 8.5221887756916992e-01},
        {3.4725833707241649e-01, 1.4554262510494138e+00, 1.3567651554956353e+00, 1.8547042522057440e+00, 1.2122187915331639e+00},
        {1.2789190758202762e+00, 1.1612545991486263e+00, 8.5221887756916992e-01, 1.2122187915331639e+00, 1.2385627892419175e+00}
    }}},
    {{{
        {1.9582573837351578e+00, 9.7812057928186369e-01, 2.2438596145674294e-01, 9.2508689600248151e-01, 1.5829745430616904e+00},
        {9.7812057928186369e-01, 9.9457062861206769e-01, 6.2673470411930021e-01, 2.2680727781689980e-01, 1.1500113985518396e+00},
        {2.2438596145674294e-01, 6.2673470411930021e-01, 1.3418292790215771e+00, 7.8070699069839955e-01, 4.1766591660237795e-01},
        {9.2508689600248151e-01, 2.2680727781689980e-01, 7.8070699069839955e-01, 6.2702770122217899e-01, 7.2480067845109331e-01},
        {1.5829745430616904e+00, 1.1500113985518396e+00, 4.1766591660237795e-01, 7.2480067845109331e-01, 1.2789724897692958e+00}
    }}},
    {{{
        {8.6414513492576894e-01, 1.4092699253714520e+00, 4.5386591012013333e-01, 1.0202121961052353e+00, 1.8689106082526463e-01},
        {1.4092699253714520e+00, 4.9606505063210182e-01, 9.6925551508106023e-01, 1.4597021069544176e+00, 8.7173139106903552e-01},
        {4.5386591012013333e-01, 9.6925551508106023e-01, 6.8584297113228465e-01, 1.1046271244703376e+00, 7.5982078953640675e-01},
        {1.0202121961052353e+00, 1.4597021069544176e+00, 1.1046271244703376e+00, 8.5145521022380444e-01, 1.0025708325816005e+00},
        {1.8689106082526463e-01, 8.7173139106903552e-01, 7.5982078953640675e-01, 1.0025708325816005e+00, 9.9938950373321012e-01}
    }}},
    {{{
        {8.9190744886359630e-01, 2.8130814470637200e-01, 1.2602204380940500e+00, 1.5633007589807268e+00, 1.3156014124600190e+00},
        {2.8130814470637200e-01, 1.6845037265664411e+00, 6.7577662092412205e-01, 1.0339298637893717e+00, 4.5014154080041957e-01},
        {1.2602204380940500e+00, 6.7577662092412205e-01, 6.1761617551564507e-01, 4.1812281993155065e-01, 3.5721708828876042e-01},
        {1.5633007589807268e+00, 1.0339298637893717e+00, 4.1812281993155065e-01, 1.6669685236196332e+00, 7.0264327147742967e-01},
        {1.3156014124600190e+00, 4.5014154080041957e-01, 3.5721708828876042e-01, 7.0264327147742967e-01, 4.2004360451995093e-01}
    }}},
    {{{
        {1.7598772460383567e+00, 1.4209421738381502e+00, 4.9663501916495800e-01, 7.8908353587721913e-01, 1.0506147367399816e+00},
        {1.4209421738381502e+00, 1.7384361468105731e+00, 8.8748413548557170e-01, 1.4751826993643526e+00, 1.1155495557515187e+00},
        {4.9663501916495800e-01, 8.8748413548557170e-01, 7.9777659867770701e-01, 1.9397281130689881e-01, 1.4692480890809967e+00},
        {7.8908353587721913e-01, 1.4751826993643526e+00, 1.9397281130689881e-01, 1.0208127287400548e+00, 6.9646833650742102e-01},
        {1.0506147367399816e+00, 1.1155495557515187e+00, 1.4692480890809967e+00, 6.9646833650742102e-01, 6.0613670094536998e-02}
    }}},
    {{{
        {1.4412952878838865e+00, 1.5274024184691171e+00, 1.0520783379102825e+00, 1.7152485840121265e+00, 1.4738217857629121e+00},
        {1.5274024184691171e+00, 1.4668029758128029e+00, 9.1584749243253283e-01, 1.2458288569020690e+00, 3.6382143350388485e-01},
        {1.0520783379102825e+00, 9.1584749243253283e-01, 1.8795448199047771e+00, 8.9767985593044886e-01, 1.4421590097376833e+00},
        {1.7152485840121265e+00, 1.2458288569020690e+00, 8.9767985593044886e-01, 1.0702430666635416e+00, 9.4286744409332301e-01},
        {1.4738217857629121e+00, 3.6382143350388485e-01, 1.4421590097376833e+00, 9.4286744409332301e-01, 1.0028858325267687e+00}
    }}},
    {{{
        {5.1042635040310924e-01, 1.3216426590455526e+00, 1.1618547963822397e+00, 1.5044316300185872e+00, 1.2790415745337320e+00},
        {1.3216426590455526e+00, 1.4092893977316701e+00, 1.0679709503052917e+00, 1.0356602742405383e+00, 9.7034003993715201e-01},
        {1.1618547963822397e+00, 1.0679709503052917e+00, 1.2457946025705580e-01, 9.4908760055642327e-01, 3.2873874335816622e-01},
        {1.5044316300185872e+00, 1.0356602742405383e+00, 9.4908760055642327e-01, 8.4186604621212680e-01, 1.1386854424491903e+00},
        {1.2790415745337320e+00, 9.7034003993715201e-01, 3.2873874335816622e-01, 1.1386854424491903e+00, 7.1417027661387844e-01}
    }}},
    {{{
        {2.6297922786624373e-01, 1.4463793095038633e+00, 8.9323204061603068e-01, 7.7395259953751516e-01, 7.0352222178839852e-01},
        {1.4463793095038633e+00, 8.6601186073877767e-01, 8.1232273434629287e-01, 1.2595970732289401e+00, 1.8040431595150628e+00},
        {8.9323204061603068e-01, 8.1232273434629287e-01, 1.6982132526689533e+00, 7.3430099153900896e-01, 1.6837789924598447e+00},
        {7.7395259953751516e-01, 1.2595970732289401e+00, 7.3430099153900896e-01, 1.5636808001451887e+00, 3.8728113239241180e-01},
        {7.0352222178839852e-01, 1.8040431595150628e+00, 1.6837789924598447e+00, 3.8728113239241180e-01, 1.7351718088916803e+00}
    }}},
    {{{
        {2.2812078566962368e-01, 1.3703293893856734e+00, 1.0468400559385109e+00, 1.6194446544480590e+00, 1.3777130717276029e+00},
        {1.3703293893856734e+00, 2.3528271475387541e-01, 5.5176093880925736e-01, 5.7058540979033801e-01, 5.0509313643066067e-01},
        {1.0468400559385109e+00, 5.5176093880925736e-01, 1.8911720259787119e+00, 1.4753570992578033e+00, 8.4033842779896206e-01},
        {1.6194446544480590e+00, 5.7058540979033801e-01, 1.4753570992578033e+00, 2.1424566647339383e-02, 1.4321568259192654e+00},
        {1.3777130717276029e+00, 5.0509313643066067e-01, 8.4033842779896206e-01, 1.4321568259192654e+00, 1.5812684404178827e+00}
    }}},
    {{{
        {6.7694260211410273e-01, 1.3215623040774258e+00, 8.3090558598373088e-01, 8.3618202687589438e-01, 2.8248635041383485e-01},
        {1.3215623040774258e+00, 1.4042425900565425e+00, 1.4466901545902338e+00, 6.5246369858255870e-01, 1.2431395823339586e+00},
        {8.3090558598373088e-01, 1.4466901545902338e+00, 2.9656863297534830e-01, 8.9979977788657339e-01, 1.4149627364210271e+00},
        {8.3618202687589438e-01, 6.5246369858255870e-01, 8.9979977788657339e-01, 1.5757770271128095e+00, 1.5420604360727681e+00},
        {2.8248635041383485e-01, 1.2431395823339586e+00, 1.4149627364210271e+00, 1.5420604360727681e+00, 1.0593903973576162e+00}
    }}}
};

static constexpr Matrix<Complex<double>, 5, 1> eigs_sym[10] = {
    {{{
        { { {-1.1016781934010109e+00, 0.0000000000000000e+00} } },
        { { {-2.5224445478483432e-01, 0.0000000000000000e+00} } },
        { { {2.5244494033649212e-01, 0.0000000000000000e+00} } },
        { { {1.3264568644691530e+00, 0.0000000000000000e+00} } },
        { { {5.1946825194272428e+00, 0.0000000000000000e+00} } }
    }}},
    {{{
        { { {-3.4411141756524005e-01, 0.0000000000000000e+00} } },
        { { {-1.0014381612899569e-01, 0.0000000000000000e+00} } },
        { { {6.4238456658237042e-01, 0.0000000000000000e+00} } },
        { { {1.4222557778106040e+00, 0.0000000000000000e+00} } },
        { { {4.5802723716615379e+00, 0.0000000000000000e+00} } }
    }}},
    {{{
        { { {-1.0031301133329322e+00, 0.0000000000000000e+00} } },
        { { {-5.5779545553439402e-01, 0.0000000000000000e+00} } },
        { { {7.0068401400972310e-03, 0.0000000000000000e+00} } },
        { { {8.7947220075626442e-01, 0.0000000000000000e+00} } },
        { { {4.5713443986181348e+00, 0.0000000000000000e+00} } }
    }}},
    {{{
        { { {-1.1927655259310550e+00, 0.0000000000000000e+00} } },
        { { {2.3534907374768911e-02, 0.0000000000000000e+00} } },
        { { {6.2889220761711939e-01, 0.0000000000000000e+00} } },
        { { {1.3391185953434761e+00, 0.0000000000000000e+00} } },
        { { {4.4822592946809587e+00, 0.0000000000000000e+00} } }
    }}},
    {{{
        { { {-1.2367903540303304e+00, 0.0000000000000000e+00} } },
        { { {-2.5750580360062236e-01, 0.0000000000000000e+00} } },
        { { {6.7367648928448176e-01, 0.0000000000000000e+00} } },
        { { {1.0610726216023776e+00, 0.0000000000000000e+00} } },
        { { {5.1370634371053221e+00, 0.0000000000000000e+00} } }
    }}},
    {{{
        { { {-7.6506762115894189e-01, 0.0000000000000000e+00} } },
        { { {-3.0240490683423810e-01, 0.0000000000000000e+00} } },
        { { {5.1687200243903730e-01, 0.0000000000000000e+00} } },
        { { {1.3383614431984094e+00, 0.0000000000000000e+00} } },
        { { {6.0730110651475107e+00, 0.0000000000000000e+00} } }
    }}},
    {{{
        { { {-1.1289964539098103e+00, 0.0000000000000000e+00} } },
        { { {-7.1857408044489002e-01, 0.0000000000000000e+00} } },
        { { {-3.4608812632053565e-02, 0.0000000000000000e+00} } },
        { { {3.3585396919996141e-01, 0.0000000000000000e+00} } },
        { { {5.1466569090046335e+00, 0.0000000000000000e+00} } }
    }}},
    {{{
        { { {-1.2893696045105802e+00, 0.0000000000000000e+00} } },
        { { {-1.4585434010751422e-01, 0.0000000000000000e+00} } },
        { { {5.3408537817666379e-01, 0.0000000000000000e+00} } },
        { { {1.4499194640977420e+00, 0.0000000000000000e+00} } },
        { { {5.5772760526545326e+00, 0.0000000000000000e+00} } }
    }}},
    {{{
        { { {-1.7253953366670478e+00, 0.0000000000000000e+00} } },
        { { {-9.1873387291910502e-01, 0.0000000000000000e+00} } },
        { { {3.5453973542047940e-01, 0.0000000000000000e+00} } },
        { { {9.6087756934732771e-01, 0.0000000000000000e+00} } },
        { { {5.2859804382857796e+00, 0.0000000000000000e+00} } }
    }}},
    {{{
        { { {-1.0314432442215304e+00, 0.0000000000000000e+00} } },
        { { {-7.6427390980342180e-01, 0.0000000000000000e+00} } },
        { { {3.7662612429732750e-01, 0.0000000000000000e+00} } },
        { { {1.1438613113919929e+00, 0.0000000000000000e+00} } },
        { { {5.2881509679520500e+00, 0.0000000000000000e+00} } }
    }}}
};

// Non-Symmetric Matrix Test Cases
static constexpr Matrix<double, 5, 5> mat_nonsym[10] = {
    {{{
        {3.2535474064639291e-01, 6.1195857323212977e-02, 8.8576250053117367e-01, 6.3705774467547327e-02, 6.5050165484163303e-01},
        {7.4426634789074075e-02, 2.4482588913887460e-01, 8.1430690584841270e-01, 4.1356001137758325e-01, 1.9872138591936950e-01},
        {2.6850262776832112e-02, 8.4442689934216575e-01, 1.3621942418175281e-01, 5.2447287715442159e-02, 1.2207056280752060e-01},
        {2.7289857917431515e-01, 3.5730000779337867e-01, 1.2566125450036980e-01, 5.5473970624191815e-01, 6.8754338458494801e-01},
        {1.2470014819308473e-01, 3.1553013586889056e-01, 4.6012813577747558e-01, 2.4743689622183429e-02, 2.1213735934007805e-01}
    }}},
    {{{
        {6.6179844940154631e-01, 1.5544698094580633e-01, 9.1184360887428628e-01, 4.1448313310520046e-01, 7.6535191812001169e-01},
        {1.0892443648522654e-01, 8.0957815697055580e-01, 2.1780550311882418e-01, 7.8583383605800317e-01, 4.2940885104621429e-01},
        {2.7227609206672443e-02, 8.6329480577415452e-01, 8.0039800835675912e-01, 3.0341284528664403e-01, 4.1191191539637007e-01},
        {4.6178308622121311e-01, 2.5208689840652565e-01, 2.9176513756559164e-01, 9.2461074040403324e-01, 4.7139493388804465e-01},
        {2.3293538507422018e-01, 3.8701186005807686e-01, 2.5820738633782203e-01, 9.3143070207503276e-01, 5.8617936795757253e-01}
    }}},
    {{{
        {3.3907481913982285e-01, 6.5390724671535261e-01, 4.5727153470275061e-01, 8.7075162397784167e-01, 4.0677172127510375e-01},
        {1.2902094117277885e-01, 6.9312794475790973e-01, 9.6139080055716730e-01, 4.5760924955543048e-01, 7.3672049200208578e-01},
        {7.9147417107804896e-01, 4.2004025023792546e-01, 7.9756719803355525e-02, 7.8628536982023545e-02, 6.3204143185708328e-02},
        {9.6185071755039875e-02, 3.8226279998892010e-01, 5.0215736133645605e-02, 1.3304333261881951e-01, 2.8929466001119342e-02},
        {8.8215524947301727e-01, 5.5965841225836421e-01, 3.4457259177536070e-01, 9.6640176689864332e-01, 9.2508533300217943e-01}
    }}},
    {{{
        {9.9499246865799096e-01, 4.3074985529380949e-01, 3.2431328382038715e-01, 4.3287060217720197e-01, 8.2786727887058997e-01},
        {2.8829829144316776e-01, 7.6986027834762005e-01, 3.5598528119895756e-01, 5.1604190510850401e-01, 8.6384121802805414e-02},
        {8.6404301680307993e-01, 9.4181925537880629e-02, 1.2987882477971502e-01, 8.4895178267059168e-01, 3.2104021016172823e-02},
        {8.9807470942850276e-01, 4.7997852616306691e-01, 6.9954692722041756e-01, 6.9947718097478673e-01, 1.8077428222386882e-01},
        {6.6339250480891543e-01, 6.6426231034655236e-01, 9.3310841341196948e-01, 5.7412525380951274e-01, 3.2538631523068373e-01}
    }}},
    {{{
        {7.7799405825182633e-02, 5.4283822809023252e-01, 9.7875256452012116e-01, 6.1930360202508183e-01, 3.1723177383514956e-01},
        {6.7002609759575738e-01, 4.2298678330788098e-01, 7.4169829770621898e-01, 2.6709062353344459e-01, 1.5117798808474714e-01},
        {2.7794703269765442e-01, 6.9601633838946264e-01, 8.4075813730008375e-01, 1.8636647811762475e-01, 6.8008781510503002e-01},
        {5.6762000306538996e-01, 9.4897705246463571e-01, 9.2149796742933665e-01, 6.0191166886658831e-01, 1.4683873147025117e-01},
        {9.7168801598880805e-01, 3.0685209161858329e-01, 8.0971849899444415e-01, 4.3813960065314950e-01, 9.4471660056690565e-01}
    }}},
    {{{
        {1.1244443112786751e-01, 1.1352534464072428e-01, 3.5557644858199777e-01, 2.8796182532671133e-02, 5.0493877363048467e-01},
        {8.8576675516349401e-02, 1.8487764029486109e-01, 1.4353546388132132e-02, 1.6130140669165349e-01, 6.7385378277932229e-01},
        {6.5468855392270842e-01, 4.3775208533868926e-01, 1.1027694736181026e-01, 1.7938298255413443e-01, 8.6547083951314452e-01},
        {7.6076232921750508e-01, 3.0365523108777337e-01, 9.1331894851577533e-01, 8.3344723993783010e-02, 4.5723306056512136e-01},
        {4.7677282011987199e-01, 2.5695151976049913e-01, 7.4188467951766746e-01, 6.1458664495193938e-01, 7.9140201762412998e-01}
    }}},
    {{{
        {7.0641767920476828e-01, 2.4569547075829679e-01, 1.0315128203989798e-01, 5.6978243567618048e-03, 6.8080388917561485e-01},
        {5.0502879256514366e-01, 5.3439154724257909e-01, 6.7047146968908478e-01, 1.5287940470670747e-01, 9.7288668585337057e-01},
        {2.1747152842848683e-01, 4.5781369789497262e-01, 2.1219411293434098e-01, 1.4790403930139173e-01, 8.0207667801361582e-01},
        {9.1018177662242794e-01, 6.8909757504152325e-01, 7.9064945219502913e-01, 6.0639548184841352e-01, 2.9210854640433992e-01},
        {4.6473716986772062e-01, 7.4064655046335204e-01, 3.2812251791177094e-01, 3.9730709074941017e-01, 5.1270908766729650e-01}
    }}},
    {{{
        {4.8964455181966127e-01, 6.2037839713748089e-01, 4.6941811983521176e-01, 2.9101077913690498e-01, 9.4087939324418612e-02},
        {1.3046336513890233e-01, 1.2909346717763226e-03, 5.4018489039578854e-01, 1.1828031113494053e-01, 8.5924957677813130e-01},
        {1.5021297790247656e-01, 4.4269847527032991e-01, 9.8510460552885148e-01, 7.5355513722833889e-02, 4.4886949654448949e-01},
        {3.0972809135802859e-01, 4.7110598194749309e-01, 8.4971368040253503e-01, 9.0455284252290791e-01, 8.7149948506289066e-01},
        {4.3753636299814891e-01, 9.8722364596287082e-01, 1.5805396422502005e-01, 4.5680180468456022e-01, 2.0950875668708469e-01}
    }}},
    {{{
        {7.2133292827107565e-01, 5.1671987133428954e-01, 2.5200508297420632e-01, 7.7125633238551272e-01, 3.6460353589822492e-01},
        {5.2754197696798411e-01, 8.4709486627597674e-01, 4.7999260058541171e-01, 4.9242452282520333e-01, 7.2085724485829328e-01},
        {8.6535043329184047e-01, 3.4276680292122730e-01, 3.4596629332262285e-01, 2.9752570827318359e-01, 6.6615285452893502e-01},
        {9.4489567404545138e-01, 8.5691423308249826e-01, 4.6050170619181829e-01, 8.5976726765372535e-01, 4.4648869268964420e-01},
        {6.3568536843890733e-01, 8.4630004058967379e-01, 3.2998424980697316e-01, 4.8816923170137205e-01, 9.1900388094021379e-01}
    }}},
    {{{
        {4.6759782766373603e-01, 9.5292770630753698e-01, 7.2949996302370090e-01, 6.6352507226097057e-01, 3.1339883411083713e-01},
        {2.1520811806461726e-01, 6.7489002374488649e-01, 4.4248372618223653e-01, 9.2473935592172418e-01, 4.1340414758866195e-01},
        {5.9461203200044466e-01, 7.3109070885500282e-01, 2.7365816735389714e-01, 9.2120065751111346e-01, 8.4423040804033556e-01},
        {2.5133114085182151e-01, 8.0942466565697446e-01, 5.0882784358548716e-01, 4.4018010930733797e-01, 4.9047205254224790e-01},
        {2.3802636666348620e-01, 3.6493953666218693e-01, 2.5083007539139335e-01, 2.2461356770973595e-01, 3.2349441874876783e-01}
    }}}
};

static constexpr Matrix<Complex<double>, 5, 1> eigs_nonsym[10] = {
    {{{
        { { {1.5207947004366447e+00, 0.0000000000000000e+00} } },
        { { {3.3577480720175407e-01, 3.6592151863087874e-01} } },
        { { {3.3577480720175407e-01, -3.6592151863087874e-01} } },
        { { {-2.9794820254542411e-02, 0.0000000000000000e+00} } },
        { { {-6.8927237503659267e-01, 0.0000000000000000e+00} } }
    }}},
    {{{
        { { {2.4514190616451508e+00, 0.0000000000000000e+00} } },
        { { {5.5739662885319130e-01, 5.0244783725334108e-01} } },
        { { {5.5739662885319130e-01, -5.0244783725334108e-01} } },
        { { {1.0817620186946759e-01, 1.0337757374137067e-01} } },
        { { {1.0817620186946759e-01, -1.0337757374137067e-01} } }
    }}},
    {{{
        { { {2.3069981112452842e+00, 0.0000000000000000e+00} } },
        { { {-5.3061482251158731e-01, 0.0000000000000000e+00} } },
        { { {3.3263440067840690e-02, 4.3044472166057618e-01} } },
        { { {3.3263440067840690e-02, -4.3044472166057618e-01} } },
        { { {3.2717798045270796e-01, 0.0000000000000000e+00} } }
    }}},
    {{{
        { { {2.6609913557500180e+00, 0.0000000000000000e+00} } },
        { { {4.0429344770077180e-01, 0.0000000000000000e+00} } },
        { { {6.2502204176255099e-02, 3.9594796076207339e-01} } },
        { { {6.2502204176255099e-02, -3.9594796076207339e-01} } },
        { { {-2.7069414381250362e-01, 0.0000000000000000e+00} } }
    }}},
    {{{
        { { {2.7719131124320970e+00, 0.0000000000000000e+00} } },
        { { {-3.3406952911911780e-01, 2.7786034956724842e-01} } },
        { { {-3.3406952911911780e-01, -2.7786034956724842e-01} } },
        { { {3.9219927083638867e-01, 2.4140586370295214e-01} } },
        { { {3.9219927083638867e-01, -2.4140586370295214e-01} } }
    }}},
    {{{
        { { {2.1197764297514889e+00, 0.0000000000000000e+00} } },
        { { {-2.2762757468517875e-01, 4.5573236751664342e-01} } },
        { { {-2.2762757468517875e-01, -4.5573236751664342e-01} } },
        { { {-3.9006157669834374e-01, 0.0000000000000000e+00} } },
        { { {7.8860567196615064e-03, 0.0000000000000000e+00} } }
    }}},
    {{{
        { { {2.3593078075052256e+00, 0.0000000000000000e+00} } },
        { { {-1.8412725933170915e-01, 2.8232696462777512e-01} } },
        { { {-1.8412725933170915e-01, -2.8232696462777512e-01} } },
        { { {3.6453673454901819e-01, 0.0000000000000000e+00} } },
        { { {2.1651788550657333e-01, 0.0000000000000000e+00} } }
    }}},
    {{{
        { { {2.2055660547149123e+00, 0.0000000000000000e+00} } },
        { { {-7.9567080274455337e-01, 0.0000000000000000e+00} } },
        { { {2.9726182587869587e-01, 1.1650808535236273e-01} } },
        { { {2.9726182587869587e-01, -1.1650808535236273e-01} } },
        { { {5.8568278750252911e-01, 0.0000000000000000e+00} } }
    }}},
    {{{
        { { {3.0256652341090318e+00, 0.0000000000000000e+00} } },
        { { {5.8585637735445262e-01, 0.0000000000000000e+00} } },
        { { {8.8522238804285086e-02, 2.6097943302986676e-01} } },
        { { {8.8522238804285086e-02, -2.6097943302986676e-01} } },
        { { {-9.5400852608441875e-02, 0.0000000000000000e+00} } }
    }}},
    {{{
        { { {2.5672763455137413e+00, 0.0000000000000000e+00} } },
        { { {-4.6877098709708204e-01, 0.0000000000000000e+00} } },
        { { {1.1929594101873692e-01, 1.2033198295318821e-01} } },
        { { {1.1929594101873692e-01, -1.2033198295318821e-01} } },
        { { {-1.5727669363550428e-01, 0.0000000000000000e+00} } }
    }}}
};

// QR Decomposition Test Case
static constexpr Matrix<double, 4, 4> mat_qr
{{{
    {9.1418837904831529e-01, 4.8985268249769831e-01, 3.5312717850401576e-02, 4.8817437409425557e-01},
    {4.4265949958893458e-01, 1.7503228102138801e-01, 7.0581926293347252e-01, 9.0818979858277626e-01},
    {1.5018476212860699e-01, 3.6157618632685051e-01, 3.5392554994038539e-01, 5.8961436745448070e-02},
    {4.0130545387205363e-01, 6.4069392826303484e-01, 7.2207268092991739e-01, 7.6479163470919320e-02}
}}};

} // namespace consteig
#endif
