#ifndef GENERATED_CASES_HPP
#define GENERATED_CASES_HPP

#include "../consteig.hpp"

namespace consteig {

// random sym Matrix Test Cases (8x8) - 8x8
static constexpr Matrix<double, 8, 8> mat_random_sym_8x8[50] = {
    {{{
        {6.2396138906478882e-01, 1.9441905617713928e-01, 8.7800443172454834e-01, 1.0388164073228836e+00, 8.1032818555831909e-01, 1.5636748075485229e+00, 1.0368705093860626e+00, 1.7270055413246155e+00},
        {1.9441905617713928e-01, 1.3616546392440796e+00, 9.8136880993843079e-01, 4.0569026768207550e-01, 1.2310885190963745e+00, 9.8072066903114319e-01, 3.3887638896703720e-01, 1.1967689692974091e+00},
        {8.7800443172454834e-01, 9.8136880993843079e-01, 9.2738533020019531e-01, 9.8927950859069824e-01, 6.8685311079025269e-01, 8.4589080512523651e-01, 1.2516233325004578e+00, 7.2389057278633118e-01},
        {1.0388164073228836e+00, 4.0569026768207550e-01, 9.8927950859069824e-01, 2.5689297914505005e-01, 1.3194288015365601e+00, 9.4285916537046432e-01, 4.6437892317771912e-01, 8.1563771516084671e-01},
        {8.1032818555831909e-01, 1.2310885190963745e+00, 6.8685311079025269e-01, 1.3194288015365601e+00, 1.0670132637023926e+00, 1.2649113535881042e+00, 8.7536872923374176e-01, 1.3501772880554199e+00},
        {1.5636748075485229e+00, 9.8072066903114319e-01, 8.4589080512523651e-01, 9.4285916537046432e-01, 1.2649113535881042e+00, 9.6751171350479126e-01, 1.3347816467285156e+00, 1.3067534565925598e+00},
        {1.0368705093860626e+00, 3.3887638896703720e-01, 1.2516233325004578e+00, 4.6437892317771912e-01, 8.7536872923374176e-01, 1.3347816467285156e+00, 1.7102785110473633e+00, 9.9007734656333923e-01},
        {1.7270055413246155e+00, 1.1967689692974091e+00, 7.2389057278633118e-01, 8.1563771516084671e-01, 1.3501772880554199e+00, 1.3067534565925598e+00, 9.9007734656333923e-01, 1.9294456243515015e+00}
    }}},
    {{{
        {6.4666301012039185e-01, 1.5910890102386475e+00, 5.2706359326839447e-01, 3.5261345701292157e-01, 1.0260452926158905e+00, 1.5081357955932617e+00, 1.6866257786750793e+00, 1.0441077388823032e+00},
        {1.5910890102386475e+00, 4.7909295558929443e-01, 1.8759836554527283e+00, 1.2078282237052917e+00, 5.8146230876445770e-01, 4.3204802274703979e-01, 4.3099620193243027e-01, 1.1403555870056152e+00},
        {5.2706359326839447e-01, 1.8759836554527283e+00, 1.2214734554290771e+00, 9.6937432885169983e-01, 1.1077971160411835e+00, 1.3633897304534912e+00, 2.2359843784943223e-01, 1.6694208979606628e+00},
        {3.5261345701292157e-01, 1.2078282237052917e+00, 9.6937432885169983e-01, 6.6381072998046875e-01, 8.3909210562705994e-01, 1.4376679062843323e+00, 1.0228497488424182e-01, 1.2307167053222656e+00},
        {1.0260452926158905e+00, 5.8146230876445770e-01, 1.1077971160411835e+00, 8.3909210562705994e-01, 1.1998100280761719e+00, 9.0505889058113098e-01, 8.2944865524768829e-01, 1.3471147418022156e+00},
        {1.5081357955932617e+00, 4.3204802274703979e-01, 1.3633897304534912e+00, 1.4376679062843323e+00, 9.0505889058113098e-01, 3.6307317018508911e-01, 7.6178237050771713e-01, 8.3912612497806549e-01},
        {1.6866257786750793e+00, 4.3099620193243027e-01, 2.2359843784943223e-01, 1.0228497488424182e-01, 8.2944865524768829e-01, 7.6178237050771713e-01, 1.4927738904953003e+00, 1.4789980649948120e+00},
        {1.0441077388823032e+00, 1.1403555870056152e+00, 1.6694208979606628e+00, 1.2307167053222656e+00, 1.3471147418022156e+00, 8.3912612497806549e-01, 1.4789980649948120e+00, 1.1185320615768433e+00}
    }}},
    {{{
        {1.1046729087829590e+00, 1.1778082251548767e+00, 5.4595911502838135e-01, 9.7002605348825455e-01, 1.4127511382102966e+00, 1.2787615060806274e+00, 1.0284370183944702e+00, 1.6234766244888306e+00},
        {1.1778082251548767e+00, 1.3275115489959717e+00, 3.4130593948066235e-01, 1.1529321074485779e+00, 8.1582111120223999e-01, 1.3298455476760864e+00, 5.9933349397033453e-01, 1.0071854591369629e+00},
        {5.4595911502838135e-01, 3.4130593948066235e-01, 1.4634872674942017e+00, 1.3437801003456116e+00, 3.1926049664616585e-01, 4.9970145523548126e-01, 4.9514394253492355e-01, 1.5270856674760580e-01},
        {9.7002605348825455e-01, 1.1529321074485779e+00, 1.3437801003456116e+00, 5.7672566175460815e-01, 1.0175309330224991e+00, 1.6029186248779297e+00, 1.7694724798202515e+00, 1.5676890015602112e+00},
        {1.4127511382102966e+00, 8.1582111120223999e-01, 3.1926049664616585e-01, 1.0175309330224991e+00, 1.8594963550567627e+00, 1.9052508473396301e+00, 9.7759392857551575e-01, 1.1430588364601135e+00},
        {1.2787615060806274e+00, 1.3298455476760864e+00, 4.9970145523548126e-01, 1.6029186248779297e+00, 1.9052508473396301e+00, 1.9113558530807495e+00, 6.2740594148635864e-01, 1.7855355143547058e+00},
        {1.0284370183944702e+00, 5.9933349397033453e-01, 4.9514394253492355e-01, 1.7694724798202515e+00, 9.7759392857551575e-01, 6.2740594148635864e-01, 1.6510895490646362e+00, 1.6114705801010132e+00},
        {1.6234766244888306e+00, 1.0071854591369629e+00, 1.5270856674760580e-01, 1.5676890015602112e+00, 1.1430588364601135e+00, 1.7855355143547058e+00, 1.6114705801010132e+00, 1.7568464279174805e+00}
    }}},
    {{{
        {1.7826486825942993e+00, 1.3466963171958923e+00, 8.9023473858833313e-01, 7.5395798683166504e-01, 2.0129725337028503e-01, 8.8482500612735748e-01, 1.2110872268676758e+00, 1.0746802389621735e+00},
        {1.3466963171958923e+00, 9.8812806606292725e-01, 6.0001361370086670e-01, 1.0360717959702015e-01, 1.4179365634918213e+00, 6.4307208359241486e-01, 1.2706865668296814e+00, 9.1091574728488922e-01},
        {8.9023473858833313e-01, 6.0001361370086670e-01, 6.7196244001388550e-01, 1.7550370693206787e+00, 1.1762582063674927e+00, 1.0953157544136047e+00, 4.5344950258731842e-01, 4.2220238596200943e-01},
        {7.5395798683166504e-01, 1.0360717959702015e-01, 1.7550370693206787e+00, 1.6556996107101440e+00, 8.0574699491262436e-01, 1.5637204051017761e+00, 4.8704086244106293e-01, 9.2919063568115234e-01},
        {2.0129725337028503e-01, 1.4179365634918213e+00, 1.1762582063674927e+00, 8.0574699491262436e-01, 1.9468454122543335e+00, 1.7445460557937622e+00, 1.2041735649108887e+00, 4.9934365600347519e-01},
        {8.8482500612735748e-01, 6.4307208359241486e-01, 1.0953157544136047e+00, 1.5637204051017761e+00, 1.7445460557937622e+00, 6.0786432027816772e-01, 7.0002362132072449e-01, 1.2993952631950378e+00},
        {1.2110872268676758e+00, 1.2706865668296814e+00, 4.5344950258731842e-01, 4.8704086244106293e-01, 1.2041735649108887e+00, 7.0002362132072449e-01, 7.6516479253768921e-01, 2.9600562155246735e-01},
        {1.0746802389621735e+00, 9.1091574728488922e-01, 4.2220238596200943e-01, 9.2919063568115234e-01, 4.9934365600347519e-01, 1.2993952631950378e+00, 2.9600562155246735e-01, 1.8865611553192139e+00}
    }}},
    {{{
        {4.1416662931442261e-01, 1.4514241218566895e+00, 5.9203495085239410e-01, 9.4392240047454834e-01, 1.3532784581184387e+00, 1.1444875150918961e+00, 8.7246605753898621e-01, 7.4080400168895721e-01},
        {1.4514241218566895e+00, 1.5930933952331543e+00, 1.0969409346580505e+00, 5.1235546916723251e-01, 1.3267916440963745e+00, 8.6400112509727478e-01, 2.6870489120483398e-01, 6.8739704415202141e-01},
        {5.9203495085239410e-01, 1.0969409346580505e+00, 6.8175309896469116e-01, 1.8244333267211914e+00, 1.4958072304725647e+00, 9.4673845171928406e-01, 1.3506875634193420e+00, 1.2427480518817902e+00},
        {9.4392240047454834e-01, 5.1235546916723251e-01, 1.8244333267211914e+00, 2.8452390432357788e-01, 1.7039549350738525e+00, 9.2566317319869995e-01, 6.7506485432386398e-01, 1.3458125591278076e+00},
        {1.3532784581184387e+00, 1.3267916440963745e+00, 1.4958072304725647e+00, 1.7039549350738525e+00, 1.9731134176254272e+00, 1.0347397327423096e+00, 1.5092157721519470e+00, 1.3453921675682068e+00},
        {1.1444875150918961e+00, 8.6400112509727478e-01, 9.4673845171928406e-01, 9.2566317319869995e-01, 1.0347397327423096e+00, 2.2749514877796173e-01, 1.4988141059875488e+00, 1.4041185975074768e+00},
        {8.7246605753898621e-01, 2.6870489120483398e-01, 1.3506875634193420e+00, 6.7506485432386398e-01, 1.5092157721519470e+00, 1.4988141059875488e+00, 9.7148996591567993e-01, 1.2089851200580597e+00},
        {7.4080400168895721e-01, 6.8739704415202141e-01, 1.2427480518817902e+00, 1.3458125591278076e+00, 1.3453921675682068e+00, 1.4041185975074768e+00, 1.2089851200580597e+00, 1.9930964708328247e-01}
    }}},
    {{{
        {1.4122060537338257e+00, 9.3746894598007202e-01, 9.8791735991835594e-01, 1.0858729779720306e+00, 7.8614698350429535e-01, 1.6697373390197754e+00, 1.3309128880500793e+00, 1.8590560555458069e+00},
        {9.3746894598007202e-01, 1.9820059537887573e+00, 1.1378237754106522e+00, 1.0774508267641068e+00, 1.0259014181792736e+00, 1.3796349763870239e+00, 1.2724964618682861e+00, 1.4720581173896790e+00},
        {9.8791735991835594e-01, 1.1378237754106522e+00, 3.3032208681106567e-01, 4.1981468815356493e-01, 1.8020907640457153e+00, 7.1454427391290665e-01, 3.6144321411848068e-01, 1.0220407918095589e+00},
        {1.0858729779720306e+00, 1.0774508267641068e+00, 4.1981468815356493e-01, 9.0586531162261963e-01, 1.3486138582229614e+00, 4.3512973189353943e-01, 1.1321772634983063e+00, 1.5214546918869019e+00},
        {7.8614698350429535e-01, 1.0259014181792736e+00, 1.8020907640457153e+00, 1.3486138582229614e+00, 1.0901108980178833e+00, 1.2352975010871887e+00, 7.4896845966577530e-01, 2.8237021714448929e-01},
        {1.6697373390197754e+00, 1.3796349763870239e+00, 7.1454427391290665e-01, 4.3512973189353943e-01, 1.2352975010871887e+00, 6.0171574354171753e-01, 5.0008095428347588e-01, 1.4817176163196564e+00},
        {1.3309128880500793e+00, 1.2724964618682861e+00, 3.6144321411848068e-01, 1.1321772634983063e+00, 7.4896845966577530e-01, 5.0008095428347588e-01, 1.6850000619888306e+00, 1.3069085478782654e+00},
        {1.8590560555458069e+00, 1.4720581173896790e+00, 1.0220407918095589e+00, 1.5214546918869019e+00, 2.8237021714448929e-01, 1.4817176163196564e+00, 1.3069085478782654e+00, 1.2058906555175781e+00}
    }}},
    {{{
        {9.7399294376373291e-02, 7.8490486741065979e-01, 9.4064894318580627e-01, 1.1806148588657379e+00, 1.3431500792503357e+00, 1.7207270264625549e+00, 1.0953673571348190e+00, 6.7203527688980103e-01},
        {7.8490486741065979e-01, 7.9489372670650482e-02, 1.1543048918247223e+00, 4.3919757008552551e-01, 1.0890725553035736e+00, 1.0754220485687256e+00, 1.2563946843147278e+00, 2.2839614003896713e-01},
        {9.4064894318580627e-01, 1.1543048918247223e+00, 7.1977221965789795e-01, 1.2098503708839417e+00, 4.1026291251182556e-01, 1.0767441987991333e+00, 1.6097859740257263e+00, 9.2407220602035522e-01},
        {1.1806148588657379e+00, 4.3919757008552551e-01, 1.2098503708839417e+00, 1.0058780908584595e+00, 6.2829880416393280e-01, 1.4486789107322693e+00, 1.2912701964378357e+00, 6.9319707155227661e-01},
        {1.3431500792503357e+00, 1.0890725553035736e+00, 4.1026291251182556e-01, 6.2829880416393280e-01, 1.1176346540451050e+00, 1.1142067015171051e+00, 5.5345711112022400e-01, 1.3467393517494202e+00},
        {1.7207270264625549e+00, 1.0754220485687256e+00, 1.0767441987991333e+00, 1.4486789107322693e+00, 1.1142067015171051e+00, 4.7345581650733948e-01, 1.3242678046226501e+00, 9.7388425469398499e-01},
        {1.0953673571348190e+00, 1.2563946843147278e+00, 1.6097859740257263e+00, 1.2912701964378357e+00, 5.5345711112022400e-01, 1.3242678046226501e+00, 1.7159423232078552e-01, 1.3508807420730591e+00},
        {6.7203527688980103e-01, 2.2839614003896713e-01, 9.2407220602035522e-01, 6.9319707155227661e-01, 1.3467393517494202e+00, 9.7388425469398499e-01, 1.3508807420730591e+00, 1.1240103244781494e+00}
    }}},
    {{{
        {9.3928277492523193e-01, 1.1402773261070251e+00, 1.6915790438652039e+00, 1.3223514556884766e+00, 6.5497964620590210e-01, 9.7778019309043884e-01, 1.0380227118730545e+00, 1.3780124187469482e+00},
        {1.1402773261070251e+00, 1.8609923124313354e+00, 7.1500820294022560e-01, 1.1273698806762695e+00, 1.3019974827766418e+00, 4.8203603178262711e-01, 1.0694816559553146e+00, 5.8491702377796173e-01},
        {1.6915790438652039e+00, 7.1500820294022560e-01, 7.5119441747665405e-01, 4.2367719858884811e-01, 1.3202859759330750e+00, 8.2888332009315491e-01, 1.4946865439414978e+00, 1.3405637145042419e+00},
        {1.3223514556884766e+00, 1.1273698806762695e+00, 4.2367719858884811e-01, 5.0550043582916260e-01, 7.2109376452863216e-01, 1.5842418074607849e+00, 1.0812032818794250e+00, 1.4363031387329102e+00},
        {6.5497964620590210e-01, 1.3019974827766418e+00, 1.3202859759330750e+00, 7.2109376452863216e-01, 6.4258140325546265e-01, 1.3169831037521362e+00, 1.9393159747123718e+00, 1.6771596670150757e+00},
        {9.7778019309043884e-01, 4.8203603178262711e-01, 8.2888332009315491e-01, 1.5842418074607849e+00, 1.3169831037521362e+00, 4.0401476621627808e-01, 1.0982465744018555e+00, 1.7186086177825928e+00},
        {1.0380227118730545e+00, 1.0694816559553146e+00, 1.4946865439414978e+00, 1.0812032818794250e+00, 1.9393159747123718e+00, 1.0982465744018555e+00, 2.6128163933753967e-01, 1.0126820206642151e+00},
        {1.3780124187469482e+00, 5.8491702377796173e-01, 1.3405637145042419e+00, 1.4363031387329102e+00, 1.6771596670150757e+00, 1.7186086177825928e+00, 1.0126820206642151e+00, 5.8564609289169312e-01}
    }}},
    {{{
        {1.7182636260986328e+00, 1.2253674864768982e+00, 1.0053847134113312e+00, 8.5323381423950195e-01, 1.1510164141654968e+00, 9.0052482485771179e-01, 6.8785977363586426e-01, 1.4137090444564819e+00},
        {1.2253674864768982e+00, 2.2196853160858154e-01, 1.2412743866443634e+00, 9.4125707447528839e-01, 1.8256551623344421e+00, 9.5961350947618484e-01, 7.6964452862739563e-01, 9.8042324185371399e-01},
        {1.0053847134113312e+00, 1.2412743866443634e+00, 9.2897963523864746e-01, 6.0028583928942680e-01, 5.5393759906291962e-01, 1.3520771861076355e+00, 1.2034804224967957e+00, 8.9716693758964539e-01},
        {8.5323381423950195e-01, 9.4125707447528839e-01, 6.0028583928942680e-01, 1.0705592632293701e+00, 4.0605400502681732e-01, 1.0639958083629608e+00, 8.0483640730381012e-01, 1.3896571397781372e+00},
        {1.1510164141654968e+00, 1.8256551623344421e+00, 5.5393759906291962e-01, 4.0605400502681732e-01, 3.9233881235122681e-01, 6.0531574487686157e-01, 1.2199244499206543e+00, 6.6008297353982925e-01},
        {9.0052482485771179e-01, 9.5961350947618484e-01, 1.3520771861076355e+00, 1.0639958083629608e+00, 6.0531574487686157e-01, 2.9456052184104919e-01, 1.0810054019093513e+00, 1.4357272982597351e+00},
        {6.8785977363586426e-01, 7.6964452862739563e-01, 1.2034804224967957e+00, 8.0483640730381012e-01, 1.2199244499206543e+00, 1.0810054019093513e+00, 1.9420184195041656e-01, 1.1381500363349915e+00},
        {1.4137090444564819e+00, 9.8042324185371399e-01, 8.9716693758964539e-01, 1.3896571397781372e+00, 6.6008297353982925e-01, 1.4357272982597351e+00, 1.1381500363349915e+00, 8.5757476091384888e-01}
    }}},
    {{{
        {1.5033026933670044e+00, 1.4719597697257996e+00, 3.7603707611560822e-01, 1.6821297407150269e+00, 1.4310578107833862e+00, 9.6144348382949829e-01, 9.5595200359821320e-01, 1.1587054282426834e+00},
        {1.4719597697257996e+00, 1.7237668037414551e+00, 3.9166854321956635e-01, 1.1467991322278976e+00, 8.1855620443820953e-01, 8.2582858204841614e-01, 1.6486595869064331e+00, 1.0674588680267334e+00},
        {3.7603707611560822e-01, 3.9166854321956635e-01, 1.5135161876678467e+00, 9.5172423124313354e-01, 1.5516575574874878e+00, 1.1259098947048187e+00, 1.4428266286849976e+00, 5.3978894278407097e-01},
        {1.6821297407150269e+00, 1.1467991322278976e+00, 9.5172423124313354e-01, 1.4063128232955933e+00, 5.5090121924877167e-01, 1.1648704409599304e+00, 3.1014151871204376e-01, 1.3298340439796448e+00},
        {1.4310578107833862e+00, 8.1855620443820953e-01, 1.5516575574874878e+00, 5.5090121924877167e-01, 1.7186973094940186e+00, 1.9109697937965393e+00, 9.0403437614440918e-01, 1.4814515709877014e+00},
        {9.6144348382949829e-01, 8.2582858204841614e-01, 1.1259098947048187e+00, 1.1648704409599304e+00, 1.9109697937965393e+00, 1.3735548257827759e+00, 1.5763587951660156e+00, 1.1679834723472595e+00},
        {9.5595200359821320e-01, 1.6486595869064331e+00, 1.4428266286849976e+00, 3.1014151871204376e-01, 9.0403437614440918e-01, 1.5763587951660156e+00, 1.1618893146514893e+00, 1.4772343039512634e+00},
        {1.1587054282426834e+00, 1.0674588680267334e+00, 5.3978894278407097e-01, 1.3298340439796448e+00, 1.4814515709877014e+00, 1.1679834723472595e+00, 1.4772343039512634e+00, 1.1516238451004028e+00}
    }}},
    {{{
        {1.0091725736856461e-01, 8.4680351614952087e-01, 9.2349963635206223e-01, 7.9943896830081940e-01, 1.4526865482330322e+00, 5.5607840418815613e-01, 1.3350757360458374e+00, 1.3250756263732910e+00},
        {8.4680351614952087e-01, 8.7149065732955933e-01, 4.9632751941680908e-01, 8.0686776340007782e-01, 1.0091927647590637e+00, 1.4238609671592712e+00, 6.0894662141799927e-01, 8.5669995844364166e-01},
        {9.2349963635206223e-01, 4.9632751941680908e-01, 1.6747412681579590e+00, 2.7525089308619499e-01, 3.0187042430043221e-01, 1.1893715262413025e+00, 1.0707590132951736e+00, 1.5018280744552612e+00},
        {7.9943896830081940e-01, 8.0686776340007782e-01, 2.7525089308619499e-01, 1.0752375125885010e+00, 6.1609903536736965e-01, 1.7364515066146851e+00, 8.0390834808349609e-01, 9.3807101249694824e-01},
        {1.4526865482330322e+00, 1.0091927647590637e+00, 3.0187042430043221e-01, 6.1609903536736965e-01, 3.0080708861351013e-01, 1.2820922732353210e+00, 1.1476028561592102e+00, 9.8102208971977234e-01},
        {5.5607840418815613e-01, 1.4238609671592712e+00, 1.1893715262413025e+00, 1.7364515066146851e+00, 1.2820922732353210e+00, 1.1304905414581299e+00, 9.2489445209503174e-01, 9.6151617169380188e-01},
        {1.3350757360458374e+00, 6.0894662141799927e-01, 1.0707590132951736e+00, 8.0390834808349609e-01, 1.1476028561592102e+00, 9.2489445209503174e-01, 1.9836870431900024e+00, 5.7163431495428085e-01},
        {1.3250756263732910e+00, 8.5669995844364166e-01, 1.5018280744552612e+00, 9.3807101249694824e-01, 9.8102208971977234e-01, 9.6151617169380188e-01, 5.7163431495428085e-01, 2.5569266080856323e-01}
    }}},
    {{{
        {8.6267286539077759e-01, 1.0221087932586670e+00, 4.3372513353824615e-01, 1.1796107888221741e+00, 1.1275384873151779e+00, 1.6009909510612488e+00, 9.7913157939910889e-01, 9.1256031394004822e-01},
        {1.0221087932586670e+00, 1.9776026010513306e+00, 8.3106196299195290e-01, 5.7066252827644348e-01, 1.5497151613235474e+00, 1.8209224753081799e-01, 9.9929332733154297e-01, 9.3830053508281708e-01},
        {4.3372513353824615e-01, 8.3106196299195290e-01, 1.0025509595870972e+00, 7.1474484354257584e-01, 2.9141826927661896e-01, 1.1722627580165863e+00, 1.3566783666610718e+00, 1.8054834008216858e+00},
        {1.1796107888221741e+00, 5.7066252827644348e-01, 7.1474484354257584e-01, 1.6957799196243286e+00, 1.3029599189758301e+00, 5.5373750627040863e-01, 1.6889235973358154e+00, 1.5260625481605530e+00},
        {1.1275384873151779e+00, 1.5497151613235474e+00, 2.9141826927661896e-01, 1.3029599189758301e+00, 1.0821390151977539e+00, 1.0946910679340363e+00, 1.2593932747840881e+00, 1.7639409303665161e+00},
        {1.6009909510612488e+00, 1.8209224753081799e-01, 1.1722627580165863e+00, 5.5373750627040863e-01, 1.0946910679340363e+00, 1.4922497272491455e+00, 8.3068951964378357e-01, 7.7535623311996460e-01},
        {9.7913157939910889e-01, 9.9929332733154297e-01, 1.3566783666610718e+00, 1.6889235973358154e+00, 1.2593932747840881e+00, 8.3068951964378357e-01, 4.0444213151931763e-01, 1.7664119005203247e+00},
        {9.1256031394004822e-01, 9.3830053508281708e-01, 1.8054834008216858e+00, 1.5260625481605530e+00, 1.7639409303665161e+00, 7.7535623311996460e-01, 1.7664119005203247e+00, 9.6824043989181519e-01}
    }}},
    {{{
        {7.5647437572479248e-01, 1.5172560811042786e+00, 7.1037047728896141e-01, 6.8923094868659973e-01, 1.2792302370071411e+00, 1.0966085195541382e+00, 1.0639705806970596e+00, 3.4373666346073151e-01},
        {1.5172560811042786e+00, 2.0935018360614777e-01, 6.6687057912349701e-01, 1.3699854314327240e+00, 6.5780287235975266e-01, 1.3068370819091797e+00, 8.9566928148269653e-01, 4.7276859357953072e-01},
        {7.1037047728896141e-01, 6.6687057912349701e-01, 8.1082832813262939e-01, 8.5390920192003250e-01, 3.8855526782572269e-01, 1.0887769162654877e+00, 8.6680173873901367e-01, 5.2594113349914551e-01},
        {6.8923094868659973e-01, 1.3699854314327240e+00, 8.5390920192003250e-01, 1.6155440807342529e+00, 5.7943235337734222e-01, 1.0239248573780060e+00, 1.3768814206123352e+00, 6.2007714807987213e-01},
        {1.2792302370071411e+00, 6.5780287235975266e-01, 3.8855526782572269e-01, 5.7943235337734222e-01, 6.6614830493927002e-01, 3.3960822224617004e-01, 1.2873815298080444e+00, 1.7191591262817383e+00},
        {1.0966085195541382e+00, 1.3068370819091797e+00, 1.0887769162654877e+00, 1.0239248573780060e+00, 3.3960822224617004e-01, 1.8657407760620117e+00, 9.5983183383941650e-01, 3.5406016558408737e-01},
        {1.0639705806970596e+00, 8.9566928148269653e-01, 8.6680173873901367e-01, 1.3768814206123352e+00, 1.2873815298080444e+00, 9.5983183383941650e-01, 4.4091457128524780e-01, 1.3124662041664124e+00},
        {3.4373666346073151e-01, 4.7276859357953072e-01, 5.2594113349914551e-01, 6.2007714807987213e-01, 1.7191591262817383e+00, 3.5406016558408737e-01, 1.3124662041664124e+00, 1.3509573936462402e+00}
    }}},
    {{{
        {1.6184570789337158e+00, 1.3615382909774780e+00, 9.5477238483726978e-01, 6.0737291723489761e-01, 1.1553649306297302e+00, 6.7919942736625671e-01, 6.2799823284149170e-01, 1.0670984089374542e+00},
        {1.3615382909774780e+00, 5.7236243039369583e-02, 1.0952204763889313e+00, 1.1489704549312592e+00, 8.5000966489315033e-01, 1.1280301213264465e+00, 1.2237243056297302e+00, 1.3128255903720856e+00},
        {9.5477238483726978e-01, 1.0952204763889313e+00, 1.8632442951202393e+00, 6.1722424626350403e-01, 1.0290761291980743e+00, 1.2419513463973999e+00, 2.7539171278476715e-01, 1.4983742237091064e+00},
        {6.0737291723489761e-01, 1.1489704549312592e+00, 6.1722424626350403e-01, 1.7957170009613037e+00, 8.9781588315963745e-01, 8.7371501326560974e-01, 8.9030535612255335e-01, 9.1490203142166138e-01},
        {1.1553649306297302e+00, 8.5000966489315033e-01, 1.0290761291980743e+00, 8.9781588315963745e-01, 3.6270806193351746e-01, 4.0026092529296875e-01, 1.1730351150035858e+00, 9.1333481669425964e-01},
        {6.7919942736625671e-01, 1.1280301213264465e+00, 1.2419513463973999e+00, 8.7371501326560974e-01, 4.0026092529296875e-01, 3.7806585431098938e-01, 6.4302565157413483e-01, 1.6397624015808105e+00},
        {6.2799823284149170e-01, 1.2237243056297302e+00, 2.7539171278476715e-01, 8.9030535612255335e-01, 1.1730351150035858e+00, 6.4302565157413483e-01, 1.6098760068416595e-01, 1.5846920609474182e+00},
        {1.0670984089374542e+00, 1.3128255903720856e+00, 1.4983742237091064e+00, 9.1490203142166138e-01, 9.1333481669425964e-01, 1.6397624015808105e+00, 1.5846920609474182e+00, 1.2990913391113281e+00}
    }}},
    {{{
        {1.9040063619613647e+00, 7.1374617516994476e-01, 8.0218696594238281e-01, 4.1831861436367035e-01, 1.6362176090478897e-01, 3.8357555866241455e-01, 1.5826323628425598e+00, 1.1446234770119190e-01},
        {7.1374617516994476e-01, 1.8144890069961548e+00, 9.8388344049453735e-01, 1.1177801638841629e+00, 6.4123521745204926e-01, 1.2699517011642456e+00, 7.7601262927055359e-01, 2.7293203026056290e-01},
        {8.0218696594238281e-01, 9.8388344049453735e-01, 1.8331466913223267e+00, 1.6216937899589539e+00, 1.5450950264930725e+00, 1.8270218968391418e+00, 1.4753404855728149e+00, 1.1550841182470322e+00},
        {4.1831861436367035e-01, 1.1177801638841629e+00, 1.6216937899589539e+00, 1.5459058284759521e+00, 1.5077139139175415e+00, 7.7619801647961140e-01, 1.4705817699432373e+00, 8.4864389896392822e-01},
        {1.6362176090478897e-01, 6.4123521745204926e-01, 1.5450950264930725e+00, 1.5077139139175415e+00, 3.4851384162902832e-01, 2.4940926581621170e-01, 6.8692263960838318e-01, 1.5558369755744934e+00},
        {3.8357555866241455e-01, 1.2699517011642456e+00, 1.8270218968391418e+00, 7.7619801647961140e-01, 2.4940926581621170e-01, 1.1148712635040283e+00, 1.8550055027008057e+00, 1.2346266806125641e+00},
        {1.5826323628425598e+00, 7.7601262927055359e-01, 1.4753404855728149e+00, 1.4705817699432373e+00, 6.8692263960838318e-01, 1.8550055027008057e+00, 5.4761648178100586e-01, 1.4725282192230225e+00},
        {1.1446234770119190e-01, 2.7293203026056290e-01, 1.1550841182470322e+00, 8.4864389896392822e-01, 1.5558369755744934e+00, 1.2346266806125641e+00, 1.4725282192230225e+00, 8.8039684295654297e-01}
    }}},
    {{{
        {1.0733708143234253e+00, 6.3090325891971588e-01, 1.4501413404941559e+00, 4.4897960126399994e-01, 1.2434070110321045e+00, 1.0058435648679733e+00, 3.6552084982395172e-01, 8.1146928668022156e-01},
        {6.3090325891971588e-01, 2.8887665271759033e-01, 1.3485612273216248e+00, 6.7746075987815857e-01, 9.6653111279010773e-01, 3.5949440300464630e-01, 9.3855559825897217e-01, 5.5084484815597534e-01},
        {1.4501413404941559e+00, 1.3485612273216248e+00, 1.9604204893112183e+00, 1.0529025793075562e+00, 5.4763136804103851e-01, 1.7632257342338562e+00, 9.7486984869465232e-01, 8.8451743125915527e-01},
        {4.4897960126399994e-01, 6.7746075987815857e-01, 1.0529025793075562e+00, 8.7070918083190918e-01, 6.1143936216831207e-01, 1.2610371112823486e+00, 1.7527022957801819e+00, 8.1348238885402679e-01},
        {1.2434070110321045e+00, 9.6653111279010773e-01, 5.4763136804103851e-01, 6.1143936216831207e-01, 7.0745563507080078e-01, 1.0070452280342579e-01, 8.0521559715270996e-01, 1.0835728943347931e+00},
        {1.0058435648679733e+00, 3.5949440300464630e-01, 1.7632257342338562e+00, 1.2610371112823486e+00, 1.0070452280342579e-01, 2.1094934642314911e-01, 5.5017797648906708e-01, 1.3804441094398499e+00},
        {3.6552084982395172e-01, 9.3855559825897217e-01, 9.7486984869465232e-01, 1.7527022957801819e+00, 8.0521559715270996e-01, 5.5017797648906708e-01, 1.4943276643753052e+00, 1.0238722264766693e+00},
        {8.1146928668022156e-01, 5.5084484815597534e-01, 8.8451743125915527e-01, 8.1348238885402679e-01, 1.0835728943347931e+00, 1.3804441094398499e+00, 1.0238722264766693e+00, 5.7186942547559738e-02}
    }}},
    {{{
        {1.7792036533355713e+00, 1.1228009462356567e+00, 6.1149098724126816e-01, 1.1999986171722412e+00, 6.7113878205418587e-01, 9.3926733732223511e-01, 1.0049401521682739e+00, 8.3583787083625793e-01},
        {1.1228009462356567e+00, 7.3441582918167114e-01, 7.5555904209613800e-01, 3.9004380255937576e-01, 1.2355603277683258e+00, 1.4228140115737915e+00, 7.2123076021671295e-01, 5.1927776075899601e-02},
        {6.1149098724126816e-01, 7.5555904209613800e-01, 1.0945150852203369e+00, 1.8940320611000061e+00, 5.8197654783725739e-01, 4.6474405191838741e-01, 8.4865525364875793e-01, 1.1734865754842758e+00},
        {1.1999986171722412e+00, 3.9004380255937576e-01, 1.8940320611000061e+00, 5.3529781103134155e-01, 1.4585240483283997e+00, 1.0679261088371277e+00, 8.1842902302742004e-01, 1.2816328108310699e+00},
        {6.7113878205418587e-01, 1.2355603277683258e+00, 5.8197654783725739e-01, 1.4585240483283997e+00, 1.3080149888992310e+00, 4.1287471354007721e-01, 1.9016811251640320e+00, 1.5163091421127319e+00},
        {9.3926733732223511e-01, 1.4228140115737915e+00, 4.6474405191838741e-01, 1.0679261088371277e+00, 4.1287471354007721e-01, 3.2624703645706177e-01, 5.8386498689651489e-01, 1.3384486436843872e+00},
        {1.0049401521682739e+00, 7.2123076021671295e-01, 8.4865525364875793e-01, 8.1842902302742004e-01, 1.9016811251640320e+00, 5.8386498689651489e-01, 1.3523790836334229e+00, 2.9870146512985229e-01},
        {8.3583787083625793e-01, 5.1927776075899601e-02, 1.1734865754842758e+00, 1.2816328108310699e+00, 1.5163091421127319e+00, 1.3384486436843872e+00, 2.9870146512985229e-01, 8.2775157690048218e-01}
    }}},
    {{{
        {9.4857305288314819e-01, 6.3838639855384827e-01, 1.6086985468864441e+00, 1.5307107567787170e+00, 8.6843425035476685e-01, 4.9359277077019215e-01, 1.6336956620216370e+00, 6.3736069062724710e-01},
        {6.3838639855384827e-01, 6.6338407993316650e-01, 7.9135155677795410e-01, 9.8047471046447754e-01, 1.2535019218921661e+00, 1.1490735709667206e+00, 1.6994531154632568e+00, 1.5611535310745239e+00},
        {1.6086985468864441e+00, 7.9135155677795410e-01, 5.5195838212966919e-01, 4.8626982420682907e-01, 1.1482205986976624e+00, 1.4688203334808350e+00, 7.4006968736648560e-01, 1.5317830443382263e+00},
        {1.5307107567787170e+00, 9.8047471046447754e-01, 4.8626982420682907e-01, 4.7702141106128693e-02, 1.8163770064711571e-01, 1.4646592140197754e+00, 9.5806473493576050e-01, 7.0969942212104797e-01},
        {8.6843425035476685e-01, 1.2535019218921661e+00, 1.1482205986976624e+00, 1.8163770064711571e-01, 8.4729290008544922e-01, 9.7671979665756226e-01, 5.7033587992191315e-01, 1.0451624728739262e+00},
        {4.9359277077019215e-01, 1.1490735709667206e+00, 1.4688203334808350e+00, 1.4646592140197754e+00, 9.7671979665756226e-01, 1.0075608491897583e+00, 6.1980947852134705e-01, 1.3222436308860779e+00},
        {1.6336956620216370e+00, 1.6994531154632568e+00, 7.4006968736648560e-01, 9.5806473493576050e-01, 5.7033587992191315e-01, 6.1980947852134705e-01, 7.8138488531112671e-01, 1.0436516851186752e+00},
        {6.3736069062724710e-01, 1.5611535310745239e+00, 1.5317830443382263e+00, 7.0969942212104797e-01, 1.0451624728739262e+00, 1.3222436308860779e+00, 1.0436516851186752e+00, 1.8784995079040527e+00}
    }}},
    {{{
        {4.1876763105392456e-01, 1.2036482691764832e+00, 8.1094416975975037e-01, 7.4713760614395142e-01, 1.0194918811321259e+00, 1.0007570236921310e+00, 7.3777675628662109e-01, 1.0095955431461334e+00},
        {1.2036482691764832e+00, 3.3774220943450928e-01, 8.4439527988433838e-01, 6.7043907940387726e-01, 1.3933237195014954e+00, 2.8150357306003571e-01, 9.9180662631988525e-01, 1.0380456000566483e+00},
        {8.1094416975975037e-01, 8.4439527988433838e-01, 6.7059773206710815e-01, 1.0442222058773041e+00, 9.9509933590888977e-01, 1.1060769557952881e+00, 8.9179863035678864e-01, 3.2623498141765594e-01},
        {7.4713760614395142e-01, 6.7043907940387726e-01, 1.0442222058773041e+00, 9.0988832712173462e-01, 1.0817747414112091e+00, 7.1910157799720764e-01, 1.5214670300483704e+00, 3.9383163303136826e-01},
        {1.0194918811321259e+00, 1.3933237195014954e+00, 9.9509933590888977e-01, 1.0817747414112091e+00, 2.8057575225830078e-01, 8.3893403410911560e-01, 3.2200048863887787e-01, 5.5783924460411072e-01},
        {1.0007570236921310e+00, 2.8150357306003571e-01, 1.1060769557952881e+00, 7.1910157799720764e-01, 8.3893403410911560e-01, 1.0768417119979858e+00, 1.0774111449718475e+00, 1.4205039143562317e+00},
        {7.3777675628662109e-01, 9.9180662631988525e-01, 8.9179863035678864e-01, 1.5214670300483704e+00, 3.2200048863887787e-01, 1.0774111449718475e+00, 1.0724755525588989e+00, 4.2841581255197525e-01},
        {1.0095955431461334e+00, 1.0380456000566483e+00, 3.2623498141765594e-01, 3.9383163303136826e-01, 5.5783924460411072e-01, 1.4205039143562317e+00, 4.2841581255197525e-01, 1.5815997123718262e+00}
    }}},
    {{{
        {1.2857220172882080e+00, 1.2146906256675720e+00, 1.9245759248733521e+00, 5.6111206114292145e-01, 1.5344908237457275e+00, 1.0415335148572922e+00, 4.3517409265041351e-01, 1.2002070546150208e+00},
        {1.2146906256675720e+00, 1.6095956563949585e+00, 1.7799767255783081e+00, 9.9680802226066589e-01, 6.0598280280828476e-02, 6.1192756146192551e-01, 1.2098999619483948e+00, 5.3014639019966125e-01},
        {1.9245759248733521e+00, 1.7799767255783081e+00, 1.3836516141891479e+00, 1.7507313489913940e+00, 1.1824432015419006e+00, 1.4878120422363281e+00, 1.5155053138732910e+00, 5.9635601937770844e-01},
        {5.6111206114292145e-01, 9.9680802226066589e-01, 1.7507313489913940e+00, 4.2927280068397522e-01, 3.3483010530471802e-01, 9.2938254773616791e-01, 1.7037014961242676e+00, 1.4776614904403687e+00},
        {1.5344908237457275e+00, 6.0598280280828476e-02, 1.1824432015419006e+00, 3.3483010530471802e-01, 1.6060203313827515e+00, 7.1741586923599243e-01, 1.2579163014888763e+00, 1.0006544589996338e+00},
        {1.0415335148572922e+00, 6.1192756146192551e-01, 1.4878120422363281e+00, 9.2938254773616791e-01, 7.1741586923599243e-01, 2.4566411972045898e-02, 6.4208365231752396e-01, 1.4852231144905090e+00},
        {4.3517409265041351e-01, 1.2098999619483948e+00, 1.5155053138732910e+00, 1.7037014961242676e+00, 1.2579163014888763e+00, 6.4208365231752396e-01, 8.9600557088851929e-01, 9.2947167903184891e-01},
        {1.2002070546150208e+00, 5.3014639019966125e-01, 5.9635601937770844e-01, 1.4776614904403687e+00, 1.0006544589996338e+00, 1.4852231144905090e+00, 9.2947167903184891e-01, 7.4270439147949219e-01}
    }}},
    {{{
        {8.3993113040924072e-01, 8.2566899061203003e-01, 6.2282532453536987e-01, 9.5701747387647629e-01, 1.4850153923034668e+00, 1.1763297617435455e+00, 9.3005779385566711e-01, 1.1785244941711426e+00},
        {8.2566899061203003e-01, 1.0766302347183228e+00, 1.3310000896453857e+00, 1.0344069600105286e+00, 2.8038445115089417e-01, 5.1588755846023560e-01, 1.1892868876457214e+00, 1.6626641154289246e+00},
        {6.2282532453536987e-01, 1.3310000896453857e+00, 3.7653884291648865e-01, 3.2980033010244370e-01, 1.5850242376327515e+00, 1.7040743231773376e+00, 1.5021773576736450e+00, 1.6356106400489807e+00},
        {9.5701747387647629e-01, 1.0344069600105286e+00, 3.2980033010244370e-01, 1.9278025627136230e+00, 9.9674883484840393e-01, 8.1015434116125107e-01, 1.4743357300758362e+00, 6.2666977755725384e-01},
        {1.4850153923034668e+00, 2.8038445115089417e-01, 1.5850242376327515e+00, 9.9674883484840393e-01, 1.3267729282379150e+00, 1.8488134145736694e+00, 1.2965356111526489e+00, 1.3404183387756348e+00},
        {1.1763297617435455e+00, 5.1588755846023560e-01, 1.7040743231773376e+00, 8.1015434116125107e-01, 1.8488134145736694e+00, 1.9896121323108673e-01, 1.6106581091880798e+00, 1.8769495487213135e+00},
        {9.3005779385566711e-01, 1.1892868876457214e+00, 1.5021773576736450e+00, 1.4743357300758362e+00, 1.2965356111526489e+00, 1.6106581091880798e+00, 1.1906683444976807e+00, 5.4348787665367126e-01},
        {1.1785244941711426e+00, 1.6626641154289246e+00, 1.6356106400489807e+00, 6.2666977755725384e-01, 1.3404183387756348e+00, 1.8769495487213135e+00, 5.4348787665367126e-01, 1.0012687444686890e+00}
    }}},
    {{{
        {1.5967040061950684e+00, 1.3523493409156799e+00, 1.5931034088134766e+00, 1.6561285853385925e+00, 1.7787570357322693e+00, 7.8444504737854004e-01, 1.8782945722341537e-01, 1.6416872143745422e+00},
        {1.3523493409156799e+00, 3.2687497138977051e-01, 6.0551392287015915e-01, 8.1197184324264526e-01, 9.1127151250839233e-01, 8.3516889810562134e-01, 1.2637596428394318e+00, 1.4083104729652405e+00},
        {1.5931034088134766e+00, 6.0551392287015915e-01, 1.2433316558599472e-01, 8.5949654877185822e-01, 5.6968279182910919e-01, 6.6277167946100235e-01, 9.0021794289350510e-01, 6.0716232284903526e-02},
        {1.6561285853385925e+00, 8.1197184324264526e-01, 8.5949654877185822e-01, 1.3413683176040649e+00, 1.4631037116050720e+00, 1.9409404993057251e+00, 1.5594171881675720e+00, 5.7002156972885132e-01},
        {1.7787570357322693e+00, 9.1127151250839233e-01, 5.6968279182910919e-01, 1.4631037116050720e+00, 1.7587373256683350e+00, 1.1336184442043304e+00, 1.4086348414421082e+00, 1.0013109445571899e+00},
        {7.8444504737854004e-01, 8.3516889810562134e-01, 6.6277167946100235e-01, 1.9409404993057251e+00, 1.1336184442043304e+00, 1.2386425733566284e+00, 1.7471010088920593e+00, 1.2790039777755737e+00},
        {1.8782945722341537e-01, 1.2637596428394318e+00, 9.0021794289350510e-01, 1.5594171881675720e+00, 1.4086348414421082e+00, 1.7471010088920593e+00, 1.8623082637786865e+00, 4.1674195975065231e-01},
        {1.6416872143745422e+00, 1.4083104729652405e+00, 6.0716232284903526e-02, 5.7002156972885132e-01, 1.0013109445571899e+00, 1.2790039777755737e+00, 4.1674195975065231e-01, 7.9600736498832703e-02}
    }}},
    {{{
        {8.2249617576599121e-01, 1.2865909337997437e+00, 3.5989139601588249e-01, 4.0313157439231873e-01, 9.9038241803646088e-01, 1.3981578350067139e+00, 5.7618123292922974e-01, 1.4239549636840820e+00},
        {1.2865909337997437e+00, 9.8272567987442017e-01, 6.6526074707508087e-01, 1.4356454014778137e+00, 1.0474276840686798e+00, 9.0106326341629028e-01, 6.0120075196027756e-01, 1.2940474152565002e+00},
        {3.5989139601588249e-01, 6.6526074707508087e-01, 1.5689535439014435e-01, 3.6301694810390472e-01, 1.3734949231147766e+00, 8.0592846870422363e-01, 1.1936097145080566e+00, 1.1787767410278320e+00},
        {4.0313157439231873e-01, 1.4356454014778137e+00, 3.6301694810390472e-01, 1.2049069404602051e+00, 1.4055380225181580e+00, 5.6750786304473877e-01, 1.5281357765197754e+00, 1.6956704854965210e-01},
        {9.9038241803646088e-01, 1.0474276840686798e+00, 1.3734949231147766e+00, 1.4055380225181580e+00, 1.9496603012084961e+00, 6.3975218683481216e-01, 1.1880069077014923e+00, 1.8404424190521240e+00},
        {1.3981578350067139e+00, 9.0106326341629028e-01, 8.0592846870422363e-01, 5.6750786304473877e-01, 6.3975218683481216e-01, 1.9491634368896484e+00, 6.1582610011100769e-01, 1.5614486932754517e+00},
        {5.7618123292922974e-01, 6.0120075196027756e-01, 1.1936097145080566e+00, 1.5281357765197754e+00, 1.1880069077014923e+00, 6.1582610011100769e-01, 1.4266151189804077e-01, 7.2680633887648582e-01},
        {1.4239549636840820e+00, 1.2940474152565002e+00, 1.1787767410278320e+00, 1.6956704854965210e-01, 1.8404424190521240e+00, 1.5614486932754517e+00, 7.2680633887648582e-01, 1.0320200920104980e+00}
    }}},
    {{{
        {2.7293926477432251e-01, 8.1234416365623474e-01, 1.0532142966985703e+00, 6.2785075604915619e-01, 1.8143730163574219e+00, 1.0310709476470947e+00, 8.7529739737510681e-01, 1.3218492865562439e+00},
        {8.1234416365623474e-01, 4.7657117247581482e-01, 5.9211570024490356e-01, 1.2703072726726532e+00, 4.5644444972276688e-01, 8.9734672009944916e-01, 7.1665473282337189e-01, 8.6281022429466248e-01},
        {1.0532142966985703e+00, 5.9211570024490356e-01, 1.8973671197891235e+00, 2.4059960246086121e-01, 8.2158294692635536e-01, 1.2186293601989746e+00, 1.2939426898956299e+00, 1.2545359730720520e+00},
        {6.2785075604915619e-01, 1.2703072726726532e+00, 2.4059960246086121e-01, 3.8333722949028015e-01, 1.1394855976104736e+00, 1.0711372494697571e+00, 1.0406165719032288e+00, 8.7842640280723572e-01},
        {1.8143730163574219e+00, 4.5644444972276688e-01, 8.2158294692635536e-01, 1.1394855976104736e+00, 1.0097063779830933e+00, 5.6633898988366127e-01, 1.6115460395812988e+00, 1.1235374808311462e+00},
        {1.0310709476470947e+00, 8.9734672009944916e-01, 1.2186293601989746e+00, 1.0711372494697571e+00, 5.6633898988366127e-01, 1.5629283189773560e+00, 1.1619225442409515e+00, 1.5085834264755249e+00},
        {8.7529739737510681e-01, 7.1665473282337189e-01, 1.2939426898956299e+00, 1.0406165719032288e+00, 1.6115460395812988e+00, 1.1619225442409515e+00, 1.1499371528625488e+00, 1.0096937716007233e+00},
        {1.3218492865562439e+00, 8.6281022429466248e-01, 1.2545359730720520e+00, 8.7842640280723572e-01, 1.1235374808311462e+00, 1.5085834264755249e+00, 1.0096937716007233e+00, 1.9277983903884888e+00}
    }}},
    {{{
        {7.4182862043380737e-01, 1.3279926180839539e+00, 5.9634265303611755e-01, 5.7434880360960960e-01, 1.0119834803044796e+00, 1.4063843488693237e+00, 3.3118516951799393e-01, 1.1902192533016205e+00},
        {1.3279926180839539e+00, 7.2838169336318970e-01, 6.1535660177469254e-02, 1.3490104079246521e+00, 1.4436080455780029e+00, 1.2331694960594177e+00, 6.8673768639564514e-01, 5.0370614230632782e-01},
        {5.9634265303611755e-01, 6.1535660177469254e-02, 1.6565766334533691e+00, 7.7961918711662292e-01, 1.0885156691074371e+00, 7.5922945141792297e-01, 5.2610801160335541e-01, 1.0629153698682785e+00},
