#ifndef GENERATED_CASES_HPP
#define GENERATED_CASES_HPP

#include "../consteig.hpp"

namespace consteig {

// random sym Matrix Test Cases (10x10) - 10x10
static constexpr Matrix<double, 10, 10> mat_random_sym_10x10[50] = {
    {{{
        {6.2396138906478882e-01, 9.3253384530544281e-01, 8.6691811680793762e-01, 6.7290799319744110e-01, 1.1128994524478912e+00, 1.4512521028518677e+00, 1.1034890115261078e+00, 1.6719294190406799e+00, 2.3948413133621216e-01, 1.3448202013969421e+00},
        {9.3253384530544281e-01, 4.0741801261901855e-01, 1.1213172674179077e+00, 2.7178535610437393e-01, 8.0720233172178268e-01, 4.2431226372718811e-01, 1.2924557924270630e+00, 2.1285334601998329e-01, 1.4215708374977112e+00, 8.5408228635787964e-01},
        {8.6691811680793762e-01, 1.1213172674179077e+00, 1.4907494783401489e+00, 7.2054600715637207e-01, 9.8861329257488251e-01, 3.1436547636985779e-01, 1.0238488912582397e+00, 1.0420813858509064e+00, 1.4911972284317017e+00, 4.0321206301450729e-01},
        {6.7290799319744110e-01, 2.7178535610437393e-01, 7.2054600715637207e-01, 1.5595836639404297e+00, 1.2774347364902496e+00, 1.0057133436203003e+00, 1.4982294440269470e+00, 8.1794941425323486e-01, 1.0683659613132477e+00, 1.5239275693893433e+00},
        {1.1128994524478912e+00, 8.0720233172178268e-01, 9.8861329257488251e-01, 1.2774347364902496e+00, 1.3730168342590332e+00, 1.3388951122760773e+00, 1.0913681089878082e+00, 1.2469478249549866e+00, 1.5463694930076599e+00, 3.7811394035816193e-01},
        {1.4512521028518677e+00, 4.2431226372718811e-01, 3.1436547636985779e-01, 1.0057133436203003e+00, 1.3388951122760773e+00, 8.6666208505630493e-01, 1.5739672780036926e+00, 1.6232507228851318e+00, 8.2492792606353760e-01, 1.1389855146408081e+00},
        {1.1034890115261078e+00, 1.2924557924270630e+00, 1.0238488912582397e+00, 1.4982294440269470e+00, 1.0913681089878082e+00, 1.5739672780036926e+00, 7.5682765245437622e-01, 8.8216543197631836e-01, 9.0328997606411576e-01, 8.1395211815834045e-01},
        {1.6719294190406799e+00, 2.1285334601998329e-01, 1.0420813858509064e+00, 8.1794941425323486e-01, 1.2469478249549866e+00, 1.6232507228851318e+00, 8.8216543197631836e-01, 6.7574441432952881e-02, 1.0118010863661766e+00, 5.7138250768184662e-01},
        {2.3948413133621216e-01, 1.4215708374977112e+00, 1.4911972284317017e+00, 1.0683659613132477e+00, 1.5463694930076599e+00, 8.2492792606353760e-01, 9.0328997606411576e-01, 1.0118010863661766e+00, 4.5935073867440224e-03, 6.0099807381629944e-01},
        {1.3448202013969421e+00, 8.5408228635787964e-01, 4.0321206301450729e-01, 1.5239275693893433e+00, 3.7811394035816193e-01, 1.1389855146408081e+00, 8.1395211815834045e-01, 5.7138250768184662e-01, 6.0099807381629944e-01, 9.6939843893051147e-01}
    }}},
    {{{
        {1.1998100280761719e+00, 2.0923744887113571e-01, 1.7060867547988892e+00, 9.8128154873847961e-01, 1.1825425326824188e+00, 4.7709285467863083e-01, 1.7321127653121948e+00, 6.8297637999057770e-01, 9.3283042311668396e-01, 8.4994491934776306e-01},
        {2.0923744887113571e-01, 1.3386096954345703e+00, 1.4637753963470459e+00, 1.2879336476325989e+00, 7.6001633703708649e-01, 1.4807695848867297e-01, 5.6333993375301361e-01, 1.4235590100288391e+00, 1.2896280288696289e+00, 1.5720955729484558e+00},
        {1.7060867547988892e+00, 1.4637753963470459e+00, 1.4494361877441406e+00, 1.4071401357650757e+00, 6.6780778672546148e-01, 2.1581160277128220e-01, 8.2692875340580940e-01, 1.5051801800727844e+00, 1.3778812289237976e+00, 1.7735351324081421e+00},
        {9.8128154873847961e-01, 1.2879336476325989e+00, 1.4071401357650757e+00, 8.5444498062133789e-01, 1.0848444104194641e+00, 1.5120370984077454e+00, 5.4473032057285309e-01, 1.6194337010383606e+00, 1.2621008157730103e+00, 8.4491795301437378e-01},
        {1.1825425326824188e+00, 7.6001633703708649e-01, 6.6780778672546148e-01, 1.0848444104194641e+00, 5.1447790861129761e-01, 5.0616273097693920e-01, 1.6614918112754822e+00, 9.4404959678649902e-01, 1.2568663954734802e+00, 7.6876398921012878e-01},
        {4.7709285467863083e-01, 1.4807695848867297e-01, 2.1581160277128220e-01, 1.5120370984077454e+00, 5.0616273097693920e-01, 5.7672566175460815e-01, 1.7277347445487976e+00, 1.8030625581741333e+00, 1.0640289187431335e+00, 8.8605314493179321e-01},
        {1.7321127653121948e+00, 5.6333993375301361e-01, 8.2692875340580940e-01, 5.4473032057285309e-01, 1.6614918112754822e+00, 1.7277347445487976e+00, 1.5771353244781494e+00, 1.3488689661026001e+00, 8.5972457285970449e-01, 8.9057416468858719e-01},
        {6.8297637999057770e-01, 1.4235590100288391e+00, 1.5051801800727844e+00, 1.6194337010383606e+00, 9.4404959678649902e-01, 1.8030625581741333e+00, 1.3488689661026001e+00, 1.1721581220626831e+00, 1.4096436202526093e+00, 1.1280103474855423e+00},
        {9.3283042311668396e-01, 1.2896280288696289e+00, 1.3778812289237976e+00, 1.2621008157730103e+00, 1.2568663954734802e+00, 1.0640289187431335e+00, 8.5972457285970449e-01, 1.4096436202526093e+00, 9.2677283287048340e-01, 1.3551192283630371e+00},
        {8.4994491934776306e-01, 1.5720955729484558e+00, 1.7735351324081421e+00, 8.4491795301437378e-01, 7.6876398921012878e-01, 8.8605314493179321e-01, 8.9057416468858719e-01, 1.1280103474855423e+00, 1.3551192283630371e+00, 1.5321300029754639e+00}
    }}},
    {{{
        {1.5738821029663086e+00, 8.3004525303840637e-01, 9.1438761353492737e-01, 4.0370261855423450e-01, 1.3558027148246765e+00, 9.1724243760108948e-01, 9.1778004169464111e-01, 9.1755722463130951e-01, 7.3944902420043945e-01, 1.2816257774829865e+00},
        {8.3004525303840637e-01, 1.9482482671737671e+00, 1.8774168491363525e+00, 8.2720523327589035e-01, 1.1611569821834564e+00, 3.5359860211610794e-01, 1.3850733041763306e+00, 1.3645325228571892e-01, 1.1960522830486298e+00, 1.5978143215179443e+00},
        {9.1438761353492737e-01, 1.8774168491363525e+00, 2.7657160162925720e-01, 1.3604237437248230e+00, 2.6137734204530716e-01, 1.2272043526172638e+00, 3.8835451006889343e-01, 2.9065731912851334e-01, 1.9299026131629944e+00, 1.8438035845756531e+00},
        {4.0370261855423450e-01, 8.2720523327589035e-01, 1.3604237437248230e+00, 2.1408012509346008e-01, 6.8273895978927612e-01, 1.4651881456375122e+00, 1.0535694211721420e+00, 1.2744446098804474e+00, 7.6599422097206116e-01, 1.0472481250762939e+00},
        {1.3558027148246765e+00, 1.1611569821834564e+00, 2.6137734204530716e-01, 6.8273895978927612e-01, 1.6363850831985474e+00, 2.4433636665344238e-01, 1.2083460986614227e+00, 4.6883715689182281e-01, 1.2426056563854218e+00, 7.7414448559284210e-01},
        {9.1724243760108948e-01, 3.5359860211610794e-01, 1.2272043526172638e+00, 1.4651881456375122e+00, 2.4433636665344238e-01, 1.8865611553192139e+00, 1.0036300122737885e+00, 1.4936138391494751e+00, 8.1315100193023682e-01, 1.4148444533348083e+00},
        {9.1778004169464111e-01, 1.3850733041763306e+00, 3.8835451006889343e-01, 1.0535694211721420e+00, 1.2083460986614227e+00, 1.0036300122737885e+00, 2.5285696983337402e-01, 7.1677779406309128e-01, 5.3274994343519211e-01, 5.7960487902164459e-01},
        {9.1755722463130951e-01, 1.3645325228571892e-01, 2.9065731912851334e-01, 1.2744446098804474e+00, 4.6883715689182281e-01, 1.4936138391494751e+00, 7.1677779406309128e-01, 5.7542115449905396e-01, 1.1868305206298828e+00, 1.2659324705600739e+00},
        {7.3944902420043945e-01, 1.1960522830486298e+00, 1.9299026131629944e+00, 7.6599422097206116e-01, 1.2426056563854218e+00, 8.1315100193023682e-01, 5.3274994343519211e-01, 1.1868305206298828e+00, 1.6703289747238159e+00, 1.5550301671028137e+00},
        {1.2816257774829865e+00, 1.5978143215179443e+00, 1.8438035845756531e+00, 1.0472481250762939e+00, 7.7414448559284210e-01, 1.4148444533348083e+00, 5.7960487902164459e-01, 1.2659324705600739e+00, 1.5550301671028137e+00, 9.9976515769958496e-01}
    }}},
    {{{
        {7.9637396335601807e-01, 5.9949255734682083e-01, 1.4433154463768005e+00, 9.2352290451526642e-01, 1.7369962930679321e+00, 5.0851367413997650e-01, 1.7295730710029602e+00, 6.9262702018022537e-01, 8.1625477224588394e-01, 9.5343939960002899e-01},
        {5.9949255734682083e-01, 9.5175093412399292e-01, 1.1297193765640259e+00, 8.4370125830173492e-01, 5.4427737742662430e-01, 1.4547082185745239e+00, 1.0788773298263550e+00, 1.4727240204811096e+00, 1.7173106670379639e+00, 6.1883249878883362e-01},
        {1.4433154463768005e+00, 1.1297193765640259e+00, 1.8674114942550659e+00, 8.7064425274729729e-01, 8.8147507607936859e-01, 8.1837378442287445e-01, 1.5697298645973206e+00, 1.5307477712631226e+00, 7.8671920299530029e-01, 1.2883054316043854e+00},
        {9.2352290451526642e-01, 8.4370125830173492e-01, 8.7064425274729729e-01, 1.8125634193420410e+00, 4.4344074279069901e-01, 1.8117340207099915e+00, 4.3127295002341270e-01, 1.4300974309444427e+00, 7.6810637116432190e-01, 4.8486434854567051e-02},
        {1.7369962930679321e+00, 5.4427737742662430e-01, 8.8147507607936859e-01, 4.4344074279069901e-01, 4.8630958795547485e-01, 1.7058584690093994e+00, 7.3856785893440247e-01, 1.2954326868057251e+00, 4.5658925175666809e-01, 7.1728193759918213e-01},
        {5.0851367413997650e-01, 1.4547082185745239e+00, 8.1837378442287445e-01, 1.8117340207099915e+00, 1.7058584690093994e+00, 1.8814485073089600e+00, 8.4591332077980042e-01, 1.8102752566337585e+00, 5.8769027143716812e-01, 3.7279716134071350e-01},
        {1.7295730710029602e+00, 1.0788773298263550e+00, 1.5697298645973206e+00, 4.3127295002341270e-01, 7.3856785893440247e-01, 8.4591332077980042e-01, 8.4973655641078949e-02, 1.4747054874897003e+00, 9.2767715454101562e-01, 1.0587277114391327e+00},
        {6.9262702018022537e-01, 1.4727240204811096e+00, 1.5307477712631226e+00, 1.4300974309444427e+00, 1.2954326868057251e+00, 1.8102752566337585e+00, 1.4747054874897003e+00, 1.3165988922119141e+00, 1.2503922283649445e+00, 1.2243109941482544e+00},
        {8.1625477224588394e-01, 1.7173106670379639e+00, 7.8671920299530029e-01, 7.6810637116432190e-01, 4.5658925175666809e-01, 5.8769027143716812e-01, 9.2767715454101562e-01, 1.2503922283649445e+00, 1.5295912027359009e+00, 1.4096544384956360e+00},
        {9.5343939960002899e-01, 6.1883249878883362e-01, 1.2883054316043854e+00, 4.8486434854567051e-02, 7.1728193759918213e-01, 3.7279716134071350e-01, 1.0587277114391327e+00, 1.2243109941482544e+00, 1.4096544384956360e+00, 3.6566355824470520e-01}
    }}},
    {{{
        {8.1461971998214722e-01, 1.2737009227275848e+00, 9.1870343685150146e-01, 1.1474581360816956e+00, 2.0113795995712280e-01, 1.4047509431838989e+00, 1.3460428118705750e+00, 1.2615809440612793e+00, 1.2414916753768921e+00, 5.3628116846084595e-01},
        {1.2737009227275848e+00, 1.0058780908584595e+00, 3.6411367356777191e-01, 6.5277543663978577e-01, 7.9540456086397171e-01, 9.3849763274192810e-01, 9.9120229482650757e-01, 1.4444659352302551e+00, 1.0254711210727692e+00, 1.3004872500896454e+00},
        {9.1870343685150146e-01, 3.6411367356777191e-01, 3.9860230684280396e-01, 1.7429618239402771e+00, 1.3197608590126038e+00, 9.6670085191726685e-01, 6.8377028405666351e-01, 1.7599288821220398e+00, 1.4245802164077759e+00, 8.4137357771396637e-01},
        {1.1474581360816956e+00, 6.5277543663978577e-01, 1.7429618239402771e+00, 1.4947404861450195e+00, 1.1640971004962921e+00, 1.1707111001014709e+00, 4.6341757476329803e-01, 1.2312719821929932e+00, 7.9935173690319061e-01, 9.0630879998207092e-01},
        {2.0113795995712280e-01, 7.9540456086397171e-01, 1.3197608590126038e+00, 1.1640971004962921e+00, 1.0146143436431885e+00, 1.6363680362701416e+00, 1.4964519143104553e+00, 6.1182098835706711e-01, 7.9093208909034729e-01, 1.2448559403419495e+00},
        {1.4047509431838989e+00, 9.3849763274192810e-01, 9.6670085191726685e-01, 1.1707111001014709e+00, 1.6363680362701416e+00, 1.5344842672348022e+00, 5.2504933252930641e-01, 1.1832463741302490e+00, 1.3910459876060486e+00, 1.4448776841163635e+00},
        {1.3460428118705750e+00, 9.9120229482650757e-01, 6.8377028405666351e-01, 4.6341757476329803e-01, 1.4964519143104553e+00, 5.2504933252930641e-01, 7.5119441747665405e-01, 3.8140051625669003e-01, 1.8263589739799500e+00, 8.4582783281803131e-01},
        {1.2615809440612793e+00, 1.4444659352302551e+00, 1.7599288821220398e+00, 1.2312719821929932e+00, 6.1182098835706711e-01, 1.1832463741302490e+00, 3.8140051625669003e-01, 1.4577554464340210e+00, 1.8853093981742859e+00, 1.6403239965438843e+00},
        {1.2414916753768921e+00, 1.0254711210727692e+00, 1.4245802164077759e+00, 7.9935173690319061e-01, 7.9093208909034729e-01, 1.3910459876060486e+00, 1.8263589739799500e+00, 1.8853093981742859e+00, 6.9699817895889282e-01, 7.2670219093561172e-01},
        {5.3628116846084595e-01, 1.3004872500896454e+00, 8.4137357771396637e-01, 9.0630879998207092e-01, 1.2448559403419495e+00, 1.4448776841163635e+00, 8.4582783281803131e-01, 1.6403239965438843e+00, 7.2670219093561172e-01, 3.7328255176544189e-01}
    }}},
    {{{
        {1.8838628530502319e+00, 1.0330075025558472e+00, 1.0644171386957169e+00, 9.4908261299133301e-01, 7.6684476435184479e-01, 8.5101589560508728e-01, 1.1403963565826416e+00, 1.3757843375205994e+00, 1.5163875818252563e+00, 1.5178945660591125e+00},
        {1.0330075025558472e+00, 5.8564609289169312e-01, 9.7011607885360718e-01, 8.6908841133117676e-01, 1.2689858675003052e+00, 1.2694609761238098e+00, 1.5132866501808167e+00, 9.1305696964263916e-01, 8.9655873179435730e-01, 1.0170890688896179e+00},
        {1.0644171386957169e+00, 9.7011607885360718e-01, 1.6782951354980469e+00, 1.1649487316608429e+00, 1.4893435239791870e+00, 1.2834329903125763e+00, 4.0289410948753357e-01, 3.9072806388139725e-01, 5.1825784146785736e-01, 6.8791544437408447e-01},
        {9.4908261299133301e-01, 8.6908841133117676e-01, 1.1649487316608429e+00, 7.4509859085083008e-01, 1.9239400029182434e+00, 2.7138123661279678e-01, 2.7001704275608063e-01, 7.5712396204471588e-01, 9.8286325857043266e-01, 6.1834003031253815e-01},
        {7.6684476435184479e-01, 1.2689858675003052e+00, 1.4893435239791870e+00, 1.9239400029182434e+00, 5.6543540954589844e-01, 1.9702556133270264e+00, 1.0203181058168411e+00, 1.1053582131862640e+00, 1.0100102722644806e+00, 1.1865889728069305e+00},
        {8.5101589560508728e-01, 1.2694609761238098e+00, 1.2834329903125763e+00, 2.7138123661279678e-01, 1.9702556133270264e+00, 8.2938820123672485e-01, 2.9694864898920059e-01, 5.7606764137744904e-01, 1.8214250206947327e+00, 1.4869142174720764e+00},
        {1.1403963565826416e+00, 1.5132866501808167e+00, 4.0289410948753357e-01, 2.7001704275608063e-01, 1.0203181058168411e+00, 2.9694864898920059e-01, 1.9420184195041656e-01, 1.0344226956367493e+00, 8.9029148221015930e-01, 1.4141461849212646e+00},
        {1.3757843375205994e+00, 9.1305696964263916e-01, 3.9072806388139725e-01, 7.5712396204471588e-01, 1.1053582131862640e+00, 5.7606764137744904e-01, 1.0344226956367493e+00, 1.3162378072738647e+00, 1.0018427819013596e+00, 1.0609460771083832e+00},
        {1.5163875818252563e+00, 8.9655873179435730e-01, 5.1825784146785736e-01, 9.8286325857043266e-01, 1.0100102722644806e+00, 1.8214250206947327e+00, 8.9029148221015930e-01, 1.0018427819013596e+00, 1.2540712356567383e+00, 1.3053524196147919e+00},
        {1.5178945660591125e+00, 1.0170890688896179e+00, 6.8791544437408447e-01, 6.1834003031253815e-01, 1.1865889728069305e+00, 1.4869142174720764e+00, 1.4141461849212646e+00, 1.0609460771083832e+00, 1.3053524196147919e+00, 6.2437377870082855e-02}
    }}},
    {{{
        {1.7728281021118164e+00, 1.0866704434156418e+00, 1.2499033212661743e+00, 1.2841010689735413e+00, 1.7309084907174110e-01, 1.2715889811515808e+00, 4.4153286516666412e-01, 9.5227694511413574e-01, 9.6015891432762146e-01, 1.0953614860773087e+00},
        {1.0866704434156418e+00, 8.5653799772262573e-01, 1.5461260676383972e+00, 1.6238954663276672e+00, 1.1366377770900726e+00, 1.4196660518646240e+00, 7.6631048321723938e-01, 9.7213476896286011e-01, 1.4838317036628723e+00, 5.5934548377990723e-01},
        {1.2499033212661743e+00, 1.5461260676383972e+00, 1.2172452211380005e+00, 9.6520717442035675e-01, 1.7174298167228699e+00, 1.2598220109939575e+00, 7.1053631603717804e-01, 8.8360565900802612e-01, 1.3232741057872772e+00, 1.9076403379440308e+00},
        {1.2841010689735413e+00, 1.6238954663276672e+00, 9.6520717442035675e-01, 1.7647910118103027e+00, 6.1362262070178986e-01, 1.7428231835365295e+00, 1.6486440896987915e+00, 1.0594221353530884e+00, 1.6133327484130859e+00, 9.4313365221023560e-01},
        {1.7309084907174110e-01, 1.1366377770900726e+00, 1.7174298167228699e+00, 6.1362262070178986e-01, 1.4008933305740356e+00, 4.6581766009330750e-01, 1.5050246715545654e+00, 9.4705607369542122e-01, 1.1231874525547028e+00, 1.4275888502597809e+00},
        {1.2715889811515808e+00, 1.4196660518646240e+00, 1.2598220109939575e+00, 1.7428231835365295e+00, 4.6581766009330750e-01, 2.6564529538154602e-01, 2.4672643095254898e-01, 7.7955162152647972e-02, 1.4026159048080444e+00, 7.5448830425739288e-01},
        {4.4153286516666412e-01, 7.6631048321723938e-01, 7.1053631603717804e-01, 1.6486440896987915e+00, 1.5050246715545654e+00, 2.4672643095254898e-01, 7.3772244155406952e-02, 6.8802230060100555e-01, 1.1653311252593994e+00, 1.3525620698928833e+00},
        {9.5227694511413574e-01, 9.7213476896286011e-01, 8.8360565900802612e-01, 1.0594221353530884e+00, 9.4705607369542122e-01, 7.7955162152647972e-02, 6.8802230060100555e-01, 6.7139780521392822e-01, 6.6707035899162292e-01, 8.6263725161552429e-01},
        {9.6015891432762146e-01, 1.4838317036628723e+00, 1.3232741057872772e+00, 1.6133327484130859e+00, 1.1231874525547028e+00, 1.4026159048080444e+00, 1.1653311252593994e+00, 6.6707035899162292e-01, 1.0488753318786621e+00, 8.4470632672309875e-01},
        {1.0953614860773087e+00, 5.5934548377990723e-01, 1.9076403379440308e+00, 9.4313365221023560e-01, 1.4275888502597809e+00, 7.5448830425739288e-01, 1.3525620698928833e+00, 8.6263725161552429e-01, 8.4470632672309875e-01, 7.7124166488647461e-01}
    }}},
    {{{
        {1.6845242977142334e+00, 6.3523966073989868e-01, 3.9677121490240097e-01, 2.4021632224321365e-01, 9.7240594029426575e-01, 9.1253355145454407e-01, 3.5942910611629486e-01, 1.2974054217338562e+00, 9.5070003718137741e-01, 1.0817911624908447e+00},
        {6.3523966073989868e-01, 1.2911918163299561e+00, 4.0766102448105812e-01, 1.8366912603378296e+00, 1.6963021159172058e+00, 4.1694274544715881e-01, 9.9058417975902557e-01, 5.1621802151203156e-01, 9.4898897409439087e-01, 1.1147067248821259e+00},
        {3.9677121490240097e-01, 4.0766102448105812e-01, 1.0025509595870972e+00, 1.2334349751472473e+00, 8.3264450728893280e-01, 1.2665100395679474e+00, 1.8624522686004639e+00, 1.2470754384994507e+00, 1.0365825891494751e+00, 8.6576554179191589e-01},
        {2.4021632224321365e-01, 1.8366912603378296e+00, 1.2334349751472473e+00, 6.6959381103515625e-01, 1.5860383510589600e+00, 1.7017098069190979e+00, 8.7419627606868744e-01, 1.1899769902229309e+00, 2.2824819758534431e-01, 1.6558192372322083e+00},
        {9.7240594029426575e-01, 1.6963021159172058e+00, 8.3264450728893280e-01, 1.5860383510589600e+00, 1.8538866043090820e+00, 3.7685672752559185e-01, 1.7472950816154480e+00, 3.9777427911758423e-01, 2.1598526462912560e-01, 8.2328117638826370e-01},
        {9.1253355145454407e-01, 4.1694274544715881e-01, 1.2665100395679474e+00, 1.7017098069190979e+00, 3.7685672752559185e-01, 1.7426404953002930e+00, 9.1497337818145752e-01, 6.4288295805454254e-01, 4.2308689653873444e-01, 1.6787826418876648e+00},
        {3.5942910611629486e-01, 9.9058417975902557e-01, 1.8624522686004639e+00, 8.7419627606868744e-01, 1.7472950816154480e+00, 9.1497337818145752e-01, 1.7908025979995728e+00, 1.0986953675746918e+00, 7.8365135192871094e-01, 1.0403638929128647e+00},
        {1.2974054217338562e+00, 5.1621802151203156e-01, 1.2470754384994507e+00, 1.1899769902229309e+00, 3.9777427911758423e-01, 6.4288295805454254e-01, 1.0986953675746918e+00, 2.0935018360614777e-01, 1.2227576375007629e+00, 7.2386682033538818e-01},
        {9.5070003718137741e-01, 9.4898897409439087e-01, 1.0365825891494751e+00, 2.2824819758534431e-01, 2.1598526462912560e-01, 4.2308689653873444e-01, 7.8365135192871094e-01, 1.2227576375007629e+00, 5.3078122437000275e-03, 1.2085338234901428e+00},
        {1.0817911624908447e+00, 1.1147067248821259e+00, 8.6576554179191589e-01, 1.6558192372322083e+00, 8.2328117638826370e-01, 1.6787826418876648e+00, 1.0403638929128647e+00, 7.2386682033538818e-01, 1.2085338234901428e+00, 7.4315452575683594e-01}
    }}},
    {{{
        {1.9363045692443848e+00, 1.0262120664119720e+00, 1.0774882137775421e+00, 8.2035106420516968e-01, 7.5854593515396118e-01, 1.1359739601612091e+00, 1.1189340949058533e+00, 1.6093095541000366e+00, 1.1526740789413452e+00, 1.0929930210113525e+00},
        {1.0262120664119720e+00, 1.3722480535507202e+00, 6.7811530828475952e-01, 1.6083490848541260e+00, 4.4559105671942234e-01, 4.1905310750007629e-01, 1.3641701042652130e+00, 8.6515220999717712e-01, 9.9893224239349365e-01, 1.4928604960441589e+00},
        {1.0774882137775421e+00, 6.7811530828475952e-01, 4.4091457128524780e-01, 1.7430930733680725e+00, 7.4273869395256042e-01, 7.1003398299217224e-01, 2.6204948220402002e-01, 6.5410967171192169e-01, 9.5211020112037659e-01, 5.5041112750768661e-01},
        {8.2035106420516968e-01, 1.6083490848541260e+00, 1.7430930733680725e+00, 1.8721330165863037e+00, 1.1741605103015900e+00, 1.1943303346633911e+00, 1.1590077877044678e+00, 8.5323086380958557e-01, 9.1887748241424561e-01, 1.4929028749465942e+00},
        {7.5854593515396118e-01, 4.4559105671942234e-01, 7.4273869395256042e-01, 1.1741605103015900e+00, 1.4209653139114380e+00, 6.9685964286327362e-01, 9.4868052005767822e-01, 1.0584549009799957e+00, 4.8000514693558216e-01, 1.4187494516372681e+00},
        {1.1359739601612091e+00, 4.1905310750007629e-01, 7.1003398299217224e-01, 1.1943303346633911e+00, 6.9685964286327362e-01, 1.8636026382446289e+00, 2.1596696227788925e-01, 1.3019544482231140e+00, 1.0313728153705597e+00, 1.5474041700363159e+00},
        {1.1189340949058533e+00, 1.3641701042652130e+00, 2.6204948220402002e-01, 1.1590077877044678e+00, 9.4868052005767822e-01, 2.1596696227788925e-01, 1.5440542697906494e+00, 4.7413632273674011e-01, 2.6184783130884171e-01, 1.2528042495250702e+00},
        {1.6093095541000366e+00, 8.6515220999717712e-01, 6.5410967171192169e-01, 8.5323086380958557e-01, 1.0584549009799957e+00, 1.3019544482231140e+00, 4.7413632273674011e-01, 3.7806585431098938e-01, 8.7866564095020294e-01, 1.0143668502569199e+00},
        {1.1526740789413452e+00, 9.9893224239349365e-01, 9.5211020112037659e-01, 9.1887748241424561e-01, 4.8000514693558216e-01, 1.0313728153705597e+00, 2.6184783130884171e-01, 8.7866564095020294e-01, 6.2798410654067993e-01, 1.2918032705783844e+00},
        {1.0929930210113525e+00, 1.4928604960441589e+00, 5.5041112750768661e-01, 1.4929028749465942e+00, 1.4187494516372681e+00, 1.5474041700363159e+00, 1.2528042495250702e+00, 1.0143668502569199e+00, 1.2918032705783844e+00, 2.1438893675804138e-01}
    }}},
    {{{
        {1.9246289134025574e-01, 7.6318818330764771e-01, 9.9447393417358398e-01, 9.5437895692884922e-01, 6.5677402168512344e-01, 1.1810527443885803e+00, 1.0684009194374084e+00, 7.7954794466495514e-01, 1.3342687487602234e-01, 1.5814411044120789e+00},
        {7.6318818330764771e-01, 1.1062674224376678e-01, 1.2387251555919647e+00, 1.2050155997276306e+00, 1.4740089774131775e+00, 1.4428780674934387e+00, 8.2505668699741364e-01, 9.9598708748817444e-01, 1.6586362123489380e+00, 1.0645300596952438e+00},
        {9.9447393417358398e-01, 1.2387251555919647e+00, 1.4693508148193359e+00, 9.4720983505249023e-01, 1.6448379755020142e+00, 8.6668954044580460e-01, 1.6650428771972656e+00, 1.2365873456001282e+00, 1.0345364734530449e+00, 1.0745290517807007e+00},
        {9.5437895692884922e-01, 1.2050155997276306e+00, 9.4720983505249023e-01, 3.8396090269088745e-01, 1.3201273083686829e+00, 1.0731172710657120e+00, 2.5969465076923370e-01, 7.1378514170646667e-01, 1.2026323080062866e+00, 2.3319941945374012e-01},
        {6.5677402168512344e-01, 1.4740089774131775e+00, 1.6448379755020142e+00, 1.3201273083686829e+00, 1.7985651493072510e+00, 4.7347612679004669e-01, 1.4848161339759827e+00, 1.1217496395111084e+00, 5.2400541305541992e-01, 1.4687651991844177e+00},
        {1.1810527443885803e+00, 1.4428780674934387e+00, 8.6668954044580460e-01, 1.0731172710657120e+00, 4.7347612679004669e-01, 7.2125673294067383e-01, 1.5555427670478821e+00, 5.9168818593025208e-01, 1.4553209543228149e+00, 9.0671408176422119e-01},
        {1.0684009194374084e+00, 8.2505668699741364e-01, 1.6650428771972656e+00, 2.5969465076923370e-01, 1.4848161339759827e+00, 1.5555427670478821e+00, 1.4272472262382507e-01, 1.0691497027873993e+00, 1.2518323063850403e+00, 4.9816614389419556e-01},
        {7.7954794466495514e-01, 9.9598708748817444e-01, 1.2365873456001282e+00, 7.1378514170646667e-01, 1.1217496395111084e+00, 5.9168818593025208e-01, 1.0691497027873993e+00, 1.5827533006668091e+00, 1.4155648350715637e+00, 2.8913138806819916e-01},
        {1.3342687487602234e-01, 1.6586362123489380e+00, 1.0345364734530449e+00, 1.2026323080062866e+00, 5.2400541305541992e-01, 1.4553209543228149e+00, 1.2518323063850403e+00, 1.4155648350715637e+00, 2.8984740376472473e-01, 1.0201545655727386e+00},
        {1.5814411044120789e+00, 1.0645300596952438e+00, 1.0745290517807007e+00, 2.3319941945374012e-01, 1.4687651991844177e+00, 9.0671408176422119e-01, 4.9816614389419556e-01, 2.8913138806819916e-01, 1.0201545655727386e+00, 1.9476400613784790e+00}
    }}},
    {{{
        {3.0127832293510437e-01, 1.0159890493378043e-01, 9.2545297741889954e-01, 1.2247508764266968e+00, 8.8653454557061195e-02, 1.0070402845740318e+00, 8.8209630548954010e-01, 8.3966904878616333e-01, 6.6653364896774292e-01, 1.3300858736038208e+00},
        {1.0159890493378043e-01, 1.9860938787460327e+00, 1.2592124640941620e+00, 7.8555187582969666e-01, 1.3366743326187134e+00, 9.5144185423851013e-01, 5.1394650340080261e-01, 1.1607336997985840e+00, 6.6352068725973368e-01, 1.5554234385490417e+00},
        {9.2545297741889954e-01, 1.2592124640941620e+00, 6.8015855550765991e-01, 4.8198484443128109e-01, 1.4368593692779541e+00, 1.5293518900871277e+00, 1.4760422706604004e+00, 1.3936789631843567e+00, 2.0521134510636330e-01, 6.0961389541625977e-01},
        {1.2247508764266968e+00, 7.8555187582969666e-01, 4.8198484443128109e-01, 7.3441582918167114e-01, 1.1585149914026260e+00, 7.8930429369211197e-01, 1.6389547586441040e+00, 8.7897200882434845e-01, 1.4818812012672424e+00, 5.0495640188455582e-01},
        {8.8653454557061195e-02, 1.3366743326187134e+00, 1.4368593692779541e+00, 1.1585149914026260e+00, 8.6983746290206909e-01, 5.6092413328588009e-01, 9.7481244802474976e-01, 1.4532687366008759e+00, 9.1570854187011719e-01, 1.3052707612514496e+00},
        {1.0070402845740318e+00, 9.5144185423851013e-01, 1.5293518900871277e+00, 7.8930429369211197e-01, 5.6092413328588009e-01, 5.9412628412246704e-01, 1.4216231107711792e+00, 7.6039201021194458e-01, 6.6122494637966156e-01, 6.0131603339686990e-01},
        {8.8209630548954010e-01, 5.1394650340080261e-01, 1.4760422706604004e+00, 1.6389547586441040e+00, 9.7481244802474976e-01, 1.4216231107711792e+00, 8.9232945442199707e-01, 1.2752529382705688e+00, 2.6810130476951599e-01, 4.7132512927055359e-01},
        {8.3966904878616333e-01, 1.1607336997985840e+00, 1.3936789631843567e+00, 8.7897200882434845e-01, 1.4532687366008759e+00, 7.6039201021194458e-01, 1.2752529382705688e+00, 4.2186605930328369e-01, 1.0900653302669525e+00, 4.7249804437160492e-01},
        {6.6653364896774292e-01, 6.6352068725973368e-01, 2.0521134510636330e-01, 1.4818812012672424e+00, 9.1570854187011719e-01, 6.6122494637966156e-01, 2.6810130476951599e-01, 1.0900653302669525e+00, 9.4857305288314819e-01, 8.5564729571342468e-01},
        {1.3300858736038208e+00, 1.5554234385490417e+00, 6.0961389541625977e-01, 5.0495640188455582e-01, 1.3052707612514496e+00, 6.0131603339686990e-01, 4.7132512927055359e-01, 4.7249804437160492e-01, 8.5564729571342468e-01, 7.4970352649688721e-01}
    }}},
    {{{
        {1.6686823368072510e+00, 1.1663900315761566e+00, 1.4796144366264343e+00, 1.3648998737335205e+00, 9.4875492155551910e-01, 1.1965051889419556e+00, 8.9778891205787659e-01, 4.1697495430707932e-01, 1.0422038137912750e+00, 1.0435395538806915e+00},
        {1.1663900315761566e+00, 1.7578406333923340e+00, 1.1108144223690033e+00, 1.1476689577102661e+00, 6.6021919250488281e-01, 9.6310082450509071e-01, 2.9603490233421326e-01, 1.5324138998985291e+00, 1.2564317584037781e+00, 5.2721819281578064e-01},
        {1.4796144366264343e+00, 1.1108144223690033e+00, 9.2116665840148926e-01, 1.6814586147665977e-01, 8.1433889269828796e-01, 1.0724316537380219e+00, 8.6703473329544067e-01, 6.3837585225701332e-01, 5.5872425623238087e-01, 1.2445861399173737e+00},
        {1.3648998737335205e+00, 1.1476689577102661e+00, 1.6814586147665977e-01, 1.0075608491897583e+00, 4.7721956670284271e-01, 1.4956984519958496e+00, 8.0017746984958649e-01, 1.1279314160346985e+00, 5.5769180506467819e-01, 3.1844539940357208e-01},
        {9.4875492155551910e-01, 6.6021919250488281e-01, 8.1433889269828796e-01, 4.7721956670284271e-01, 1.2692527770996094e+00, 1.0351448953151703e+00, 1.3990002870559692e+00, 9.6803459525108337e-01, 1.4478155076503754e+00, 1.2105818390846252e+00},
        {1.1965051889419556e+00, 9.6310082450509071e-01, 1.0724316537380219e+00, 1.4956984519958496e+00, 1.0351448953151703e+00, 9.2688345909118652e-01, 7.1700608730316162e-01, 1.1508835852146149e-01, 8.1838637590408325e-01, 5.4665625095367432e-01},
        {8.9778891205787659e-01, 2.9603490233421326e-01, 8.6703473329544067e-01, 8.0017746984958649e-01, 1.3990002870559692e+00, 7.1700608730316162e-01, 1.2291619777679443e+00, 4.6248830854892731e-01, 9.3048116564750671e-01, 1.0852205753326416e+00},
        {4.1697495430707932e-01, 1.5324138998985291e+00, 6.3837585225701332e-01, 1.1279314160346985e+00, 9.6803459525108337e-01, 1.1508835852146149e-01, 4.6248830854892731e-01, 1.1170246601104736e+00, 1.1616297066211700e+00, 9.9336501955986023e-01},
        {1.0422038137912750e+00, 1.2564317584037781e+00, 5.5872425623238087e-01, 5.5769180506467819e-01, 1.4478155076503754e+00, 8.1838637590408325e-01, 9.3048116564750671e-01, 1.1616297066211700e+00, 2.8057575225830078e-01, 3.6260384321212769e-01},
        {1.0435395538806915e+00, 5.2721819281578064e-01, 1.2445861399173737e+00, 3.1844539940357208e-01, 1.2105818390846252e+00, 5.4665625095367432e-01, 1.0852205753326416e+00, 9.9336501955986023e-01, 3.6260384321212769e-01, 1.4392322301864624e+00}
    }}},
    {{{
        {1.1331530809402466e+00, 6.2261362373828888e-01, 1.0080804973840714e+00, 1.8078807592391968e+00, 5.4662616550922394e-01, 1.5745570659637451e+00, 8.5172671079635620e-01, 5.6429836899042130e-01, 1.1179695725440979e+00, 1.4584373831748962e+00},
        {6.2261362373828888e-01, 5.6164515018463135e-01, 5.3682796657085419e-01, 1.0408823192119598e+00, 9.3303689360618591e-01, 1.0529954135417938e+00, 6.5514421463012695e-01, 1.4978526234626770e+00, 1.5003411173820496e+00, 7.4808932840824127e-01},
        {1.0080804973840714e+00, 5.3682796657085419e-01, 5.5284506082534790e-01, 1.4841901659965515e+00, 1.4503077268600464e+00, 1.6078079938888550e+00, 1.0930726602673531e+00, 1.0659446418285370e+00, 3.2474720850586891e-01, 2.8845169395208359e-01},
        {1.8078807592391968e+00, 1.0408823192119598e+00, 1.4841901659965515e+00, 1.6179417371749878e+00, 9.0646220743656158e-01, 1.2641368508338928e+00, 1.5048167705535889e+00, 1.1728659272193909e+00, 6.0915356129407883e-01, 6.0355529189109802e-01},
        {5.4662616550922394e-01, 9.3303689360618591e-01, 1.4503077268600464e+00, 9.0646220743656158e-01, 1.4526909589767456e-01, 4.6170188486576080e-01, 1.1417032033205032e+00, 7.7591232955455780e-01, 1.2342362403869629e+00, 6.8548365682363510e-01},
        {1.5745570659637451e+00, 1.0529954135417938e+00, 1.6078079938888550e+00, 1.2641368508338928e+00, 4.6170188486576080e-01, 1.8012230396270752e+00, 1.3662408590316772e+00, 1.3488100171089172e+00, 8.9016959071159363e-01, 1.7675075531005859e+00},
        {8.5172671079635620e-01, 6.5514421463012695e-01, 1.0930726602673531e+00, 1.5048167705535889e+00, 1.1417032033205032e+00, 1.3662408590316772e+00, 1.9969359636306763e+00, 8.2079279422760010e-01, 1.3303296267986298e+00, 8.3785140514373779e-01},
        {5.6429836899042130e-01, 1.4978526234626770e+00, 1.0659446418285370e+00, 1.1728659272193909e+00, 7.7591232955455780e-01, 1.3488100171089172e+00, 8.2079279422760010e-01, 1.0757911205291748e+00, 9.4972271472215652e-01, 1.1031680703163147e+00},
        {1.1179695725440979e+00, 1.5003411173820496e+00, 3.2474720850586891e-01, 6.0915356129407883e-01, 1.2342362403869629e+00, 8.9016959071159363e-01, 1.3303296267986298e+00, 9.4972271472215652e-01, 5.5173480510711670e-01, 7.2658453881740570e-01},
        {1.4584373831748962e+00, 7.4808932840824127e-01, 2.8845169395208359e-01, 6.0355529189109802e-01, 6.8548365682363510e-01, 1.7675075531005859e+00, 8.3785140514373779e-01, 1.1031680703163147e+00, 7.2658453881740570e-01, 1.6121290624141693e-01}
    }}},
    {{{
        {1.6555520296096802e+00, 1.5291988849639893e+00, 1.7641031146049500e+00, 1.2098118662834167e+00, 1.5714156627655029e+00, 5.1679753512144089e-01, 1.2269107401371002e+00, 1.0947078019380569e+00, 1.1939793527126312e+00, 9.5416071265935898e-01},
        {1.5291988849639893e+00, 1.2031525373458862e+00, 1.3504804074764252e+00, 7.6442080736160278e-01, 1.7061474919319153e+00, 1.4416297674179077e+00, 7.8165750950574875e-01, 1.5819783210754395e+00, 9.4045975804328918e-01, 1.1042038202285767e+00},
        {1.7641031146049500e+00, 1.3504804074764252e+00, 1.9461401700973511e+00, 1.5304595828056335e+00, 1.4170725345611572e+00, 8.1223199516534805e-01, 7.9327375814318657e-01, 1.5046830177307129e+00, 1.5021131038665771e+00, 7.1061781048774719e-01},
        {1.2098118662834167e+00, 7.6442080736160278e-01, 1.5304595828056335e+00, 1.7591018676757812e+00, 1.0959685444831848e+00, 2.2737208008766174e-01, 1.0420151948928833e+00, 1.6372260451316833e+00, 1.7609356641769409e+00, 4.9791626445949078e-01},
        {1.5714156627655029e+00, 1.7061474919319153e+00, 1.4170725345611572e+00, 1.0959685444831848e+00, 1.5967040061950684e+00, 1.1268408298492432e+00, 9.9103894829750061e-01, 1.4079506397247314e+00, 1.3067053258419037e+00, 3.7020095437765121e-01},
        {5.1679753512144089e-01, 1.4416297674179077e+00, 8.1223199516534805e-01, 2.2737208008766174e-01, 1.1268408298492432e+00, 1.0461407899856567e+00, 3.4402547031641006e-01, 5.1943618059158325e-01, 1.3053142428398132e+00, 1.7792445421218872e+00},
        {1.2269107401371002e+00, 7.8165750950574875e-01, 7.9327375814318657e-01, 1.0420151948928833e+00, 9.9103894829750061e-01, 3.4402547031641006e-01, 1.6777559518814087e+00, 9.8667498305439949e-01, 1.4741385579109192e+00, 7.2568321228027344e-01},
        {1.0947078019380569e+00, 1.5819783210754395e+00, 1.5046830177307129e+00, 1.6372260451316833e+00, 1.4079506397247314e+00, 5.1943618059158325e-01, 9.8667498305439949e-01, 1.2028167247772217e+00, 1.1879665106534958e+00, 1.7895174622535706e+00},
        {1.1939793527126312e+00, 9.4045975804328918e-01, 1.5021131038665771e+00, 1.7609356641769409e+00, 1.3067053258419037e+00, 1.3053142428398132e+00, 1.4741385579109192e+00, 1.1879665106534958e+00, 1.3185657262802124e+00, 1.5504754185676575e+00},
        {9.5416071265935898e-01, 1.1042038202285767e+00, 7.1061781048774719e-01, 4.9791626445949078e-01, 3.7020095437765121e-01, 1.7792445421218872e+00, 7.2568321228027344e-01, 1.7895174622535706e+00, 1.5504754185676575e+00, 6.4645498991012573e-01}
    }}},
    {{{
        {1.7643911838531494e+00, 6.1636136099696159e-01, 6.2460208125412464e-01, 1.0220111012458801e+00, 4.0333013236522675e-01, 1.3868907094001770e+00, 8.0267515033483505e-01, 7.2214653342962265e-01, 9.1820245981216431e-01, 1.4696981906890869e+00},
        {6.1636136099696159e-01, 1.8620640039443970e-01, 1.1405394673347473e+00, 1.2021657824516296e+00, 7.2575035691261292e-01, 9.2252039909362793e-01, 1.2939597368240356e+00, 1.0073728859424591e+00, 4.3206331133842468e-01, 9.6813739836215973e-01},
        {6.2460208125412464e-01, 1.1405394673347473e+00, 1.0316454172134399e+00, 1.0408641099929810e+00, 7.4373483657836914e-01, 1.0341394841670990e+00, 1.4977843314409256e-01, 2.6516842842102051e-01, 1.3549639880657196e+00, 9.8941874504089355e-01},
        {1.0220111012458801e+00, 1.2021657824516296e+00, 1.0408641099929810e+00, 1.2044880390167236e+00, 1.1649037152528763e+00, 1.5770351886749268e+00, 5.1941263303160667e-01, 5.6748679280281067e-01, 1.6235775351524353e+00, 7.1498557925224304e-01},
        {4.0333013236522675e-01, 7.2575035691261292e-01, 7.4373483657836914e-01, 1.1649037152528763e+00, 1.9496603012084961e+00, 1.6453839093446732e-01, 1.2856916487216949e+00, 1.1548983305692673e+00, 8.5955283790826797e-01, 1.4644413590431213e+00},
        {1.3868907094001770e+00, 9.2252039909362793e-01, 1.0341394841670990e+00, 1.5770351886749268e+00, 1.6453839093446732e-01, 1.4452683925628662e+00, 8.5814517736434937e-01, 4.8887460678815842e-01, 1.3070572018623352e+00, 1.5351328253746033e+00},
        {8.0267515033483505e-01, 1.2939597368240356e+00, 1.4977843314409256e-01, 5.1941263303160667e-01, 1.2856916487216949e+00, 8.5814517736434937e-01, 1.2199416160583496e+00, 1.0387069284915924e+00, 1.4030154645442963e+00, 1.0631686896085739e+00},
        {7.2214653342962265e-01, 1.0073728859424591e+00, 2.6516842842102051e-01, 5.6748679280281067e-01, 1.1548983305692673e+00, 4.8887460678815842e-01, 1.0387069284915924e+00, 1.0533195734024048e+00, 8.2292798161506653e-01, 9.2512521147727966e-01},
        {9.1820245981216431e-01, 4.3206331133842468e-01, 1.3549639880657196e+00, 1.6235775351524353e+00, 8.5955283790826797e-01, 1.3070572018623352e+00, 1.4030154645442963e+00, 8.2292798161506653e-01, 1.6298720836639404e+00, 3.0743728578090668e-01},
        {1.4696981906890869e+00, 9.6813739836215973e-01, 9.8941874504089355e-01, 7.1498557925224304e-01, 1.4644413590431213e+00, 1.5351328253746033e+00, 1.0631686896085739e+00, 9.2512521147727966e-01, 3.0743728578090668e-01, 3.8333722949028015e-01}
    }}},
    {{{
        {1.7459453344345093e+00, 1.1525087952613831e+00, 1.1369647383689880e+00, 1.2277407646179199e+00, 1.8774632811546326e+00, 5.8552321791648865e-01, 6.1596486344933510e-01, 1.0983790755271912e+00, 1.4600825905799866e+00, 7.8298243880271912e-01},
        {1.1525087952613831e+00, 1.0189313888549805e+00, 7.4187277257442474e-01, 2.9818333685398102e-01, 1.1965201497077942e+00, 8.7508574128150940e-01, 5.2452442422509193e-01, 1.1836443841457367e+00, 1.7251774668693542e+00, 1.5744361281394958e+00},
        {1.1369647383689880e+00, 7.4187277257442474e-01, 7.4516773223876953e-01, 1.2246123552322388e+00, 1.0102312043309212e+00, 6.1662709712982178e-01, 1.0014394521713257e+00, 5.3023196477442980e-01, 1.7365070581436157e+00, 6.4092218875885010e-01},
        {1.2277407646179199e+00, 2.9818333685398102e-01, 1.2246123552322388e+00, 1.0282822847366333e+00, 1.2482192218303680e+00, 9.9533439427614212e-01, 9.0333113074302673e-01, 1.4899588823318481e+00, 4.0012802183628082e-01, 1.8846691772341728e-01},
        {1.8774632811546326e+00, 1.1965201497077942e+00, 1.0102312043309212e+00, 1.2482192218303680e+00, 1.5373194217681885e+00, 1.1924791634082794e+00, 7.6504997909069061e-02, 1.0275571644306183e+00, 7.6036971807479858e-01, 4.3872778117656708e-01},
        {5.8552321791648865e-01, 8.7508574128150940e-01, 6.1662709712982178e-01, 9.9533439427614212e-01, 1.1924791634082794e+00, 7.0629662275314331e-01, 7.3412513732910156e-01, 7.9720571637153625e-01, 6.8469901382923126e-01, 1.6762385368347168e+00},
        {6.1596486344933510e-01, 5.2452442422509193e-01, 1.0014394521713257e+00, 9.0333113074302673e-01, 7.6504997909069061e-02, 7.3412513732910156e-01, 1.1017709970474243e-01, 1.2183957099914551e+00, 3.4401663765311241e-01, 1.3350934982299805e+00},
        {1.0983790755271912e+00, 1.1836443841457367e+00, 5.3023196477442980e-01, 1.4899588823318481e+00, 1.0275571644306183e+00, 7.9720571637153625e-01, 1.2183957099914551e+00, 1.9369434118270874e+00, 7.2421234846115112e-01, 7.7099329233169556e-01},
