#ifndef GENERATED_CASES_HPP
#define GENERATED_CASES_HPP

#include "../consteig.hpp"

namespace consteig {

// Symmetric Matrix Test Cases
static constexpr Matrix<double, 10, 10> mat_sym[50] = {
    {{{
        {1.9023654793807623e+00, 4.3748348034502038e-01, 1.9934975812236977e-01, 8.8231916043681646e-01, 5.6920725942653327e-01, 3.1084239426065519e-01, 1.2215972764688829e+00, 8.9947299594452579e-01, 1.0275162096454324e+00, 8.5749440445092950e-01},
        {4.3748348034502038e-01, 1.4325506326914350e+00, 1.1286888340492203e+00, 1.5937565309618458e+00, 1.7627120807573269e+00, 1.0588786696525059e+00, 1.1418754433651785e+00, 9.7468879751704651e-01, 9.8135619605064761e-01, 6.6761074606726500e-01},
        {1.9934975812236977e-01, 1.1286888340492203e+00, 1.0714739883712503e+00, 1.6501470460432641e+00, 4.3518453453550365e-01, 5.8875994599053305e-01, 5.9911221776537227e-01, 9.0817891889076818e-01, 5.9121077587196824e-01, 1.4830686151216375e+00},
        {8.8231916043681646e-01, 1.5937565309618458e+00, 1.6501470460432641e+00, 1.3100929906459102e+00, 1.3977757019787767e+00, 1.6149247834561131e+00, 2.8231906386591044e-01, 1.5666759010607922e+00, 7.7831107340046923e-01, 1.3649756798907533e+00},
        {5.6920725942653327e-01, 1.7627120807573269e+00, 4.3518453453550365e-01, 1.3977757019787767e+00, 1.3266360320041117e+00, 2.5942465054452646e-01, 4.4252114410864052e-01, 1.7610732726686744e+00, 6.7719941009140949e-01, 8.2637077391076075e-01},
        {3.1084239426065519e-01, 1.0588786696525059e+00, 5.8875994599053305e-01, 1.6149247834561131e+00, 2.5942465054452646e-01, 1.1026235575970085e+00, 1.0012772980661202e+00, 6.4123030552754745e-01, 1.0306540751593176e+00, 7.7179931394061074e-01},
        {1.2215972764688829e+00, 1.1418754433651785e+00, 5.9911221776537227e-01, 2.8231906386591044e-01, 4.4252114410864052e-01, 1.0012772980661202e+00, 1.1978375769354308e+00, 3.0706714233439281e-01, 1.2667753244332269e+00, 1.9132584157393855e+00},
        {8.9947299594452579e-01, 9.7468879751704651e-01, 9.0817891889076818e-01, 1.5666759010607922e+00, 1.7610732726686744e+00, 6.4123030552754745e-01, 3.0706714233439281e-01, 8.4243696618015695e-01, 1.3209987416074838e+00, 1.4656224231411170e+00},
        {1.0275162096454324e+00, 9.8135619605064761e-01, 5.9121077587196824e-01, 7.7831107340046923e-01, 6.7719941009140949e-01, 1.0306540751593176e+00, 1.2667753244332269e+00, 1.3209987416074838e+00, 8.1807003095415265e-01, 1.0752612585365995e+00},
        {8.5749440445092950e-01, 6.6761074606726500e-01, 1.4830686151216375e+00, 1.3649756798907533e+00, 8.2637077391076075e-01, 7.7179931394061074e-01, 1.9132584157393855e+00, 1.4656224231411170e+00, 1.0752612585365995e+00, 1.8327128526655883e+00}
    }}},
    {{{
        {7.3900523126223461e-01, 1.1764154377649338e+00, 5.9509767582110695e-01, 1.6951301379823094e+00, 1.3382962065916471e+00, 1.5147132798823193e-01, 1.4172800860738293e+00, 1.0207499797236590e+00, 1.0502387939257936e+00, 1.4926290254556271e+00},
        {1.1764154377649338e+00, 3.5066509510381993e-01, 1.1263657926853250e+00, 9.4885805422708080e-01, 6.5131817333931563e-01, 3.0430631199595615e-01, 9.2964270933605897e-01, 9.0675574990149843e-01, 1.1499900198786972e+00, 1.3142438686562121e+00},
        {5.9509767582110695e-01, 1.1263657926853250e+00, 1.0817620970280797e+00, 5.0395290272846871e-01, 1.6270176168835060e-01, 8.0342036082257096e-01, 6.4094371306190023e-01, 1.4942205790837668e+00, 1.3128528857958413e+00, 1.5830151328240751e+00},
        {1.6951301379823094e+00, 9.4885805422708080e-01, 5.0395290272846871e-01, 6.8089392358620349e-01, 3.0950733741742753e-01, 1.1483813560587859e+00, 1.3628962641269942e+00, 1.1584514311282463e+00, 1.4586702275895003e+00, 9.0511040952759902e-01},
        {1.3382962065916471e+00, 6.5131817333931563e-01, 1.6270176168835060e-01, 3.0950733741742753e-01, 1.0086292292721604e+00, 9.5457004483824148e-01, 6.6125764552609312e-01, 3.7932872420568897e-01, 9.5507359704562700e-01, 4.4329139616740187e-01},
        {1.5147132798823193e-01, 3.0430631199595615e-01, 8.0342036082257096e-01, 1.1483813560587859e+00, 9.5457004483824148e-01, 5.0815117772155882e-01, 1.3925566922346426e+00, 6.5827959707699990e-01, 1.7249977385426685e+00, 5.6192902730081706e-01},
        {1.4172800860738293e+00, 9.2964270933605897e-01, 6.4094371306190023e-01, 1.3628962641269942e+00, 6.6125764552609312e-01, 1.3925566922346426e+00, 8.6759212785192430e-01, 1.6942676193884481e+00, 9.8596710430151602e-01, 5.9884603761740884e-01},
        {1.0207499797236590e+00, 9.0675574990149843e-01, 1.4942205790837668e+00, 1.1584514311282463e+00, 3.7932872420568897e-01, 6.5827959707699990e-01, 1.6942676193884481e+00, 1.6072532141490543e+00, 9.3492782644036443e-01, 1.4637231878557659e+00},
        {1.0502387939257936e+00, 1.1499900198786972e+00, 1.3128528857958413e+00, 1.4586702275895003e+00, 9.5507359704562700e-01, 1.7249977385426685e+00, 9.8596710430151602e-01, 9.3492782644036443e-01, 1.8620010326986991e-01, 1.3989091067095960e+00},
        {1.4926290254556271e+00, 1.3142438686562121e+00, 1.5830151328240751e+00, 9.0511040952759902e-01, 4.4329139616740187e-01, 5.6192902730081706e-01, 5.9884603761740884e-01, 1.4637231878557659e+00, 1.3989091067095960e+00, 1.0967732120333586e+00}
    }}},
    {{{
        {8.7215789582369885e-01, 4.6027390549989511e-01, 6.2222071703335124e-01, 7.6079222298373395e-01, 9.8409107547733465e-02, 9.6892128753086160e-01, 1.2579407831848981e+00, 7.9046456307450663e-01, 4.3162423477548362e-01, 1.0531417454040870e+00},
        {4.6027390549989511e-01, 1.4663405410436878e+00, 1.4188578191908052e+00, 1.2508554665435652e+00, 1.0067227680344353e+00, 1.3703896632798427e+00, 7.6562734179455982e-01, 7.9268986483079029e-01, 9.5628354641522872e-01, 5.2876640782889917e-01},
        {6.2222071703335124e-01, 1.4188578191908052e+00, 1.8811522779210650e+00, 1.0149847539661874e+00, 1.5999668798311133e+00, 9.9288843015858919e-01, 7.6986541769254890e-01, 1.3322092134165822e+00, 9.4036019541500715e-01, 5.2012320007018553e-01},
        {7.6079222298373395e-01, 1.2508554665435652e+00, 1.0149847539661874e+00, 1.8673396918472560e+00, 3.4733012592260715e-01, 1.1735024388351267e+00, 1.6660321481640767e+00, 6.5896574928358509e-01, 7.5866819851375356e-01, 3.7278672807988478e-01},
        {9.8409107547733465e-02, 1.0067227680344353e+00, 1.5999668798311133e+00, 3.4733012592260715e-01, 1.1174429706283708e+00, 1.0055868189696335e+00, 1.2037732859782380e+00, 6.6167791971619949e-01, 1.1084962720489866e+00, 5.6461444594040433e-01},
        {9.6892128753086160e-01, 1.3703896632798427e+00, 9.9288843015858919e-01, 1.1735024388351267e+00, 1.0055868189696335e+00, 2.9272279463188533e-01, 1.1772557814132325e+00, 1.6651769417139934e+00, 1.1831741744867936e+00, 9.8879258776456136e-01},
        {1.2579407831848981e+00, 7.6562734179455982e-01, 7.6986541769254890e-01, 1.6660321481640767e+00, 1.2037732859782380e+00, 1.1772557814132325e+00, 2.1355531424852470e-01, 4.9886137553478782e-01, 1.3702332385985243e+00, 1.3642621993077220e+00},
        {7.9046456307450663e-01, 7.9268986483079029e-01, 1.3322092134165822e+00, 6.5896574928358509e-01, 6.6167791971619949e-01, 1.6651769417139934e+00, 4.9886137553478782e-01, 8.5001958409968159e-02, 1.0497843349612599e+00, 1.4048777968359398e+00},
        {4.3162423477548362e-01, 9.5628354641522872e-01, 9.4036019541500715e-01, 7.5866819851375356e-01, 1.1084962720489866e+00, 1.1831741744867936e+00, 1.3702332385985243e+00, 1.0497843349612599e+00, 1.2274216888678788e+00, 9.9353007874734245e-01},
        {1.0531417454040870e+00, 5.2876640782889917e-01, 5.2012320007018553e-01, 3.7278672807988478e-01, 5.6461444594040433e-01, 9.8879258776456136e-01, 1.3642621993077220e+00, 1.4048777968359398e+00, 9.9353007874734245e-01, 1.9569473658970851e+00}
    }}},
    {{{
        {8.6765995698944787e-01, 7.4693381905928902e-01, 5.4460417019822216e-01, 8.1106753390521380e-01, 1.1965656909346793e+00, 1.5432955560924102e+00, 1.0728669465969329e+00, 9.2431356276894039e-01, 1.2570356030985752e+00, 1.7138358295144478e+00},
        {7.4693381905928902e-01, 8.3488367201905334e-02, 3.7021936485744000e-01, 8.2760108155952339e-01, 1.1180989336929323e+00, 7.9243536413353577e-01, 3.8913511874811013e-01, 5.2227798832948991e-01, 9.4072012732220811e-01, 1.0512121590730619e+00},
        {5.4460417019822216e-01, 3.7021936485744000e-01, 1.4704699792726041e+00, 1.5266922937632783e+00, 6.6714733816736815e-01, 1.6078699494332360e+00, 1.4806203545510468e+00, 9.6831443680695495e-01, 1.7943113254016534e+00, 7.9237345059318931e-01},
        {8.1106753390521380e-01, 8.2760108155952339e-01, 1.5266922937632783e+00, 6.8354320468148599e-01, 9.0736810388243283e-01, 1.7165390234204769e-01, 5.2847261858103556e-01, 1.6049460155955551e+00, 1.4057145685184791e+00, 7.6373362626644514e-01},
        {1.1965656909346793e+00, 1.1180989336929323e+00, 6.6714733816736815e-01, 9.0736810388243283e-01, 1.4989016936885318e+00, 7.8264537037394277e-01, 3.7962801958213388e-01, 1.0814272500996538e+00, 1.3168584511841297e-01, 6.7746862373011185e-01},
        {1.5432955560924102e+00, 7.9243536413353577e-01, 1.6078699494332360e+00, 1.7165390234204769e-01, 7.8264537037394277e-01, 1.4542807009651004e+00, 1.4679897322793105e+00, 7.5006965268107439e-01, 4.5009771617930350e-01, 9.9968808917630658e-01},
        {1.0728669465969329e+00, 3.8913511874811013e-01, 1.4806203545510468e+00, 5.2847261858103556e-01, 3.7962801958213388e-01, 1.4679897322793105e+00, 4.5543223628028184e-01, 8.5790959827441060e-01, 7.4777090333175722e-01, 9.7424555164092086e-01},
        {9.2431356276894039e-01, 5.2227798832948991e-01, 9.6831443680695495e-01, 1.6049460155955551e+00, 1.0814272500996538e+00, 7.5006965268107439e-01, 8.5790959827441060e-01, 1.9487423094135230e+00, 9.6770670536834758e-01, 7.9758157507407645e-01},
        {1.2570356030985752e+00, 9.4072012732220811e-01, 1.7943113254016534e+00, 1.4057145685184791e+00, 1.3168584511841297e-01, 4.5009771617930350e-01, 7.4777090333175722e-01, 9.6770670536834758e-01, 1.0472861345630493e+00, 2.2030647792652258e-01},
        {1.7138358295144478e+00, 1.0512121590730619e+00, 7.9237345059318931e-01, 7.6373362626644514e-01, 6.7746862373011185e-01, 9.9968808917630658e-01, 9.7424555164092086e-01, 7.9758157507407645e-01, 2.2030647792652258e-01, 5.2933112417199291e-01}
    }}},
    {{{
        {1.1576690841338499e+00, 1.7839542747721482e+00, 5.9680872703242360e-01, 4.0546744917106947e-01, 1.2318866678127338e+00, 3.4492570711253745e-01, 1.6766313460918978e+00, 5.3650433484661175e-01, 9.5521140528454540e-01, 7.5542637255178580e-01},
        {1.7839542747721482e+00, 1.1679498505474597e+00, 6.2756112525802743e-01, 7.2176049228694228e-01, 1.7599440071924015e+00, 1.0439409040198748e+00, 6.0533535585633869e-01, 1.8062290994854573e+00, 4.7022876139578973e-01, 1.2958199840704638e+00},
        {5.9680872703242360e-01, 6.2756112525802743e-01, 6.9809719276689708e-01, 1.0886975524793048e+00, 5.5921062818360334e-01, 8.4015199415617337e-01, 1.4806008899560508e+00, 1.0860085849777708e+00, 8.2273914616862531e-01, 9.6987004378531338e-01},
        {4.0546744917106947e-01, 7.2176049228694228e-01, 1.0886975524793048e+00, 6.1070907691531184e-01, 1.4411458227728329e+00, 9.0623619437521119e-01, 1.5563916963967284e+00, 1.0896885324650341e+00, 1.3974982429448353e+00, 5.8586582340157978e-01},
        {1.2318866678127338e+00, 1.7599440071924015e+00, 5.5921062818360334e-01, 1.4411458227728329e+00, 1.0682006076626216e-01, 5.8241468837883170e-01, 1.1441518594720219e+00, 6.9867373519163312e-01, 7.4763634967311832e-01, 1.5588058651588284e+00},
        {3.4492570711253745e-01, 1.0439409040198748e+00, 8.4015199415617337e-01, 9.0623619437521119e-01, 5.8241468837883170e-01, 1.5057344610363943e+00, 1.6367714066615413e+00, 4.2257687293346557e-01, 9.6660720567701031e-01, 3.0152167523426343e-01},
        {1.6766313460918978e+00, 6.0533535585633869e-01, 1.4806008899560508e+00, 1.5563916963967284e+00, 1.1441518594720219e+00, 1.6367714066615413e+00, 1.7536796776171848e+00, 6.0484192456923191e-01, 3.5408691258809033e-01, 5.5453125418821059e-01},
        {5.3650433484661175e-01, 1.8062290994854573e+00, 1.0860085849777708e+00, 1.0896885324650341e+00, 6.9867373519163312e-01, 4.2257687293346557e-01, 6.0484192456923191e-01, 4.1297069390305463e-01, 1.0375464652015278e+00, 5.4011278567643439e-01},
        {9.5521140528454540e-01, 4.7022876139578973e-01, 8.2273914616862531e-01, 1.3974982429448353e+00, 7.4763634967311832e-01, 9.6660720567701031e-01, 3.5408691258809033e-01, 1.0375464652015278e+00, 3.7126624887617865e-01, 1.2696393703837814e+00},
        {7.5542637255178580e-01, 1.2958199840704638e+00, 9.6987004378531338e-01, 5.8586582340157978e-01, 1.5588058651588284e+00, 3.0152167523426343e-01, 5.5453125418821059e-01, 5.4011278567643439e-01, 1.2696393703837814e+00, 1.0125327226729075e-01}
    }}},
    {{{
        {3.6796384086172185e-01, 8.3518502833681774e-01, 5.3876737926640061e-01, 1.7539451167882580e+00, 9.2374071813813363e-01, 1.2529393148876142e+00, 6.3569423814528847e-01, 1.5232003926455577e+00, 3.9771739136201312e-01, 4.4085491547341304e-01},
        {8.3518502833681774e-01, 5.6828631979207223e-01, 1.3042759279688401e+00, 1.4003511979750090e+00, 7.0015284991243099e-01, 1.1320889305866275e+00, 1.2247038144610420e+00, 1.5534358361982579e+00, 1.5419585356315846e+00, 1.0966216829594893e+00},
        {5.3876737926640061e-01, 1.3042759279688401e+00, 1.9147347165946818e+00, 5.8797902925295109e-01, 6.2036974676643564e-01, 3.4114807439362493e-01, 1.1607469477702916e+00, 3.8833080843603496e-01, 1.3920792986543016e+00, 7.2017051570307777e-01},
        {1.7539451167882580e+00, 1.4003511979750090e+00, 5.8797902925295109e-01, 1.4295175453425255e+00, 1.1855167955051704e+00, 1.2129147601750709e+00, 7.2590235712124007e-01, 7.0417559766400650e-01, 6.1428433238435465e-01, 1.4037247967734112e+00},
        {9.2374071813813363e-01, 7.0015284991243099e-01, 6.2036974676643564e-01, 1.1855167955051704e+00, 6.3940066867625034e-01, 9.4379980201098024e-01, 1.6742911032404162e+00, 7.9691752804116933e-01, 1.4896759281572165e+00, 1.2836968878567911e+00},
        {1.2529393148876142e+00, 1.1320889305866275e+00, 3.4114807439362493e-01, 1.2129147601750709e+00, 9.4379980201098024e-01, 2.8607144533369988e-02, 9.2878462055778865e-01, 1.2462749006766023e+00, 9.5607623241921080e-01, 7.8444946120992609e-01},
        {6.3569423814528847e-01, 1.2247038144610420e+00, 1.1607469477702916e+00, 7.2590235712124007e-01, 1.6742911032404162e+00, 9.2878462055778865e-01, 1.4220457863832969e-02, 9.3838587785564009e-01, 5.1509991090027929e-01, 1.2261917785693579e+00},
        {1.5232003926455577e+00, 1.5534358361982579e+00, 3.8833080843603496e-01, 7.0417559766400650e-01, 7.9691752804116933e-01, 1.2462749006766023e+00, 9.3838587785564009e-01, 1.9020894453508548e+00, 4.7590320909859463e-01, 1.5531994461507246e+00},
        {3.9771739136201312e-01, 1.5419585356315846e+00, 1.3920792986543016e+00, 6.1428433238435465e-01, 1.4896759281572165e+00, 9.5607623241921080e-01, 5.1509991090027929e-01, 4.7590320909859463e-01, 1.0683529239422052e+00, 1.5081443473429628e+00},
        {4.4085491547341304e-01, 1.0966216829594893e+00, 7.2017051570307777e-01, 1.4037247967734112e+00, 1.2836968878567911e+00, 7.8444946120992609e-01, 1.2261917785693579e+00, 1.5531994461507246e+00, 1.5081443473429628e+00, 1.0722243803645721e+00}
    }}},
    {{{
        {2.6427659726736241e-01, 9.7574579961542796e-01, 8.0032212377315071e-01, 1.1284959266845167e+00, 5.2932231356143400e-01, 1.0936901617986796e+00, 7.8811887191517449e-01, 7.6803302470225621e-01, 1.3488480556560067e+00, 7.9070590452685108e-01},
        {9.7574579961542796e-01, 1.6438962642940846e+00, 1.3427327629290318e+00, 8.2894593980467557e-01, 9.4749615427641432e-01, 1.7787507111905045e+00, 1.2459118209649525e+00, 8.3908626846032697e-01, 7.7718675828882544e-01, 1.1343189417394490e+00},
        {8.0032212377315071e-01, 1.3427327629290318e+00, 1.1559061298611841e+00, 5.9727058259661769e-01, 1.0105537729477096e+00, 1.0111761099225509e+00, 9.7470577833465832e-01, 1.2524244762713721e+00, 6.3034875785908495e-01, 4.7464026799972270e-01},
        {1.1284959266845167e+00, 8.2894593980467557e-01, 5.9727058259661769e-01, 1.3618877603472197e+00, 9.5856359459754070e-01, 2.6332613535309390e-01, 1.1964173947989398e+00, 7.8722866000459912e-01, 1.6843896077583136e+00, 9.7271586933555987e-01},
        {5.2932231356143400e-01, 9.4749615427641432e-01, 1.0105537729477096e+00, 9.5856359459754070e-01, 4.3898224721133183e-01, 1.1284434174456668e+00, 6.9735511411913798e-01, 9.1823898508058510e-01, 1.3487424876483249e+00, 1.1359264086275862e+00},
        {1.0936901617986796e+00, 1.7787507111905045e+00, 1.0111761099225509e+00, 2.6332613535309390e-01, 1.1284434174456668e+00, 4.4013584038410913e-01, 8.3947003730009651e-01, 1.1163869847715491e+00, 4.0165324126479152e-01, 1.0856115760231182e+00},
        {7.8811887191517449e-01, 1.2459118209649525e+00, 9.7470577833465832e-01, 1.1964173947989398e+00, 6.9735511411913798e-01, 8.3947003730009651e-01, 1.6921898351083242e-01, 1.1571151763115082e+00, 1.1461537443254461e+00, 5.6829395109531045e-01},
        {7.6803302470225621e-01, 8.3908626846032697e-01, 1.2524244762713721e+00, 7.8722866000459912e-01, 9.1823898508058510e-01, 1.1163869847715491e+00, 1.1571151763115082e+00, 1.0144425886213815e+00, 7.1950479390966104e-01, 3.5209278824218160e-01},
        {1.3488480556560067e+00, 7.7718675828882544e-01, 6.3034875785908495e-01, 1.6843896077583136e+00, 1.3487424876483249e+00, 4.0165324126479152e-01, 1.1461537443254461e+00, 7.1950479390966104e-01, 6.2289759832235592e-01, 1.4644002752030452e+00},
        {7.9070590452685108e-01, 1.1343189417394490e+00, 4.7464026799972270e-01, 9.7271586933555987e-01, 1.1359264086275862e+00, 1.0856115760231182e+00, 5.6829395109531045e-01, 3.5209278824218160e-01, 1.4644002752030452e+00, 1.4326705947901401e+00}
    }}},
    {{{
        {7.3055549978852929e-01, 1.1229279779261325e+00, 9.8918535341689762e-01, 1.2242358369406048e+00, 1.5833913762755256e+00, 1.6750379387171996e+00, 1.5362908594595663e+00, 1.4787837471386127e+00, 9.1191634836194435e-01, 1.3307914005896402e+00},
        {1.1229279779261325e+00, 1.0748348830407464e+00, 1.0417335836134491e+00, 1.2209884095601131e+00, 7.6037856158878536e-01, 6.7697196513624480e-01, 3.1232898257871655e-01, 1.1980892027402372e+00, 8.0863345105185569e-01, 7.1604841277711428e-01},
        {9.8918535341689762e-01, 1.0417335836134491e+00, 1.0197242651691933e+00, 2.5699467686636601e-01, 1.0845332270388750e+00, 1.5618346712606523e-01, 3.6903887646680955e-01, 5.2867483972125484e-02, 8.3962640270688871e-01, 1.1748394707759222e+00},
        {1.2242358369406048e+00, 1.2209884095601131e+00, 2.5699467686636601e-01, 6.5222288857643007e-01, 9.2665975162095260e-01, 1.2142478504034619e+00, 1.3764831000448265e+00, 3.7402871798394177e-01, 1.2140001283953228e+00, 1.0194965578953497e+00},
        {1.5833913762755256e+00, 7.6037856158878536e-01, 1.0845332270388750e+00, 9.2665975162095260e-01, 1.8689263313629774e+00, 9.6213501844307359e-01, 9.9664629345688849e-01, 7.9070160666296430e-01, 1.0165944426721669e+00, 1.1747025589371245e+00},
        {1.6750379387171996e+00, 6.7697196513624480e-01, 1.5618346712606523e-01, 1.2142478504034619e+00, 9.6213501844307359e-01, 7.1176303769815696e-01, 8.8636707841013507e-01, 6.4678821539799025e-01, 1.5149339392110983e+00, 1.5142896160248061e+00},
        {1.5362908594595663e+00, 3.1232898257871655e-01, 3.6903887646680955e-01, 1.3764831000448265e+00, 9.9664629345688849e-01, 8.8636707841013507e-01, 1.3157659630109571e+00, 1.2610540179246525e+00, 5.0166347786488408e-01, 5.3306206285261137e-01},
        {1.4787837471386127e+00, 1.1980892027402372e+00, 5.2867483972125484e-02, 3.7402871798394177e-01, 7.9070160666296430e-01, 6.4678821539799025e-01, 1.2610540179246525e+00, 1.9894753357125585e+00, 1.3675661023438057e+00, 1.3068448188889563e+00},
        {9.1191634836194435e-01, 8.0863345105185569e-01, 8.3962640270688871e-01, 1.2140001283953228e+00, 1.0165944426721669e+00, 1.5149339392110983e+00, 5.0166347786488408e-01, 1.3675661023438057e+00, 6.1572789862298927e-01, 1.3041552735995325e+00},
        {1.3307914005896402e+00, 7.1604841277711428e-01, 1.1748394707759222e+00, 1.0194965578953497e+00, 1.1747025589371245e+00, 1.5142896160248061e+00, 5.3306206285261137e-01, 1.3068448188889563e+00, 1.3041552735995325e+00, 3.6499170477026133e-01}
    }}},
    {{{
        {1.3663329473081633e+00, 8.9161306052985156e-01, 1.2039519867851309e+00, 1.0362822716457720e+00, 3.0853797140184824e-01, 1.1230215980419371e+00, 1.2879847349194193e+00, 6.0065071390450231e-01, 1.0953316653736278e+00, 7.6229235933581163e-01},
        {8.9161306052985156e-01, 1.3216405783338936e-01, 1.3366646636913326e+00, 1.3991254225955412e+00, 1.1741404250215965e+00, 7.2174658916299705e-01, 1.1723247662831655e+00, 6.4925171755550593e-01, 1.0769372643809234e+00, 1.0842502088015993e+00},
        {1.2039519867851309e+00, 1.3366646636913326e+00, 1.5161075788535967e+00, 7.5157219433401745e-01, 6.5875198960920867e-01, 1.0388622869273818e+00, 6.6968574742233922e-01, 1.4879676125849464e+00, 4.9169701914515740e-01, 1.1246606046126435e+00},
        {1.0362822716457720e+00, 1.3991254225955412e+00, 7.5157219433401745e-01, 9.6026352581624219e-01, 1.7066350507162760e+00, 9.6866835242796456e-01, 7.5264847969584270e-01, 5.5165560110429701e-01, 8.3917072294797213e-01, 1.3445320972381936e+00},
        {3.0853797140184824e-01, 1.1741404250215965e+00, 6.5875198960920867e-01, 1.7066350507162760e+00, 1.3002700988564664e+00, 1.4246750485444042e+00, 6.7756141724310237e-01, 9.3273727265439887e-01, 4.3377830667466943e-01, 1.0060311002539271e+00},
        {1.1230215980419371e+00, 7.2174658916299705e-01, 1.0388622869273818e+00, 9.6866835242796456e-01, 1.4246750485444042e+00, 2.8956841890893514e-01, 1.7526439191010716e+00, 4.6857294381280257e-01, 4.6069842216326451e-01, 1.2356905454724763e+00},
        {1.2879847349194193e+00, 1.1723247662831655e+00, 6.6968574742233922e-01, 7.5264847969584270e-01, 6.7756141724310237e-01, 1.7526439191010716e+00, 6.5903939319251625e-01, 1.3053420790330841e+00, 1.0671936580363228e+00, 1.4096204400188093e+00},
        {6.0065071390450231e-01, 6.4925171755550593e-01, 1.4879676125849464e+00, 5.5165560110429701e-01, 9.3273727265439887e-01, 4.6857294381280257e-01, 1.3053420790330841e+00, 5.1726196863992335e-01, 7.9169179371780540e-01, 8.7533618926957102e-01},
        {1.0953316653736278e+00, 1.0769372643809234e+00, 4.9169701914515740e-01, 8.3917072294797213e-01, 4.3377830667466943e-01, 4.6069842216326451e-01, 1.0671936580363228e+00, 7.9169179371780540e-01, 1.6532150144769069e+00, 3.0870423152731918e-01},
        {7.6229235933581163e-01, 1.0842502088015993e+00, 1.1246606046126435e+00, 1.3445320972381936e+00, 1.0060311002539271e+00, 1.2356905454724763e+00, 1.4096204400188093e+00, 8.7533618926957102e-01, 3.0870423152731918e-01, 9.6537164821437860e-01}
    }}},
    {{{
        {1.0495304270383521e+00, 8.4142132561717098e-01, 1.2487433360363882e+00, 5.4191819974517952e-01, 1.0488182718755477e+00, 8.5161271688325135e-01, 1.7773011654443001e+00, 6.6424055682532446e-01, 9.5698398974971099e-01, 8.4388030264821923e-01},
        {8.4142132561717098e-01, 8.2658145567773822e-01, 1.5720206131086707e+00, 3.2255050943132890e-01, 1.0104789559095282e+00, 1.0631755213606275e+00, 3.5998005735636895e-01, 1.3207968944633426e+00, 3.8945647966628172e-01, 3.1174917546722081e-02},
        {1.2487433360363882e+00, 1.5720206131086707e+00, 1.3478771078531528e+00, 1.7493948793383562e+00, 1.7147056673079613e+00, 4.3026352970450799e-01, 8.7481376824230395e-01, 6.7505030142529365e-01, 1.4119963543532976e+00, 1.3836210470336139e+00},
        {5.4191819974517952e-01, 3.2255050943132890e-01, 1.7493948793383562e+00, 1.6048670733006856e+00, 1.1476064147695157e+00, 1.0641719869896762e+00, 7.5309168014654837e-01, 1.3824590824705467e+00, 6.5903489789440095e-01, 1.0889265590411457e+00},
        {1.0488182718755477e+00, 1.0104789559095282e+00, 1.7147056673079613e+00, 1.1476064147695157e+00, 1.5501161736884035e+00, 1.5089207341750934e+00, 4.5495881217150269e-01, 1.1027398004434392e+00, 3.6963071324227914e-01, 1.9445839120039561e+00},
        {8.5161271688325135e-01, 1.0631755213606275e+00, 4.3026352970450799e-01, 1.0641719869896762e+00, 1.5089207341750934e+00, 1.0461905196852965e+00, 2.0581325581937449e-01, 9.5881806294235328e-01, 1.1585554987982269e+00, 8.8336514182978165e-01},
        {1.7773011654443001e+00, 3.5998005735636895e-01, 8.7481376824230395e-01, 7.5309168014654837e-01, 4.5495881217150269e-01, 2.0581325581937449e-01, 1.9399919912545163e+00, 1.2665372957382182e-01, 1.1866848070928766e+00, 1.1349544242863043e+00},
        {6.6424055682532446e-01, 1.3207968944633426e+00, 6.7505030142529365e-01, 1.3824590824705467e+00, 1.1027398004434392e+00, 9.5881806294235328e-01, 1.2665372957382182e-01, 1.5909067079131147e+00, 1.7981484070579767e+00, 1.1092236897539165e-01},
        {9.5698398974971099e-01, 3.8945647966628172e-01, 1.4119963543532976e+00, 6.5903489789440095e-01, 3.6963071324227914e-01, 1.1585554987982269e+00, 1.1866848070928766e+00, 1.7981484070579767e+00, 2.0225117726277331e-01, 8.6546024015489298e-01},
        {8.4388030264821923e-01, 3.1174917546722081e-02, 1.3836210470336139e+00, 1.0889265590411457e+00, 1.9445839120039561e+00, 8.8336514182978165e-01, 1.1349544242863043e+00, 1.1092236897539165e-01, 8.6546024015489298e-01, 1.9929924416798948e+00}
    }}},
    {{{
        {2.5852473683457422e-01, 1.1824718982283107e+00, 1.0126149792257495e+00, 1.8738874450923322e+00, 1.2323046641252757e+00, 1.0922823152601375e+00, 1.1330187041947397e+00, 7.5967912794141046e-01, 1.6725966632669698e-01, 5.6406691213095073e-01},
        {1.1824718982283107e+00, 1.9260594792190247e+00, 7.2061477199255375e-01, 1.8049608761033844e+00, 1.2775277962518117e+00, 7.6193136703021136e-01, 1.0550487797366781e+00, 9.7132156237823464e-01, 1.2742465779510912e+00, 1.2775403373356498e+00},
        {1.0126149792257495e+00, 7.2061477199255375e-01, 1.7188359604920787e+00, 1.5621525495918309e+00, 1.8961982748561474e+00, 7.1816660613782468e-01, 1.2756220658198791e+00, 1.5071590199973830e+00, 9.5542833855276055e-01, 3.8305323724172713e-01},
        {1.8738874450923322e+00, 1.8049608761033844e+00, 1.5621525495918309e+00, 8.2926565215843917e-01, 1.2361024883261786e+00, 1.5124273388100966e+00, 5.7181189223076989e-01, 9.1199443816456027e-01, 1.3573997695987892e+00, 7.1332916017765302e-01},
        {1.2323046641252757e+00, 1.2775277962518117e+00, 1.8961982748561474e+00, 1.2361024883261786e+00, 1.3095544951567402e+00, 6.8052627492282380e-01, 7.0989275508310801e-01, 1.2873697365562449e+00, 9.3128900775806134e-01, 9.4890983387973760e-01},
        {1.0922823152601375e+00, 7.6193136703021136e-01, 7.1816660613782468e-01, 1.5124273388100966e+00, 6.8052627492282380e-01, 1.6141492370650468e+00, 1.2609786585174194e+00, 1.0525617150159725e+00, 1.1562849073288455e+00, 6.6781165238991003e-01},
        {1.1330187041947397e+00, 1.0550487797366781e+00, 1.2756220658198791e+00, 5.7181189223076989e-01, 7.0989275508310801e-01, 1.2609786585174194e+00, 1.1547150081839785e+00, 1.0431564511845246e+00, 3.0113158043582167e-01, 1.1097874093677400e+00},
        {7.5967912794141046e-01, 9.7132156237823464e-01, 1.5071590199973830e+00, 9.1199443816456027e-01, 1.2873697365562449e+00, 1.0525617150159725e+00, 1.0431564511845246e+00, 8.8578601050642680e-01, 5.7228848172886204e-01, 1.5265050900846606e+00},
        {1.6725966632669698e-01, 1.2742465779510912e+00, 9.5542833855276055e-01, 1.3573997695987892e+00, 9.3128900775806134e-01, 1.1562849073288455e+00, 3.0113158043582167e-01, 5.7228848172886204e-01, 6.7626596478125411e-01, 1.4278581646220823e+00},
        {5.6406691213095073e-01, 1.2775403373356498e+00, 3.8305323724172713e-01, 7.1332916017765302e-01, 9.4890983387973760e-01, 6.6781165238991003e-01, 1.1097874093677400e+00, 1.5265050900846606e+00, 1.4278581646220823e+00, 1.6106817246748637e+00}
    }}},
    {{{
        {1.4505042563221417e+00, 1.5064873268840429e+00, 1.0705470127664554e+00, 6.3470799210191520e-01, 1.4294268256868552e+00, 1.1286927464354009e+00, 1.5298427373181631e+00, 7.0682903009222386e-01, 1.7179091986911785e+00, 5.1302700591874950e-01},
        {1.5064873268840429e+00, 4.8231704801504405e-02, 7.7565172605140742e-01, 1.9125609660046066e+00, 1.0296051973477536e+00, 5.6867245403802424e-01, 8.6541562641484049e-02, 1.6680412958147683e+00, 8.2910225057578502e-01, 1.4237801031612820e+00},
        {1.0705470127664554e+00, 7.7565172605140742e-01, 8.3570620166638743e-01, 4.7169773851039865e-01, 1.0594969825239078e+00, 1.0452298253399084e-01, 1.2649832595468613e+00, 1.6081435489677882e+00, 1.1087411887835987e+00, 1.3090746407986686e-01},
        {6.3470799210191520e-01, 1.9125609660046066e+00, 4.7169773851039865e-01, 2.8456547230439644e-01, 1.6220748876306423e-01, 1.6121234185626765e+00, 7.8761915088651147e-01, 9.5293784059263298e-01, 1.6511253696892427e+00, 1.1251917039304413e+00},
        {1.4294268256868552e+00, 1.0296051973477536e+00, 1.0594969825239078e+00, 1.6220748876306423e-01, 5.1155283785604011e-01, 5.3258041823613411e-01, 1.2003567023349224e+00, 1.0744941160698338e+00, 2.6635734563809021e-01, 1.3967367738267589e+00},
        {1.1286927464354009e+00, 5.6867245403802424e-01, 1.0452298253399084e-01, 1.6121234185626765e+00, 5.3258041823613411e-01, 1.8167290595678400e+00, 1.0660846091807747e+00, 1.3738091238237693e+00, 1.2812729619380330e+00, 9.5514793534632325e-01},
        {1.5298427373181631e+00, 8.6541562641484049e-02, 1.2649832595468613e+00, 7.8761915088651147e-01, 1.2003567023349224e+00, 1.0660846091807747e+00, 5.2667752000612045e-01, 1.4956001452918932e+00, 9.2744590358900281e-01, 3.7296071073288717e-01},
        {7.0682903009222386e-01, 1.6680412958147683e+00, 1.6081435489677882e+00, 9.5293784059263298e-01, 1.0744941160698338e+00, 1.3738091238237693e+00, 1.4956001452918932e+00, 5.9791415358832278e-01, 7.8799838666757949e-01, 9.1803938973797938e-01},
        {1.7179091986911785e+00, 8.2910225057578502e-01, 1.1087411887835987e+00, 1.6511253696892427e+00, 2.6635734563809021e-01, 1.2812729619380330e+00, 9.2744590358900281e-01, 7.8799838666757949e-01, 1.7048241421840549e+00, 9.7590009437441017e-01},
        {5.1302700591874950e-01, 1.4237801031612820e+00, 1.3090746407986686e-01, 1.1251917039304413e+00, 1.3967367738267589e+00, 9.5514793534632325e-01, 3.7296071073288717e-01, 9.1803938973797938e-01, 9.7590009437441017e-01, 1.1172723559502851e+00}
    }}},
    {{{
        {1.8579918245325278e-01, 1.5624442165612551e+00, 1.0513851977039486e+00, 3.9568042891298894e-01, 1.1451332310727858e+00, 4.1810448429616653e-01, 4.9300105430229646e-01, 8.3091302469319883e-01, 3.0187882698524837e-01, 6.6705537476896515e-01},
        {1.5624442165612551e+00, 1.2166824148888344e+00, 9.7818444190551590e-01, 4.2217623370993862e-01, 8.0939206906167183e-01, 7.7516733569049623e-01, 1.4145391036055321e+00, 5.7274861014866352e-01, 1.3455368356602901e+00, 3.3525246462367331e-01},
        {1.0513851977039486e+00, 9.7818444190551590e-01, 6.6981836154136176e-01, 1.6995546659680121e+00, 4.2610927220419725e-01, 1.1202553764638039e+00, 9.4993732882254600e-01, 1.1637876483654508e+00, 5.1207370608531666e-01, 1.5778304982404019e+00},
        {3.9568042891298894e-01, 4.2217623370993862e-01, 1.6995546659680121e+00, 1.6442267864198192e+00, 1.1210114860093170e+00, 1.1342250336614681e+00, 1.2022340244534058e+00, 7.9250711285939912e-01, 1.0396658585208480e+00, 1.3361847101220279e+00},
        {1.1451332310727858e+00, 8.0939206906167183e-01, 4.2610927220419725e-01, 1.1210114860093170e+00, 1.2915909781186994e+00, 1.0593348583196769e+00, 1.0805786996259048e+00, 1.4583647017531760e+00, 6.7040841569191612e-01, 5.0425691104862047e-01},
        {4.1810448429616653e-01, 7.7516733569049623e-01, 1.1202553764638039e+00, 1.1342250336614681e+00, 1.0593348583196769e+00, 9.9287550435026350e-02, 7.8011985828667463e-01, 1.2706160321666724e+00, 7.5511761341176087e-01, 4.6045221003488146e-01},
        {4.9300105430229646e-01, 1.4145391036055321e+00, 9.4993732882254600e-01, 1.2022340244534058e+00, 1.0805786996259048e+00, 7.8011985828667463e-01, 1.7315745134998171e+00, 9.6286350352889194e-01, 2.6838633171038384e-01, 1.0273971929040284e+00},
        {8.3091302469319883e-01, 5.7274861014866352e-01, 1.1637876483654508e+00, 7.9250711285939912e-01, 1.4583647017531760e+00, 1.2706160321666724e+00, 9.6286350352889194e-01, 1.3452504918149566e+00, 9.6957105056259496e-01, 8.5968424788663267e-01},
        {3.0187882698524837e-01, 1.3455368356602901e+00, 5.1207370608531666e-01, 1.0396658585208480e+00, 6.7040841569191612e-01, 7.5511761341176087e-01, 2.6838633171038384e-01, 9.6957105056259496e-01, 1.6635899268488916e+00, 1.2258183926827919e+00},
        {6.6705537476896515e-01, 3.3525246462367331e-01, 1.5778304982404019e+00, 1.3361847101220279e+00, 5.0425691104862047e-01, 4.6045221003488146e-01, 1.0273971929040284e+00, 8.5968424788663267e-01, 1.2258183926827919e+00, 5.5570100585207882e-01}
    }}},
    {{{
        {9.5859161641843915e-01, 1.2580575289220386e+00, 6.5205925442196511e-01, 8.4377300634667285e-01, 1.0581586252414479e+00, 9.8290707586058568e-01, 2.9912705284194074e-01, 5.7860379683909613e-01, 8.7204143378726451e-01, 1.2606269744276812e+00},
        {1.2580575289220386e+00, 1.5213258561159251e+00, 9.2716850031464837e-01, 4.8592786226076101e-01, 1.5111993274871622e+00, 1.2009639221041453e+00, 9.2177283614156102e-01, 8.0882557214583317e-01, 6.1926106545510251e-01, 5.0846019937780107e-01},
        {6.5205925442196511e-01, 9.2716850031464837e-01, 5.4996602253712057e-01, 9.3986500430157105e-01, 1.1204913217935677e+00, 1.3248790512455271e+00, 1.1132978456136247e+00, 7.2085214431255740e-01, 6.1999280707772164e-02, 7.5175654770278721e-01},
        {8.4377300634667285e-01, 4.8592786226076101e-01, 9.3986500430157105e-01, 1.8217034819205868e+00, 1.1403510035725262e+00, 1.0489214087264180e+00, 5.5427398843266595e-01, 1.6588754222130335e+00, 6.0867140885387772e-01, 3.0279968060013507e-01},
        {1.0581586252414479e+00, 1.5111993274871622e+00, 1.1204913217935677e+00, 1.1403510035725262e+00, 1.1658290667564184e+00, 1.1101205476780147e+00, 1.2445267714860651e+00, 6.9294024650095809e-01, 1.8508410598014124e+00, 1.4773150892232971e+00},
        {9.8290707586058568e-01, 1.2009639221041453e+00, 1.3248790512455271e+00, 1.0489214087264180e+00, 1.1101205476780147e+00, 1.0222265604977223e+00, 1.1423381148196139e+00, 1.1645547579411974e+00, 1.3072982048101844e-01, 1.3400043970571160e+00},
        {2.9912705284194074e-01, 9.2177283614156102e-01, 1.1132978456136247e+00, 5.5427398843266595e-01, 1.2445267714860651e+00, 1.1423381148196139e+00, 4.4086539043940554e-01, 1.3054375429364404e+00, 1.1579063852068905e+00, 1.3492274795454025e+00},
        {5.7860379683909613e-01, 8.0882557214583317e-01, 7.2085214431255740e-01, 1.6588754222130335e+00, 6.9294024650095809e-01, 1.1645547579411974e+00, 1.3054375429364404e+00, 5.0643327499418223e-01, 1.0086782027402617e+00, 1.3250906257748767e+00},
        {8.7204143378726451e-01, 6.1926106545510251e-01, 6.1999280707772164e-02, 6.0867140885387772e-01, 1.8508410598014124e+00, 1.3072982048101844e-01, 1.1579063852068905e+00, 1.0086782027402617e+00, 1.6993415633798992e+00, 1.3086569711214149e+00},
        {1.2606269744276812e+00, 5.0846019937780107e-01, 7.5175654770278721e-01, 3.0279968060013507e-01, 1.4773150892232971e+00, 1.3400043970571160e+00, 1.3492274795454025e+00, 1.3250906257748767e+00, 1.3086569711214149e+00, 4.5851429923127185e-02}
    }}},
    {{{
        {1.9288222999006255e-01, 9.1740428790696016e-01, 1.3092212783336628e+00, 8.6614095977921379e-01, 5.2096705369864327e-01, 1.1745310149335593e+00, 1.0328943717951016e+00, 1.4484101814407779e+00, 2.4396804273770534e-01, 8.5859304609785447e-01},
        {9.1740428790696016e-01, 8.6737531041569382e-01, 6.4446494754107075e-01, 4.7644764356461777e-01, 1.3027625126041116e+00, 5.3369821693378261e-01, 1.1739597279087328e+00, 6.0244671960870111e-01, 1.5914371392384790e+00, 3.2331688386575408e-01},
        {1.3092212783336628e+00, 6.4446494754107075e-01, 3.8406583019597629e-01, 3.9884346221100941e-01, 1.6144408786011670e+00, 1.0843397135784492e+00, 1.0610741686216860e+00, 1.7790142621040750e+00, 5.2745318841690425e-01, 5.6084295554555486e-01},
        {8.6614095977921379e-01, 4.7644764356461777e-01, 3.9884346221100941e-01, 9.5123158205355840e-01, 4.5918190838933437e-01, 8.4488399801895786e-01, 1.0216758052884063e+00, 6.1143574404813361e-01, 1.1855562173383603e+00, 1.2140957923309774e+00},
        {5.2096705369864327e-01, 1.3027625126041116e+00, 1.6144408786011670e+00, 4.5918190838933437e-01, 1.4904148136211204e+00, 3.5646093049319683e-01, 1.1606532987218929e+00, 1.6587252584426118e+00, 1.8701932257673359e+00, 3.9806856204368468e-01},
        {1.1745310149335593e+00, 5.3369821693378261e-01, 1.0843397135784492e+00, 8.4488399801895786e-01, 3.5646093049319683e-01, 1.2635683153813031e+00, 1.1845940839011870e+00, 1.2802678913362948e+00, 7.6194130254410997e-01, 1.7904976390289573e-01},
        {1.0328943717951016e+00, 1.1739597279087328e+00, 1.0610741686216860e+00, 1.0216758052884063e+00, 1.1606532987218929e+00, 1.1845940839011870e+00, 1.2479151320818620e+00, 4.6607762538463704e-01, 1.6209381804263474e+00, 1.2133691535506903e+00},
        {1.4484101814407779e+00, 6.0244671960870111e-01, 1.7790142621040750e+00, 6.1143574404813361e-01, 1.6587252584426118e+00, 1.2802678913362948e+00, 4.6607762538463704e-01, 1.5978482158710594e+00, 8.8655711541927440e-01, 6.7058829917278695e-01},
        {2.4396804273770534e-01, 1.5914371392384790e+00, 5.2745318841690425e-01, 1.1855562173383603e+00, 1.8701932257673359e+00, 7.6194130254410997e-01, 1.6209381804263474e+00, 8.8655711541927440e-01, 6.9936148069118187e-01, 1.2552590768963587e+00},
        {8.5859304609785447e-01, 3.2331688386575408e-01, 5.6084295554555486e-01, 1.2140957923309774e+00, 3.9806856204368468e-01, 1.7904976390289573e-01, 1.2133691535506903e+00, 6.7058829917278695e-01, 1.2552590768963587e+00, 1.3984589598994517e+00}
    }}},
    {{{
        {1.3788989948518320e+00, 1.8075208817963726e+00, 2.4720925809104588e-01, 1.8461359309959364e+00, 8.5476876697689264e-01, 1.4317753630709971e+00, 1.8250073096244435e-01, 6.9759918989202296e-01, 1.6401413480735494e+00, 3.7159898132904368e-01},
        {1.8075208817963726e+00, 8.2224260713002084e-01, 6.4172119836309316e-01, 9.3469291378715946e-01, 1.1706323165398562e+00, 4.1374317021343099e-01, 1.0772103758606391e+00, 1.6587021363835759e+00, 4.4434727769466442e-01, 1.0945853391624656e+00},
        {2.4720925809104588e-01, 6.4172119836309316e-01, 1.6474402734457054e+00, 5.6756552684820949e-01, 9.5708568070021560e-01, 9.8221364148764134e-01, 1.5278663363584433e-01, 6.9260198346167712e-01, 1.2587138209277160e+00, 2.5360792179344815e-01},
        {1.8461359309959364e+00, 9.3469291378715946e-01, 5.6756552684820949e-01, 4.4931576685559760e-01, 1.9056948610933666e+00, 1.8271241886400036e+00, 3.3756556064594168e-01, 4.0199550485295210e-01, 1.3574627925052178e+00, 9.5178062285488407e-01},
        {8.5476876697689264e-01, 1.1706323165398562e+00, 9.5708568070021560e-01, 1.9056948610933666e+00, 1.0151079431044385e-01, 1.5643873909332568e+00, 8.7632669376987427e-01, 1.4998655696039234e+00, 7.9079126315067849e-01, 4.7599161296517167e-01},
        {1.4317753630709971e+00, 4.1374317021343099e-01, 9.8221364148764134e-01, 1.8271241886400036e+00, 1.5643873909332568e+00, 1.7213650340296516e-01, 1.3651472654290484e+00, 6.6723225987211443e-01, 2.9000286548700882e-01, 1.2651727178095693e+00},
        {1.8250073096244435e-01, 1.0772103758606391e+00, 1.5278663363584433e-01, 3.3756556064594168e-01, 8.7632669376987427e-01, 1.3651472654290484e+00, 4.7739231822480876e-01, 1.4182743589688105e+00, 2.1590608110370113e-01, 8.1142312666856242e-01},
        {6.9759918989202296e-01, 1.6587021363835759e+00, 6.9260198346167712e-01, 4.0199550485295210e-01, 1.4998655696039234e+00, 6.6723225987211443e-01, 1.4182743589688105e+00, 1.6178565444979340e+00, 1.0425183562390399e+00, 2.5244574277714193e-01},
