#ifndef GENERATED_CASES_HPP
#define GENERATED_CASES_HPP

#include "../consteig.hpp"

namespace consteig {

// random sym Matrix Test Cases (4x4) - fast
static constexpr Matrix<double, 4, 4> mat_random_sym_fast[50] = {
    {{{{6.2396138906478882e-01, 5.9781284630298615e-01, 6.5429411828517914e-01, 6.7737002670764923e-01},
       {5.9781284630298615e-01, 1.8900070190429688e+00, 1.0527058541774750e+00, 1.0635041892528534e+00},
       {6.5429411828517914e-01, 1.0527058541774750e+00, 1.6578983068466187e+00, 2.6320248097181320e-01},
       {6.7737002670764923e-01, 1.0635041892528534e+00, 2.6320248097181320e-01, 8.1353598833084106e-01}}}},
    {{{{6.2908935546875000e-01, 4.5587801933288574e-01, 1.2764357328414917e+00, 1.4026374220848083e+00},
       {4.5587801933288574e-01, 1.3400411605834961e+00, 9.4735600054264069e-01, 4.5326515287160873e-01},
       {1.2764357328414917e+00, 9.4735600054264069e-01, 9.3420517444610596e-01, 5.7528114318847656e-01},
       {1.4026374220848083e+00, 4.5326515287160873e-01, 5.7528114318847656e-01, 7.7547088265419006e-02}}}},
    {{{{6.3220006227493286e-01, 1.3132984638214111e+00, 1.0020660459995270e+00, 1.1254767179489136e+00},
       {1.3132984638214111e+00, 1.1568058729171753e+00, 1.5106933712959290e+00, 1.1023226678371429e+00},
       {1.0020660459995270e+00, 1.5106933712959290e+00, 3.5174044966697693e-01, 1.6620765924453735e+00},
       {1.1254767179489136e+00, 1.1023226678371429e+00, 1.6620765924453735e+00, 6.5768468379974365e-01}}}},
    {{{{1.3299839496612549e+00, 3.9176712930202484e-01, 1.4027617573738098e+00, 7.4915474653244019e-01},
       {3.9176712930202484e-01, 1.1334900856018066e+00, 1.6451402306556702e+00, 1.4112421572208405e+00},
       {1.4027617573738098e+00, 1.6451402306556702e+00, 6.3888919353485107e-01, 1.3336104750633240e+00},
       {7.4915474653244019e-01, 1.4112421572208405e+00, 1.3336104750633240e+00, 1.9294456243515015e+00}}}},
    {{{{6.4666301012039185e-01, 1.5746576786041260e+00, 1.2920487225055695e+00, 8.8216543197631836e-01},
       {1.5746576786041260e+00, 1.3702207803726196e+00, 1.0809835195541382e+00, 9.4220910221338272e-02},
       {1.2920487225055695e+00, 1.0809835195541382e+00, 1.8362109661102295e+00, 9.0034803003072739e-01},
       {8.8216543197631836e-01, 9.4220910221338272e-02, 9.0034803003072739e-01, 1.0435378551483154e+00}}}},
    {{{{2.9729953408241272e-01, 1.8392556905746460e+00, 6.1303348140791059e-01, 6.5977433323860168e-01},
       {1.8392556905746460e+00, 1.0109666585922241e+00, 3.8066488737240434e-01, 1.8500635623931885e+00},
       {6.1303348140791059e-01, 3.8066488737240434e-01, 1.3279857635498047e+00, 4.3063639104366302e-01},
       {6.5977433323860168e-01, 1.8500635623931885e+00, 4.3063639104366302e-01, 7.2424268722534180e-01}}}},
    {{{{2.5768345594406128e-01, 6.4951859414577484e-01, 1.0494450032711029e+00, 1.2285033762454987e+00},
       {6.4951859414577484e-01, 3.2250946760177612e-01, 1.1206735074520111e+00, 8.7409797310829163e-01},
       {1.0494450032711029e+00, 1.1206735074520111e+00, 1.7158128023147583e+00, 5.8028986304998398e-01},
       {1.2285033762454987e+00, 8.7409797310829163e-01, 5.8028986304998398e-01, 1.3386096954345703e+00}}}},
    {{{{1.6903774738311768e+00, 4.7093386948108673e-01, 1.2011860758066177e+00, 6.5810730261728168e-01},
       {4.7093386948108673e-01, 1.4275993108749390e+00, 1.3649736046791077e+00, 8.6349363625049591e-01},
       {1.2011860758066177e+00, 1.3649736046791077e+00, 1.4494361877441406e+00, 1.6539210677146912e+00},
       {6.5810730261728168e-01, 8.6349363625049591e-01, 1.6539210677146912e+00, 1.1185320615768433e+00}}}},
    {{{{1.1046729087829590e+00, 1.4207555651664734e+00, 5.8431759476661682e-01, 1.2835528552532196e+00},
       {1.4207555651664734e+00, 8.5444498062133789e-01, 1.0229962468147278e+00, 1.1867719888687134e+00},
       {5.8431759476661682e-01, 1.0229962468147278e+00, 6.3807713985443115e-01, 2.9841712024062872e-01},
       {1.2835528552532196e+00, 1.1867719888687134e+00, 2.9841712024062872e-01, 1.4512078762054443e+00}}}},
    {{{{5.1447790861129761e-01, 2.9992481879889965e-01, 7.7773395925760269e-01, 1.6282827854156494e+00},
       {2.9992481879889965e-01, 6.9806444644927979e-01, 9.4660147279500961e-01, 1.0376822799444199e+00},
       {7.7773395925760269e-01, 9.4660147279500961e-01, 9.6779072284698486e-01, 1.0708102285861969e+00},
       {1.6282827854156494e+00, 1.0376822799444199e+00, 1.0708102285861969e+00, 1.1487145423889160e+00}}}},
    {{{{1.7484127283096313e+00, 1.3860521614551544e+00, 8.9314206317067146e-01, 1.1950470358133316e+00},
       {1.3860521614551544e+00, 1.9186733961105347e+00, 1.5759088993072510e+00, 1.6353503465652466e+00},
       {8.9314206317067146e-01, 1.5759088993072510e+00, 3.0133846402168274e-01, 7.9392421245574951e-01},
       {1.1950470358133316e+00, 1.6353503465652466e+00, 7.9392421245574951e-01, 1.8198065757751465e+00}}}},
    {{{{1.3383930921554565e+00, 7.7510532736778259e-01, 1.3955208361148834e+00, 1.4504114985466003e+00},
       {7.7510532736778259e-01, 1.0864821672439575e+00, 1.1071262955665588e+00, 1.8186944723129272e+00},
       {1.3955208361148834e+00, 1.1071262955665588e+00, 1.6371114179491997e-02, 1.6617400646209717e+00},
       {1.4504114985466003e+00, 1.8186944723129272e+00, 1.6617400646209717e+00, 1.7568464279174805e+00}}}},
    {{{{1.7826486825942993e+00, 6.6298819333314896e-01, 1.2066728174686432e+00, 9.3589836359024048e-01},
       {6.6298819333314896e-01, 2.8197053074836731e-01, 9.7355103492736816e-01, 1.3020970225334167e+00},
       {1.2066728174686432e+00, 9.7355103492736816e-01, 3.8926678895950317e-01, 4.1738766618072987e-01},
       {9.3589836359024048e-01, 1.3020970225334167e+00, 4.1738766618072987e-01, 1.7039932012557983e+00}}}},
    {{{{9.4100594520568848e-01, 1.2955649197101593e+00, 7.7824333310127258e-01, 1.6938783526420593e+00},
       {1.2955649197101593e+00, 1.5226637125015259e+00, 3.7602207064628601e-01, 1.0282241180539131e+00},
       {7.7824333310127258e-01, 3.7602207064628601e-01, 1.5618258714675903e+00, 9.6613560616970062e-01},
       {1.6938783526420593e+00, 1.0282241180539131e+00, 9.6613560616970062e-01, 1.2331680059432983e+00}}}},
    {{{{1.9612865149974823e-01, 1.7671567797660828e+00, 1.0299132466316223e+00, 9.7329195588827133e-01},
       {1.7671567797660828e+00, 1.7144937515258789e+00, 4.9302108585834503e-01, 3.6980553716421127e-01},
       {1.0299132466316223e+00, 4.9302108585834503e-01, 6.6796779632568359e-01, 1.2002205252647400e+00},
       {9.7329195588827133e-01, 3.6980553716421127e-01, 1.2002205252647400e+00, 8.2139074802398682e-01}}}},
    {{{{1.4632004499435425e+00, 1.6892130374908447e+00, 4.7192825376987457e-01, 7.8222534060478210e-01},
       {1.6892130374908447e+00, 1.5258270502090454e-01, 4.4150154292583466e-01, 1.0166604965925217e+00},
       {4.7192825376987457e-01, 4.4150154292583466e-01, 7.6242083311080933e-01, 4.8065164685249329e-01},
       {7.8222534060478210e-01, 1.0166604965925217e+00, 4.8065164685249329e-01, 1.8865611553192139e+00}}}},
    {{{{4.1416662931442261e-01, 1.1437743902206421e+00, 1.2131341099739075e+00, 1.1057657003402710e+00},
       {1.1437743902206421e+00, 1.8856223821640015e+00, 8.9882770180702209e-01, 5.4419879615306854e-01},
       {1.2131341099739075e+00, 8.9882770180702209e-01, 2.5285696983337402e-01, 1.6277674585580826e-01},
       {1.1057657003402710e+00, 5.4419879615306854e-01, 1.6277674585580826e-01, 1.0113533586263657e-01}}}},
    {{{{4.0932908654212952e-01, 1.5900741219520569e+00, 6.0982260107994080e-01, 1.8019438385963440e+00},
       {1.5900741219520569e+00, 5.7542115449905396e-01, 1.0342097580432892e+00, 1.2056404948234558e+00},
       {6.0982260107994080e-01, 1.0342097580432892e+00, 1.9129598140716553e+00, 2.4422254413366318e-01},
       {1.8019438385963440e+00, 1.2056404948234558e+00, 2.4422254413366318e-01, 1.1355202198028564e+00}}}},
    {{{{1.6703289747238159e+00, 1.8825590014457703e+00, 1.0779218822717667e+00, 1.1681514978408813e+00},
       {1.8825590014457703e+00, 1.2731055021286011e+00, 1.2012979090213776e+00, 8.5361567884683609e-01},
       {1.0779218822717667e+00, 1.2012979090213776e+00, 1.3180557489395142e+00, 1.2370949983596802e+00},
       {1.1681514978408813e+00, 8.5361567884683609e-01, 1.2370949983596802e+00, 1.5164048671722412e+00}}}},
    {{{{1.5403701066970825e+00, 9.9713470041751862e-01, 1.3061509132385254e+00, 1.1786283254623413e+00},
       {9.9713470041751862e-01, 1.5232033729553223e+00, 1.1225743591785431e+00, 1.1217916309833527e+00},
       {1.3061509132385254e+00, 1.1225743591785431e+00, 9.2577630281448364e-01, 1.5111621022224426e+00},
       {1.1786283254623413e+00, 1.1217916309833527e+00, 1.5111621022224426e+00, 1.9930964708328247e-01}}}},
    {{{{1.4122060537338257e+00, 1.1947402358055115e+00, 1.3159890770912170e+00, 8.7064425274729729e-01},
       {1.1947402358055115e+00, 1.3435628414154053e+00, 1.9275777935981750e+00, 1.7881488800048828e+00},
       {1.3159890770912170e+00, 1.9275777935981750e+00, 3.3064094185829163e-01, 5.5535210669040680e-01},
       {8.7064425274729729e-01, 1.7881488800048828e+00, 5.5535210669040680e-01, 1.6275173425674438e+00}}}},
    {{{{1.0842322558164597e-01, 1.9393145442008972e+00, 4.0831583738327026e-01, 4.1663135308772326e-01},
       {1.9393145442008972e+00, 1.6277845203876495e-01, 1.1124994009733200e+00, 1.5302891284227371e-01},
       {4.0831583738327026e-01, 1.1124994009733200e+00, 8.2214587926864624e-01, 7.5830206274986267e-01},
       {4.1663135308772326e-01, 1.5302891284227371e-01, 7.5830206274986267e-01, 1.3533115386962891e+00}}}},
    {{{{2.9318472743034363e-01, 1.5430307984352112e+00, 1.8332354426383972e+00, 1.2682191729545593e+00},
       {1.5430307984352112e+00, 1.8156051635742188e+00, 5.7344112545251846e-01, 5.6096374988555908e-01},
       {1.8332354426383972e+00, 5.7344112545251846e-01, 1.2663100957870483e+00, 4.1954816505312920e-01},
       {1.2682191729545593e+00, 5.6096374988555908e-01, 4.1954816505312920e-01, 9.9503320455551147e-01}}}},
    {{{{7.8867614269256592e-01, 1.5728968381881714e+00, 1.0967116430401802e+00, 8.4907219558954239e-01},
       {1.5728968381881714e+00, 9.1518825292587280e-01, 1.5007994771003723e+00, 1.8866736888885498e+00},
       {1.0967116430401802e+00, 1.5007994771003723e+00, 1.8541605472564697e+00, 1.2492347955703735e+00},
       {8.4907219558954239e-01, 1.8866736888885498e+00, 1.2492347955703735e+00, 1.2058906555175781e+00}}}},
    {{{{9.7399294376373291e-02, 1.2523980140686035e+00, 8.3064153790473938e-01, 4.5802342891693115e-01},
       {1.2523980140686035e+00, 1.8012599945068359e+00, 2.3158239945769310e-01, 8.9868974685668945e-01},
       {8.3064153790473938e-01, 2.3158239945769310e-01, 1.3184270858764648e+00, 6.2171572446823120e-01},
       {4.5802342891693115e-01, 8.9868974685668945e-01, 6.2171572446823120e-01, 3.6566355824470520e-01}}}},
    {{{{8.1461971998214722e-01, 5.4337170720100403e-01, 1.2171890139579773e+00, 6.1441643536090851e-01},
       {5.4337170720100403e-01, 1.1260889768600464e+00, 1.0340401828289032e+00, 9.2836427688598633e-01},
       {1.2171890139579773e+00, 1.0340401828289032e+00, 1.5572191476821899e+00, 1.2527792453765869e+00},
       {6.1441643536090851e-01, 9.2836427688598633e-01, 1.2527792453765869e+00, 8.6270409822463989e-01}}}},
    {{{{1.1567089557647705e+00, 1.5131784081459045e+00, 1.1820795834064484e+00, 1.3783918321132660e+00},
       {1.5131784081459045e+00, 3.6187607049942017e-01, 8.9521113038063049e-01, 1.0761600881814957e+00},
       {1.1820795834064484e+00, 8.9521113038063049e-01, 1.0273994207382202e+00, 1.6609403491020203e+00},
       {1.3783918321132660e+00, 1.0761600881814957e+00, 1.6609403491020203e+00, 2.9763907194137573e-01}}}},
    {{{{1.8070592880249023e+00, 1.1015262007713318e+00, 1.0551096796989441e+00, 1.0487371683120728e+00},
       {1.1015262007713318e+00, 1.2161009311676025e+00, 1.3136147707700729e-01, 1.5293661355972290e+00},
       {1.0551096796989441e+00, 1.3136147707700729e-01, 9.9932765960693359e-01, 9.0842434763908386e-01},
       {1.0487371683120728e+00, 1.5293661355972290e+00, 9.0842434763908386e-01, 1.1240103244781494e+00}}}},
    {{{{9.3928277492523193e-01, 9.2231851816177368e-01, 1.3304561376571655e+00, 1.1456544995307922e+00},
       {9.2231851816177368e-01, 1.2585622072219849e+00, 1.7417994737625122e+00, 1.1800899505615234e+00},
       {1.3304561376571655e+00, 1.7417994737625122e+00, 1.3574171066284180e+00, 6.7421893775463104e-01},
       {1.1456544995307922e+00, 1.1800899505615234e+00, 6.7421893775463104e-01, 2.1852323412895203e-01}}}},
    {{{{1.6997451782226562e+00, 8.6527407541871071e-01, 1.1908030807971954e+00, 3.8140051625669003e-01},
       {8.6527407541871071e-01, 1.2382168769836426e+00, 1.4603940844535828e+00, 1.2189825773239136e+00},
       {1.1908030807971954e+00, 1.4603940844535828e+00, 9.9631652235984802e-02, 1.1473122239112854e+00},
       {3.8140051625669003e-01, 1.2189825773239136e+00, 1.1473122239112854e+00, 1.4818258285522461e+00}}}},
    {{{{7.6837754249572754e-01, 9.8477926850318909e-01, 8.3981063961982727e-01, 1.3182002902030945e+00},
       {9.8477926850318909e-01, 1.4246748685836792e+00, 1.0665727630257607e+00, 1.1927547752857208e+00},
       {8.3981063961982727e-01, 1.0665727630257607e+00, 4.1954976320266724e-01, 1.4486923813819885e+00},
       {1.3182002902030945e+00, 1.1927547752857208e+00, 1.4486923813819885e+00, 1.8814586400985718e+00}}}},
    {{{{4.5343878865242004e-01, 1.8413425087928772e+00, 1.2682842612266541e+00, 8.7305355072021484e-01},
       {1.8413425087928772e+00, 1.0098365545272827e+00, 6.0629622638225555e-01, 1.2624720931053162e+00},
       {1.2682842612266541e+00, 6.0629622638225555e-01, 1.7009177207946777e+00, 1.2234794497489929e+00},
       {8.7305355072021484e-01, 1.2624720931053162e+00, 1.2234794497489929e+00, 5.8564609289169312e-01}}}},
    {{{{1.7182636260986328e+00, 1.1598898768424988e+00, 1.5534604787826538e+00, 1.5685645341873169e+00},
       {1.1598898768424988e+00, 1.0441938638687134e+00, 5.0890654325485229e-01, 1.7370308041572571e+00},
       {1.5534604787826538e+00, 5.0890654325485229e-01, 1.6782951354980469e+00, 9.1142186522483826e-01},
       {1.5685645341873169e+00, 1.7370308041572571e+00, 9.1142186522483826e-01, 5.3293794393539429e-01}}}},
    {{{{7.7140110731124878e-01, 7.8031027317047119e-01, 5.8408653736114502e-01, 7.3357172310352325e-01},
       {7.8031027317047119e-01, 7.4509859085083008e-01, 1.0797346979379654e+00, 8.6607453227043152e-01},
       {5.8408653736114502e-01, 1.0797346979379654e+00, 4.5577190816402435e-02, 1.1896957159042358e+00},
       {7.3357172310352325e-01, 8.6607453227043152e-01, 1.1896957159042358e+00, 1.9973942041397095e+00}}}},
    {{{{5.6543540954589844e-01, 1.1868971288204193e+00, 5.5418203771114349e-01, 4.2546439170837402e-01},
       {1.1868971288204193e+00, 8.5966175794601440e-01, 4.2996890097856522e-01, 6.8310414254665375e-01},
       {5.5418203771114349e-01, 4.2996890097856522e-01, 1.9590557813644409e+00, 1.3742357194423676e+00},
       {4.2546439170837402e-01, 6.8310414254665375e-01, 1.3742357194423676e+00, 1.6661902666091919e+00}}}},
    {{{{5.7987499237060547e-01, 1.4895519018173218e+00, 8.5992085933685303e-01, 2.7467941492795944e-01},
       {1.4895519018173218e+00, 2.4292756617069244e-01, 8.1105519086122513e-01, 8.8540351390838623e-01},
       {8.5992085933685303e-01, 8.1105519086122513e-01, 1.3607882261276245e+00, 1.2463387250900269e+00},
       {2.7467941492795944e-01, 8.8540351390838623e-01, 1.2463387250900269e+00, 8.5757476091384888e-01}}}},
    {{{{1.5033026933670044e+00, 1.4880942106246948e+00, 9.0408931672573090e-01, 1.4227513074874878e+00},
       {1.4880942106246948e+00, 9.9727290868759155e-01, 9.9444068968296051e-01, 1.3662186563014984e+00},
       {9.0408931672573090e-01, 9.9444068968296051e-01, 6.1721628904342651e-01, 1.6516095995903015e+00},
       {1.4227513074874878e+00, 1.3662186563014984e+00, 1.6516095995903015e+00, 3.7012672424316406e-01}}}},
    {{{{5.7157725095748901e-01, 7.8325231373310089e-01, 1.6431721448898315e+00, 7.7645130455493927e-01},
       {7.8325231373310089e-01, 5.3046077489852905e-01, 1.1344132274389267e+00, 8.7609468027949333e-01},
       {1.6431721448898315e+00, 1.1344132274389267e+00, 5.9581029415130615e-01, 8.8193215429782867e-01},
       {7.7645130455493927e-01, 8.7609468027949333e-01, 8.8193215429782867e-01, 7.7543926239013672e-01}}}},
    {{{{1.2021650075912476e+00, 1.0508692413568497e+00, 1.3142726719379425e+00, 1.3802671730518341e+00},
       {1.0508692413568497e+00, 1.9179432392120361e+00, 8.8631293177604675e-01, 1.5168375968933105e+00},
       {1.3142726719379425e+00, 8.8631293177604675e-01, 1.7213590145111084e+00, 9.2861706018447876e-01},
       {1.3802671730518341e+00, 1.5168375968933105e+00, 9.2861706018447876e-01, 1.5331528186798096e+00}}}},
    {{{{1.6467894315719604e+00, 1.3460503518581390e+00, 7.4224896728992462e-01, 7.8275716304779053e-01},
       {1.3460503518581390e+00, 1.9354723691940308e+00, 1.4633401632308960e+00, 1.0663309097290039e+00},
       {7.4224896728992462e-01, 1.4633401632308960e+00, 1.0171405076980591e+00, 1.7544248700141907e+00},
       {7.8275716304779053e-01, 1.0663309097290039e+00, 1.7544248700141907e+00, 1.1516238451004028e+00}}}},
    {{{{1.0091725736856461e-01, 1.3704560995101929e+00, 1.0708291828632355e+00, 4.5623005926609039e-01},
       {1.3704560995101929e+00, 3.9400398731231689e-01, 1.2463833987712860e+00, 1.7086515426635742e+00},
       {1.0708291828632355e+00, 1.2463833987712860e+00, 8.5342597961425781e-01, 8.5842153429985046e-01},
       {4.5623005926609039e-01, 1.7086515426635742e+00, 8.5842153429985046e-01, 2.6564529538154602e-01}}}},
    {{{{5.8929070830345154e-02, 3.3237165212631226e-01, 1.5317572355270386e+00, 8.4612317383289337e-01},
       {3.3237165212631226e-01, 6.0700690746307373e-01, 3.8418000936508179e-01, 1.9326819181442261e+00},
       {1.5317572355270386e+00, 3.8418000936508179e-01, 7.3772244155406952e-02, 1.1021760702133179e+00},
       {8.4612317383289337e-01, 1.9326819181442261e+00, 1.1021760702133179e+00, 1.1049003601074219e+00}}}},
    {{{{1.5044797658920288e+00, 8.0841861665248871e-01, 3.9818971231579781e-01, 9.5473400317132473e-01},
       {8.0841861665248871e-01, 6.7139780521392822e-01, 8.3085089921951294e-01, 7.0400521159172058e-01},
       {3.9818971231579781e-01, 8.3085089921951294e-01, 1.7717361450195312e+00, 1.3585950136184692e+00},
       {9.5473400317132473e-01, 7.0400521159172058e-01, 1.3585950136184692e+00, 9.1874331235885620e-01}}}},
    {{{{1.0488753318786621e+00, 1.2800351083278656e+00, 1.3209737539291382e+00, 1.0816131830215454e+00},
       {1.2800351083278656e+00, 7.3464345932006836e-01, 1.7157208323478699e+00, 1.0182680487632751e+00},
       {1.3209737539291382e+00, 1.7157208323478699e+00, 1.0091507434844971e+00, 4.4113161414861679e-01},
       {1.0816131830215454e+00, 1.0182680487632751e+00, 4.4113161414861679e-01, 2.5569266080856323e-01}}}},
    {{{{8.6267286539077759e-01, 1.5517029762268066e+00, 4.7128678858280182e-01, 1.5005028843879700e+00},
       {1.5517029762268066e+00, 1.3480952978134155e+00, 1.1218964457511902e+00, 8.1454344093799591e-01},
       {4.7128678858280182e-01, 1.1218964457511902e+00, 1.6044460535049438e+00, 2.1542945504188538e-01},
       {1.5005028843879700e+00, 8.1454344093799591e-01, 2.1542945504188538e-01, 1.6916220188140869e+00}}}},
    {{{{6.8252086639404297e-01, 1.1179261282086372e-01, 1.0784780383110046e+00, 1.2334349751472473e+00},
       {1.1179261282086372e-01, 8.4094721078872681e-01, 1.5167714357376099e+00, 1.2707943916320801e+00},
       {1.0784780383110046e+00, 1.5167714357376099e+00, 2.2473998367786407e-01, 1.6654933094978333e+00},
       {1.2334349751472473e+00, 1.2707943916320801e+00, 1.6654933094978333e+00, 1.7419769763946533e+00}}}},
    {{{{4.3824443221092224e-01, 1.1926900148391724e+00, 1.1354078948497772e+00, 8.7251177430152893e-01},
       {1.1926900148391724e+00, 1.7881581783294678e+00, 7.6283554546535015e-01, 1.5145598649978638e+00},
       {1.1354078948497772e+00, 7.6283554546535015e-01, 1.5035783052444458e+00, 4.8818744719028473e-01},
       {8.7251177430152893e-01, 1.5145598649978638e+00, 4.8818744719028473e-01, 7.4017059803009033e-01}}}},
    {{{{1.6920728683471680e+00, 1.3404237627983093e+00, 6.3067641854286194e-01, 1.8668261766433716e+00},
       {1.3404237627983093e+00, 1.1228853464126587e+00, 2.9471059143543243e-01, 1.2762815356254578e+00},
       {6.3067641854286194e-01, 2.9471059143543243e-01, 1.7389718294143677e+00, 1.5504753589630127e+00},
       {1.8668261766433716e+00, 1.2762815356254578e+00, 1.5504753589630127e+00, 9.6824043989181519e-01}}}},
    {{{{7.5647437572479248e-01, 1.2137588858604431e+00, 1.3095723390579224e+00, 3.8955425471067429e-01},
       {1.2137588858604431e+00, 1.0767129659652710e+00, 2.8350877016782761e-01, 8.6185725033283234e-01},
       {1.3095723390579224e+00, 2.8350877016782761e-01, 8.9200949668884277e-01, 8.4544602036476135e-01},
       {3.8955425471067429e-01, 8.6185725033283234e-01, 8.4544602036476135e-01, 3.9567209780216217e-02}}}},
    {{{{3.0746571719646454e-02, 2.2351973690092564e-01, 7.4737462401390076e-01, 9.1443584859371185e-01},
       {2.2351973690092564e-01, 1.3561679124832153e+00, 1.3916629552841187e+00, 6.0669654607772827e-01},
       {7.4737462401390076e-01, 1.3916629552841187e+00, 1.5431262552738190e-01, 1.3382219076156616e+00},
       {9.1443584859371185e-01, 6.0669654607772827e-01, 1.3382219076156616e+00, 7.4315452575683594e-01}}}}};

static constexpr Matrix<Complex<double>, 4, 1> eigs_random_sym_fast[50] = {
    {{{{{{-1.7090929583870310e-01, 0.0000000000000000e+00}}},
       {{{4.7865188302726414e-01, 0.0000000000000000e+00}}},
       {{{1.0584029439974465e+00, 0.0000000000000000e+00}}},
       {{{3.6192571720992124e+00, 0.0000000000000000e+00}}}}}},
    {{{{{{-1.1882731779261764e+00, 0.0000000000000000e+00}}},
       {{{-8.4544512878085967e-02, 0.0000000000000000e+00}}},
       {{{8.8570895212503786e-01, 0.0000000000000000e+00}}},
       {{{3.3679915174429973e+00, 0.0000000000000000e+00}}}}}},
    {{{{{{-1.2801663507515073e+00, 0.0000000000000000e+00}}},
       {{{-3.8099052196259164e-01, 0.0000000000000000e+00}}},
       {{{-1.2360740113721129e-01, 0.0000000000000000e+00}}},
       {{{4.5831953425101375e+00, 0.0000000000000000e+00}}}}}},
    {{{{{{-1.1001579596819508e+00, 0.0000000000000000e+00}}},
       {{{2.5675620253844134e-01, 0.0000000000000000e+00}}},
       {{{1.0711379336529494e+00, 0.0000000000000000e+00}}},
       {{{4.8040726766399748e+00, 0.0000000000000000e+00}}}}}},
    {{{{{{-8.4104834487307889e-01, 0.0000000000000000e+00}}},
       {{{3.0990953973437146e-01, 0.0000000000000000e+00}}},
       {{{1.1244004702538037e+00, 0.0000000000000000e+00}}},
       {{{4.3033709466364600e+00, 0.0000000000000000e+00}}}}}},
    {{{{{{-1.5576666625100570e+00, 0.0000000000000000e+00}}},
       {{{-1.5419673709566298e-01, 0.0000000000000000e+00}}},
       {{{1.1258370685875836e+00, 0.0000000000000000e+00}}},
       {{{3.9465209744679202e+00, 0.0000000000000000e+00}}}}}},
    {{{{{{-7.3896993408588241e-01, 0.0000000000000000e+00}}},
       {{{-3.5165732189522309e-01, 0.0000000000000000e+00}}},
       {{{9.7502468841439160e-01, 0.0000000000000000e+00}}},
       {{{3.7502179888618814e+00, 0.0000000000000000e+00}}}}}},
    {{{{{{-5.1424886058062236e-01, 0.0000000000000000e+00}}},
       {{{4.2189092856356919e-01, 0.0000000000000000e+00}}},
       {{{1.1578975096641420e+00, 0.0000000000000000e+00}}},
       {{{4.6204054563800110e+00, 0.0000000000000000e+00}}}}}},
    {{{{{{-6.2558277687468000e-01, 0.0000000000000000e+00}}},
       {{{-1.1178681456213904e-01, 0.0000000000000000e+00}}},
       {{{7.0308857980955575e-01, 0.0000000000000000e+00}}},
       {{{4.0826839170914386e+00, 0.0000000000000000e+00}}}}}},
    {{{{{{-9.6773960290652872e-01, 0.0000000000000000e+00}}},
       {{{-7.2302341156435732e-02, 0.0000000000000000e+00}}},
       {{{5.3331303194011748e-01, 0.0000000000000000e+00}}},
       {{{3.8357765324193269e+00, 0.0000000000000000e+00}}}}}},
    {{{{{{-6.8451746563868476e-01, 0.0000000000000000e+00}}},
       {{{4.7190562603166297e-01, 0.0000000000000000e+00}}},
       {{{6.2189778877122959e-01, 0.0000000000000000e+00}}},
       {{{5.3789452150527843e+00, 0.0000000000000000e+00}}}}}},
    {{{{{{-1.1309875728928120e+00, 0.0000000000000000e+00}}},
       {{{-5.1784094688621829e-01, 0.0000000000000000e+00}}},
       {{{5.4528728127700454e-01, 0.0000000000000000e+00}}},
       {{{5.3016340399984117e+00, 0.0000000000000000e+00}}}}}},
    {{{{{{-9.4784818392172587e-01, 0.0000000000000000e+00}}},
       {{{7.8469668743145732e-02, 0.0000000000000000e+00}}},
       {{{1.1084225311665672e+00, 0.0000000000000000e+00}}},
       {{{3.9188351875699805e+00, 0.0000000000000000e+00}}}}}},
    {{{{{{-6.6178095172822970e-01, 0.0000000000000000e+00}}},
       {{{2.5935254408261310e-01, 0.0000000000000000e+00}}},
       {{{1.2172167241134864e+00, 0.0000000000000000e+00}}},
       {{{4.4438752186502306e+00, 0.0000000000000000e+00}}}}}},
    {{{{{{-1.2277534567159245e+00, 0.0000000000000000e+00}}},
       {{{-4.6349173291449447e-01, 0.0000000000000000e+00}}},
       {{{1.2574442562562560e+00, 0.0000000000000000e+00}}},
       {{{3.8337818807494619e+00, 0.0000000000000000e+00}}}}}},
    {{{{{{-1.0675969818139446e+00, 0.0000000000000000e+00}}},
       {{{5.4832822755410904e-01, 0.0000000000000000e+00}}},
       {{{1.0289539477882903e+00, 0.0000000000000000e+00}}},
       {{{3.7550799498660163e+00, 0.0000000000000000e+00}}}}}},
    {{{{{{-1.2652052044283906e+00, 0.0000000000000000e+00}}},
       {{{-2.8977577031249466e-02, 0.0000000000000000e+00}}},
       {{{4.4545002698180036e-01, 0.0000000000000000e+00}}},
       {{{3.5025140716522731e+00, 0.0000000000000000e+00}}}}}},
    {{{{{{-1.3044872239320786e+00, 0.0000000000000000e+00}}},
       {{{-5.5540712593164432e-01, 0.0000000000000000e+00}}},
       {{{1.6174823491376298e+00, 0.0000000000000000e+00}}},
       {{{4.2756422756417880e+00, 0.0000000000000000e+00}}}}}},
    {{{{{{-4.9921213645968732e-01, 0.0000000000000000e+00}}},
       {{{2.2323631623083104e-01, 0.0000000000000000e+00}}},
       {{{8.6253806795505139e-01, 0.0000000000000000e+00}}},
       {{{5.1913328452379783e+00, 0.0000000000000000e+00}}}}}},
    {{{{{{-1.0185065866018295e+00, 0.0000000000000000e+00}}},
       {{{-3.5962203533079856e-02, 0.0000000000000000e+00}}},
       {{{5.4922543408639324e-01, 0.0000000000000000e+00}}},
       {{{4.6939027855986852e+00, 0.0000000000000000e+00}}}}}},
    {{{{{{-1.4009121066251253e+00, 0.0000000000000000e+00}}},
       {{{1.1414654816730309e-01, 0.0000000000000000e+00}}},
       {{{8.9614994279376647e-01, 0.0000000000000000e+00}}},
       {{{5.1045427952390190e+00, 0.0000000000000000e+00}}}}}},
    {{{{{{-1.9343923707955479e+00, 0.0000000000000000e+00}}},
       {{{1.3872192116565304e-01, 0.0000000000000000e+00}}},
       {{{1.2099817031522964e+00, 0.0000000000000000e+00}}},
       {{{3.0323478420629448e+00, 0.0000000000000000e+00}}}}}},
    {{{{{{-1.5851756115493962e+00, 0.0000000000000000e+00}}},
       {{{6.6093646155166563e-01, 0.0000000000000000e+00}}},
       {{{1.0115781185526524e+00, 0.0000000000000000e+00}}},
       {{{4.2827942227922016e+00, 0.0000000000000000e+00}}}}}},
    {{{{{{-1.1155987376688656e+00, 0.0000000000000000e+00}}},
       {{{1.1377882146544233e-01, 0.0000000000000000e+00}}},
       {{{4.3207589497152871e-01, 0.0000000000000000e+00}}},
       {{{5.3336596196243846e+00, 0.0000000000000000e+00}}}}}},
    {{{{{{-7.9197712887365390e-01, 0.0000000000000000e+00}}},
       {{{-9.5232190886435489e-02, 0.0000000000000000e+00}}},
       {{{1.2522460281053671e+00, 0.0000000000000000e+00}}},
       {{{3.2177132246591045e+00, 0.0000000000000000e+00}}}}}},
    {{{{{{-2.4332421388315476e-01, 0.0000000000000000e+00}}},
       {{{5.8307717354333530e-02, 0.0000000000000000e+00}}},
       {{{5.3838851298584511e-01, 0.0000000000000000e+00}}},
       {{{4.0072599262920008e+00, 0.0000000000000000e+00}}}}}},
    {{{{{{-1.1324697811710993e+00, 0.0000000000000000e+00}}},
       {{{-8.0454010365855366e-01, 0.0000000000000000e+00}}},
       {{{1.6922115204803076e-01, 0.0000000000000000e+00}}},
       {{{4.6114122517254099e+00, 0.0000000000000000e+00}}}}}},
    {{{{{{-6.3332697762514223e-01, 0.0000000000000000e+00}}},
       {{{3.9784920906568921e-01, 0.0000000000000000e+00}}},
       {{{1.0816348671431979e+00, 0.0000000000000000e+00}}},
       {{{4.3003411046938433e+00, 0.0000000000000000e+00}}}}}},
    {{{{{{-1.0015187363302440e+00, 0.0000000000000000e+00}}},
       {{{-6.2776568096664126e-02, 0.0000000000000000e+00}}},
       {{{2.6557937945301102e-01, 0.0000000000000000e+00}}},
       {{{4.5725012478784848e+00, 0.0000000000000000e+00}}}}}},
    {{{{{{-1.0745397462879578e+00, 0.0000000000000000e+00}}},
       {{{4.1496808432714832e-02, 0.0000000000000000e+00}}},
       {{{1.2677359357398186e+00, 0.0000000000000000e+00}}},
       {{{4.2847265381099522e+00, 0.0000000000000000e+00}}}}}},
    {{{{{{-5.4001309252159602e-01, 0.0000000000000000e+00}}},
       {{{-1.0373210948157746e-01, 0.0000000000000000e+00}}},
       {{{4.5012250643266655e-01, 0.0000000000000000e+00}}},
       {{{4.6876835099511549e+00, 0.0000000000000000e+00}}}}}},
    {{{{{{-1.3418118523789475e+00, 0.0000000000000000e+00}}},
       {{{-2.9430969590677186e-01, 0.0000000000000000e+00}}},
       {{{8.8890156069619064e-01, 0.0000000000000000e+00}}},
       {{{4.4970591444556050e+00, 0.0000000000000000e+00}}}}}},
    {{{{{{-1.0760653276970051e+00, 0.0000000000000000e+00}}},
       {{{-1.0638990068786414e-01, 0.0000000000000000e+00}}},
       {{{1.1188603077939390e+00, 0.0000000000000000e+00}}},
       {{{5.0372854899917181e+00, 0.0000000000000000e+00}}}}}},
    {{{{{{-8.4189778651495983e-01, 0.0000000000000000e+00}}},
       {{{7.3504529100324470e-02, 0.0000000000000000e+00}}},
       {{{6.3073190702745241e-01, 0.0000000000000000e+00}}},
       {{{3.6971324435053736e+00, 0.0000000000000000e+00}}}}}},
    {{{{{{-5.2030996232948601e-01, 0.0000000000000000e+00}}},
       {{{4.5188968465733859e-01, 0.0000000000000000e+00}}},
       {{{1.3406097970341495e+00, 0.0000000000000000e+00}}},
       {{{3.7781536961035425e+00, 0.0000000000000000e+00}}}}}},
    {{{{{{-1.2338093842521196e+00, 0.0000000000000000e+00}}},
       {{{-7.8332381540672083e-02, 0.0000000000000000e+00}}},
       {{{7.5609753988675155e-01, 0.0000000000000000e+00}}},
       {{{3.5972097714888114e+00, 0.0000000000000000e+00}}}}}},
    {{{{{{-1.2789215957300744e+00, 0.0000000000000000e+00}}},
       {{{-3.1589412006714751e-01, 0.0000000000000000e+00}}},
       {{{2.6118027061236809e-01, 0.0000000000000000e+00}}},
       {{{4.8215540605260374e+00, 0.0000000000000000e+00}}}}}},
    {{{{{{-1.1139328890735187e+00, 0.0000000000000000e+00}}},
       {{{-2.6811576365558604e-01, 0.0000000000000000e+00}}},
       {{{1.5044077542965989e-01, 0.0000000000000000e+00}}},
       {{{3.7048954596969055e+00, 0.0000000000000000e+00}}}}}},
    {{{{{{-1.8572793897683448e-01, 0.0000000000000000e+00}}},
       {{{3.2338710645944363e-01, 0.0000000000000000e+00}}},
       {{{1.0912493054602057e+00, 0.0000000000000000e+00}}},
       {{{5.1457116070513864e+00, 0.0000000000000000e+00}}}}}},
    {{{{{{-7.4016605733408214e-01, 0.0000000000000000e+00}}},
       {{{3.5717527784447090e-01, 0.0000000000000000e+00}}},
       {{{1.0677420732497553e+00, 0.0000000000000000e+00}}},
       {{{5.0662748598043095e+00, 0.0000000000000000e+00}}}}}},
    {{{{{{-1.6739123632692448e+00, 0.0000000000000000e+00}}},
       {{{-5.2492028458074824e-01, 0.0000000000000000e+00}}},
       {{{-3.0547048299967024e-02, 0.0000000000000000e+00}}},
       {{{3.8433722158266468e+00, 0.0000000000000000e+00}}}}}},
    {{{{{{-1.5050473628096139e+00, 0.0000000000000000e+00}}},
       {{{-1.1782096692871764e+00, 0.0000000000000000e+00}}},
       {{{8.0882271874674594e-01, 0.0000000000000000e+00}}},
       {{{3.7190428959062931e+00, 0.0000000000000000e+00}}}}}},
    {{{{{{-2.8679133597118567e-01, 0.0000000000000000e+00}}},
       {{{9.4780823859664978e-02, 0.0000000000000000e+00}}},
       {{{1.2401418322495370e+00, 0.0000000000000000e+00}}},
       {{{3.8182257083463265e+00, 0.0000000000000000e+00}}}}}},
    {{{{{{-1.0834935564462769e+00, 0.0000000000000000e+00}}},
       {{{-4.0458255968795676e-01, 0.0000000000000000e+00}}},
       {{{2.0020684432394659e-01, 0.0000000000000000e+00}}},
       {{{4.3362314673020776e+00, 0.0000000000000000e+00}}}}}},
    {{{{{{-7.2261207484787093e-01, 0.0000000000000000e+00}}},
       {{{3.0215986966080893e-01, 0.0000000000000000e+00}}},
       {{{1.6374760156648720e+00, 0.0000000000000000e+00}}},
       {{{4.2898124250454135e+00, 0.0000000000000000e+00}}}}}},
    {{{{{{-1.3471879465287984e+00, 0.0000000000000000e+00}}},
       {{{-3.7734576976093920e-01, 0.0000000000000000e+00}}},
       {{{6.7386768488742388e-01, 0.0000000000000000e+00}}},
       {{{4.5408510686575987e+00, 0.0000000000000000e+00}}}}}},
    {{{{{{-5.2162172850140820e-01, 0.0000000000000000e+00}}},
       {{{-3.3326231572103993e-01, 0.0000000000000000e+00}}},
       {{{1.1115243509706065e+00, 0.0000000000000000e+00}}},
       {{{4.2135112070667677e+00, 0.0000000000000000e+00}}}}}},
    {{{{{{-9.2625982034649601e-01, 0.0000000000000000e+00}}},
       {{{2.2655855359160659e-02, 0.0000000000000000e+00}}},
       {{{1.4550137773282130e+00, 0.0000000000000000e+00}}},
       {{{4.9707606717251327e+00, 0.0000000000000000e+00}}}}}},
    {{{{{{-1.1058333920953862e+00, 0.0000000000000000e+00}}},
       {{{-8.7393554482245256e-02, 0.0000000000000000e+00}}},
       {{{7.0989083814048148e-01, 0.0000000000000000e+00}}},
       {{{3.2481001565962719e+00, 0.0000000000000000e+00}}}}}},
    {{{{{{-1.1955618960128993e+00, 0.0000000000000000e+00}}},
       {{{-6.0489844986468033e-01, 0.0000000000000000e+00}}},
       {{{7.4651884171989957e-01, 0.0000000000000000e+00}}},
       {{{3.3383231396447597e+00, 0.0000000000000000e+00}}}}}}};

// random nonsym Matrix Test Cases (4x4) - fast
static constexpr Matrix<double, 4, 4> mat_random_nonsym_fast[50] = {
    {{{{9.6815228462219238e-01, 3.3307415246963501e-01, 5.5825203657150269e-01, 1.3525640964508057e-01},
       {6.1551910638809204e-01, 2.0435181260108948e-01, 5.2642011642456055e-01, 9.3287038803100586e-01},
       {3.8590136170387268e-01, 5.9579467773437500e-01, 4.1069296002388000e-01, 4.1697293519973755e-01},
       {4.4174939393997192e-01, 8.9396989345550537e-01, 6.8612402677536011e-01, 2.8812089562416077e-01}}}},
    {{{{8.8513690233230591e-01, 6.9158685207366943e-01, 2.6229637861251831e-01, 8.2518923282623291e-01},
       {4.3628925085067749e-01, 5.4285889863967896e-01, 4.5298498868942261e-01, 6.5939269959926605e-02},
       {4.5905822515487671e-01, 2.2045728564262390e-01, 2.5704541802406311e-01, 3.7860167026519775e-01},
       {8.4643155336380005e-01, 9.3386453390121460e-01, 2.4849988520145416e-01, 6.7547869682312012e-01}}}},
    {{{{8.0922853946685791e-01, 8.9053469896316528e-01, 4.2547178268432617e-01, 7.1048265695571899e-01},
       {9.3606650829315186e-01, 2.7358964085578918e-01, 2.8618121519684792e-02, 5.4838889837265015e-01},
       {9.3246269226074219e-01, 3.3576190471649170e-02, 4.8044231534004211e-01, 6.8385028839111328e-01},
       {5.3093296289443970e-01, 7.5310635566711426e-01, 2.4169781804084778e-01, 4.7990092635154724e-01}}}},
    {{{{2.2309692576527596e-02, 2.5704899430274963e-01, 7.6439954340457916e-02, 5.2313941717147827e-01},
       {6.1477816104888916e-01, 6.6339737176895142e-01, 9.0727263689041138e-01, 4.7903320193290710e-01},
       {9.3162214756011963e-01, 1.4847074449062347e-01, 4.8629203438758850e-01, 5.0040641799569130e-03},
       {1.3093221187591553e-01, 9.3180131912231445e-01, 8.9785850048065186e-01, 2.6847308874130249e-01}}}},
    {{{{2.6483023166656494e-01, 1.8135403096675873e-01, 4.0560978651046753e-01, 9.9459856748580933e-02},
       {1.3952700793743134e-01, 3.0080106854438782e-01, 5.7964122295379639e-01, 1.8903292715549469e-01},
       {7.7202713489532471e-01, 7.1533966064453125e-01, 5.7855397462844849e-01, 9.7944870591163635e-02},
       {3.7467646598815918e-01, 4.2886295914649963e-01, 3.9468181133270264e-01, 8.9996588230133057e-01}}}},
    {{{{5.9442204236984253e-01, 4.5769545435905457e-01, 3.1399205327033997e-01, 4.8447185754776001e-01},
       {5.3987401723861694e-01, 5.4508078098297119e-01, 8.3292466402053833e-01, 7.3979651927947998e-01},
       {1.2692096829414368e-01, 8.0493800342082977e-02, 5.6657290458679199e-01, 8.0397129058837891e-01},
       {8.8530129194259644e-01, 7.8072077035903931e-01, 6.4642894268035889e-01, 6.4954566955566406e-01}}}},
    {{{{9.5200318098068237e-01, 9.6231445670127869e-02, 5.9934520721435547e-01, 8.9526936411857605e-02},
       {1.1440096795558929e-01, 2.7298158407211304e-01, 9.0724450349807739e-01, 8.2178574800491333e-01},
       {4.5887860655784607e-01, 6.8334978818893433e-01, 5.3171551227569580e-01, 4.9020659923553467e-01},
       {1.0719446837902069e-01, 8.7307039648294449e-03, 2.2236336767673492e-01, 5.5313371121883392e-02}}}},
    {{{{3.4330835938453674e-01, 5.9944677352905273e-01, 3.1112414598464966e-01, 7.5486624240875244e-01},
       {4.5216792821884155e-01, 8.5717874765396118e-01, 8.9541679620742798e-01, 7.6095789670944214e-01},
       {9.1657334566116333e-01, 7.1111059188842773e-01, 7.3467540740966797e-01, 6.8385958671569824e-01},
       {8.8701838254928589e-01, 9.6741402149200439e-01, 7.7295291423797607e-01, 4.8801553249359131e-01}}}},
    {{{{6.7390315234661102e-02, 1.7425692081451416e-01, 1.1059397459030151e-01, 5.7428814470767975e-02},
       {5.5170828104019165e-01, 1.9198045134544373e-01, 4.4816595315933228e-01, 5.5743563175201416e-01},
       {9.4564825296401978e-01, 4.6279615163803101e-01, 9.6984314918518066e-01, 8.8997173309326172e-01},
       {7.5284767150878906e-01, 8.5549861192703247e-01, 1.5240119770169258e-02, 8.5733115673065186e-01}}}},
    {{{{8.9928257465362549e-01, 2.2412648797035217e-01, 1.0573164373636246e-01, 7.0033836364746094e-01},
       {2.8580603003501892e-01, 9.6503376960754395e-01, 2.1761865913867950e-01, 3.7729552388191223e-01},
       {7.6422989368438721e-01, 2.7380824089050293e-01, 1.8767009675502777e-01, 9.1666853427886963e-01},
       {7.8672218322753906e-01, 5.5585968494415283e-01, 3.6062836647033691e-01, 4.4019842147827148e-01}}}},
    {{{{5.3668540716171265e-01, 7.2058624029159546e-01, 4.0529334545135498e-01, 7.4857181310653687e-01},
       {2.2560991346836090e-01, 8.5520440340042114e-01, 1.4443832635879517e-01, 2.6561918854713440e-01},
       {9.8118329048156738e-01, 7.1362361311912537e-02, 5.5718457698822021e-01, 3.3502745628356934e-01},
       {1.4910067617893219e-01, 6.0019165277481079e-01, 1.3880833983421326e-01, 2.1439266204833984e-01}}}},
    {{{{4.6895805001258850e-01, 4.3899938464164734e-02, 2.9987892508506775e-01, 1.4492370188236237e-01},
       {7.9137665033340454e-01, 9.4752562046051025e-01, 5.3865242004394531e-01, 5.6044441461563110e-01},
       {9.8021024465560913e-01, 9.6714615821838379e-01, 8.4653896093368530e-01, 7.5965535640716553e-01},
       {2.0636361837387085e-01, 2.3278915882110596e-01, 4.3535459041595459e-01, 9.7116038203239441e-02}}}},
    {{{{5.2282077074050903e-01, 3.5372781753540039e-01, 1.5063916146755219e-01, 1.7936753109097481e-02},
       {2.1795929968357086e-01, 8.2767769694328308e-02, 9.3875214457511902e-02, 1.0547467321157455e-01},
       {5.0373142957687378e-01, 4.5971015095710754e-01, 8.1570011377334595e-01, 2.2808881103992462e-01},
       {4.6651566028594971e-01, 9.7382003068923950e-01, 7.0059269666671753e-01, 4.6673709154129028e-01}}}},
    {{{{2.9415848851203918e-01, 3.4550544619560242e-01, 2.1127763390541077e-01, 1.0975286364555359e-01},
       {6.0352814197540283e-01, 3.2208916544914246e-01, 3.3645218610763550e-01, 9.1370701789855957e-01},
       {7.7236904762685299e-03, 7.4716383218765259e-01, 6.5172827243804932e-01, 3.4007927775382996e-01},
       {9.9304693937301636e-01, 6.8379294872283936e-01, 7.1636635065078735e-01, 2.8593471273779869e-02}}}},
