#ifndef GENERATED_CASES_HPP
#define GENERATED_CASES_HPP

#include "../consteig.hpp"

namespace consteig {

// Symmetric Matrix Test Cases (4x4) - fast
static constexpr Matrix<double, 4, 4> mat_sym_fast[50] = {
    {{{
        {7.5851253835241650e-01, 1.6951480811628086e+00, 8.9308195430751047e-01, 8.9775944979562594e-01},
        {1.6951480811628086e+00, 7.9201762375488993e-01, 6.5996907298893615e-01, 1.5141579808579930e+00},
        {8.9308195430751047e-01, 6.5996907298893615e-01, 6.3178133036580975e-01, 1.3054947133438335e+00},
        {8.9775944979562594e-01, 1.5141579808579930e+00, 1.3054947133438335e+00, 1.0280488828963796e-01}
    }}},
    {{{
        {5.9868848838128708e-02, 9.5094480075849031e-01, 1.2251515753656368e+00, 8.5894708839864653e-01},
        {9.5094480075849031e-01, 4.3696221631748844e-01, 5.3833305024346201e-01, 8.6899496070994497e-01},
        {1.2251515753656368e+00, 5.3833305024346201e-01, 9.3549820440162512e-01, 1.2237929968981871e+00},
        {8.5894708839864653e-01, 8.6899496070994497e-01, 1.2237929968981871e+00, 2.1587982161401720e-01}
    }}},
    {{{
        {8.3572914453710290e-01, 1.7595248870065485e+00, 7.5731282815379597e-01, 1.0231195654358358e+00},
        {1.7595248870065485e+00, 9.9857973600791738e-01, 1.5006784455889406e+00, 8.7372729656902648e-01},
        {7.5731282815379597e-01, 1.5006784455889406e+00, 1.3809012603178705e-01, 1.1434327931896817e+00},
        {1.0231195654358358e+00, 8.7372729656902648e-01, 1.1434327931896817e+00, 4.1051745038390020e-01}
    }}},
    {{{
        {1.3806900767031689e+00, 1.1951654445714417e+00, 1.0472407484094259e+00, 1.2260150081174404e+00},
        {1.1951654445714417e+00, 1.8140312045198099e+00, 5.9193099347614409e-01, 6.4425782059641257e-01},
        {1.0472407484094259e+00, 5.9193099347614409e-01, 1.3464318988269215e+00, 1.2000475789545391e+00},
        {1.2260150081174404e+00, 6.4425782059641257e-01, 1.2000475789545391e+00, 1.2791505413191782e+00}
    }}},
    {{{
        {5.6804093066676375e-01, 5.7865032752191570e-01, 8.2832964450371727e-01, 1.5317718613211484e+00},
        {5.7865032752191570e-01, 4.4642939647376578e-01, 1.1985372038254094e+00, 5.9229811338249383e-01},
        {8.2832964450371727e-01, 1.1985372038254094e+00, 8.5334383052621599e-01, 1.2014487839924599e+00},
        {1.5317718613211484e+00, 5.9229811338249383e-01, 1.2014487839924599e+00, 9.8702513395528713e-01}
    }}},
    {{{
        {4.8532571340859310e-02, 1.1308066691966308e+00, 1.0807616847494512e+00, 7.4209156501904650e-01},
        {1.1308066691966308e+00, 9.8438494982834479e-01, 1.2452005196023290e+00, 1.0525171938727516e+00},
        {1.0807616847494512e+00, 1.2452005196023290e+00, 1.7458598150037974e+00, 1.4118824947873776e+00},
        {7.4209156501904650e-01, 1.0525171938727516e+00, 1.4118824947873776e+00, 8.1219987343422995e-01}
    }}},
    {{{
        {2.7827574386968856e-01, 3.9524977391321159e-01, 1.1578553267786740e+00, 9.5892481778433081e-01},
        {3.9524977391321159e-01, 1.3065429863724942e-02, 1.1334804541631227e-01, 4.9333380240747993e-01},
        {1.1578553267786740e+00, 1.1334804541631227e-01, 2.4164925809818882e-02, 1.4683205369247485e+00},
        {9.5892481778433081e-01, 4.9333380240747993e-01, 1.4683205369247485e+00, 3.9908041828797391e-01}
    }}},
    {{{
        {1.5259424978552962e+00, 1.4124083904229823e+00, 8.3096081564192559e-01, 3.7301753073638877e-01},
        {1.4124083904229823e+00, 1.4172591876396483e+00, 8.9024713267800359e-01, 1.4699238972917292e+00},
        {8.3096081564192559e-01, 8.9024713267800359e-01, 4.3867109477378197e-01, 9.4862647551710044e-01},
        {3.7301753073638877e-01, 1.4699238972917292e+00, 9.4862647551710044e-01, 1.0100765574844721e+00}
    }}},
    {{{
        {3.4042420840830978e-01, 1.1896761832599765e+00, 1.5045409433173456e+00, 4.0669308605211896e-02},
        {1.1896761832599765e+00, 1.1589408354318611e+00, 7.5422842922642930e-01, 1.1592406844998893e+00},
        {1.5045409433173456e+00, 7.5422842922642930e-01, 1.9529279173747947e+00, 7.3516006819461688e-01},
        {4.0669308605211896e-02, 1.1592406844998893e+00, 7.3516006819461688e-01, 6.1137313964815920e-02}
    }}},
    {{{
        {8.1720047242497773e-01, 1.1413669286287305e+00, 4.7806322337064655e-01, 1.2304870476259906e+00},
        {1.1413669286287305e+00, 1.3893402749158088e+00, 7.8761374005194262e-01, 1.4102827474145752e+00},
        {4.7806322337064655e-01, 7.8761374005194262e-01, 1.8349896658010789e+00, 9.8611091415534247e-01},
        {1.2304870476259906e+00, 1.4102827474145752e+00, 9.8611091415534247e-01, 7.8617600981216862e-01}
    }}},
    {{{
        {1.7107711645970587e+00, 9.4578783304789527e-01, 8.5911261161509378e-01, 4.2939687220691758e-01},
        {9.4578783304789527e-01, 7.2512048700071774e-01, 5.6710998605690488e-01, 8.9858922458159307e-01},
        {8.5911261161509378e-01, 5.6710998605690488e-01, 4.5694526701907856e-01, 7.0741792220738853e-01},
        {4.2939687220691758e-01, 8.9858922458159307e-01, 7.0741792220738853e-01, 1.2492656190866946e+00}
    }}},
    {{{
        {8.8330319184492212e-01, 1.1588012187576231e+00, 8.7537543552442187e-01, 1.9169227198983045e+00},
        {1.1588012187576231e+00, 1.5062420120797051e+00, 1.1387513572650669e+00, 9.5357494798585085e-01},
        {8.7537543552442187e-01, 1.1387513572650669e+00, 1.1607871333312221e+00, 1.8675232673319710e+00},
        {1.9169227198983045e+00, 9.5357494798585085e-01, 1.8675232673319710e+00, 1.7361908850635996e+00}
    }}},
    {{{
        {1.3936726040995633e+00, 1.1587027277519446e-01, 8.1888461063574258e-01, 1.1064844525389206e+00},
        {1.1587027277519446e-01, 1.4739653681752394e+00, 5.0821404715235374e-01, 1.1892717576411389e+00},
        {8.1888461063574258e-01, 5.0821404715235374e-01, 1.4078786396115894e+00, 6.9608286900105809e-01},
        {1.1064844525389206e+00, 1.1892717576411389e+00, 6.9608286900105809e-01, 1.8415048106470111e+00}
    }}},
    {{{
        {3.5278289066592627e-01, 1.6043645955839285e+00, 8.2215796167921951e-01, 1.0883050346919552e+00},
        {1.6043645955839285e+00, 1.3651692551142041e+00, 7.5302486921780576e-01, 7.6298421623154034e-01},
        {8.2215796167921951e-01, 7.5302486921780576e-01, 1.9377920926531305e+00, 1.2201870753258270e+00},
        {1.0883050346919552e+00, 7.6298421623154034e-01, 1.2201870753258270e+00, 1.8168079161861577e+00}
    }}},
    {{{
        {1.0805353698214741e+00, 1.0318415274309796e+00, 1.1640773852732953e+00, 9.4551772780943988e-01},
        {1.0318415274309796e+00, 1.7852197989182077e+00, 1.2903545257726847e+00, 1.5361290825392604e+00},
        {1.1640773852732953e+00, 1.2903545257726847e+00, 1.5865159887493820e+00, 1.7799413315491264e+00},
        {9.4551772780943988e-01, 1.5361290825392604e+00, 1.7799413315491264e+00, 6.4845087736858864e-01}
    }}},
    {{{
        {1.7831690080964735e+00, 1.2217662993347145e+00, 1.2432971300241316e+00, 1.2137739996569565e+00},
        {1.2217662993347145e+00, 5.6949416953445109e-01, 1.7716630875449142e+00, 1.4496744957222045e+00},
        {1.2432971300241316e+00, 1.7716630875449142e+00, 8.6476179386826169e-01, 1.3675448207369758e+00},
        {1.2137739996569565e+00, 1.4496744957222045e+00, 1.3675448207369758e+00, 4.0106191261291091e-01}
    }}},
    {{{
        {1.6646800448601589e+00, 6.3326434482434468e-01, 1.6229022998012443e-01, 8.1103785919863880e-01},
        {6.3326434482434468e-01, 5.6700040883720293e-01, 4.6477053990979778e-01, 2.0741999211768736e-01},
        {1.6229022998012443e-01, 4.6477053990979778e-01, 1.9391864906123346e-01, 1.5414492658396659e+00},
        {8.1103785919863880e-01, 2.0741999211768736e-01, 1.5414492658396659e+00, 5.6279195333351728e-01}
    }}},
    {{{
        {3.9532423200168743e-01, 1.1185524020659354e+00, 1.5931907559138827e+00, 4.0564264636275271e-01},
        {1.1185524020659354e+00, 1.7659231956272117e+00, 8.1886338674426340e-01, 9.9656760020816237e-01},
        {1.5931907559138827e+00, 8.1886338674426340e-01, 1.4366118525419795e+00, 4.5416052877317759e-02},
        {4.0564264636275271e-01, 9.9656760020816237e-01, 4.5416052877317759e-02, 1.7832942340797220e-01}
    }}},
    {{{
        {1.6948636056247330e+00, 1.8326804418217690e-01, 1.3271795823725872e+00, 1.5369994579647406e+00},
        {1.8326804418217690e-01, 1.6440515569660226e+00, 1.0090809136563816e+00, 1.0912667978790345e+00},
        {1.3271795823725872e+00, 1.0090809136563816e+00, 8.3796552175384220e-01, 1.2147072564264878e+00},
        {1.5369994579647406e+00, 1.0912667978790345e+00, 1.2147072564264878e+00, 9.8666191945891035e-01}
    }}},
    {{{
        {1.5669378975910182e+00, 7.3948741111116900e-01, 9.8074485253629717e-01, 5.7066876913300790e-01},
        {7.3948741111116900e-01, 1.8297159772038638e+00, 5.3212530652936674e-01, 1.2128885054078049e+00},
        {9.8074485253629717e-01, 5.3212530652936674e-01, 1.7237237936147671e+00, 9.5901714050932030e-01},
        {5.7066876913300790e-01, 1.2128885054078049e+00, 9.5901714050932030e-01, 1.9319624409747000e+00}
    }}},
    {{{
        {1.7020637715157132e+00, 1.3967935090359425e+00, 9.5735667428545068e-01, 6.9690453010112130e-01},
        {1.3967935090359425e+00, 8.4625246314026770e-01, 1.4727080130831154e+00, 1.3702311627934285e+00},
        {9.5735667428545068e-01, 1.4727080130831154e+00, 1.2517680444803190e+00, 7.2007656686022259e-01},
        {6.9690453010112130e-01, 1.3702311627934285e+00, 7.2007656686022259e-01, 5.8222910697222074e-01}
    }}},
    {{{
        {1.1941885226983542e+00, 7.7003758685594204e-01, 1.2788037108344787e+00, 1.9017655158184117e+00},
        {7.7003758685594204e-01, 7.8533892957508655e-01, 9.5049188208378965e-01, 1.8442673031740222e+00},
        {1.2788037108344787e+00, 9.5049188208378965e-01, 1.3378295417475508e+00, 1.1005320734026460e+00},
        {1.9017655158184117e+00, 1.8442673031740222e+00, 1.1005320734026460e+00, 1.5212007644275438e+00}
    }}},
    {{{
        {4.2579743588150532e-02, 9.9947370285739057e-01, 8.6790778219716269e-01, 6.9638935696994764e-01},
        {9.9947370285739057e-01, 1.6414127316778826e-02, 6.2563985197307326e-01, 8.1187315598914689e-01},
        {8.6790778219716269e-01, 6.2563985197307326e-01, 8.8835620130872917e-01, 1.2596961131831619e+00},
        {6.9638935696994764e-01, 8.1187315598914689e-01, 1.2596961131831619e+00, 3.8133115315152333e-01}
    }}},
    {{{
        {1.7991735575216325e+00, 1.0581911163646056e+00, 1.5557439650446074e+00, 9.0770261722240686e-01},
        {1.0581911163646056e+00, 5.7180922411532875e-01, 1.3856326253464428e+00, 3.8975387598738453e-01},
        {1.5557439650446074e+00, 1.3856326253464428e+00, 1.4739552463642733e+00, 1.1813869713859337e+00},
        {9.0770261722240686e-01, 3.8975387598738453e-01, 1.1813869713859337e+00, 1.4105357980598316e+00}
    }}},
    {{{
        {9.6017325494207229e-01, 1.0451469556267996e+00, 1.1704131145807359e+00, 1.0924977138908420e+00},
        {1.0451469556267996e+00, 1.0342819514028816e+00, 1.1526592433459892e+00, 4.0071930449303583e-01},
        {1.1704131145807359e+00, 1.1526592433459892e+00, 1.5225778911193697e+00, 1.3516658824288885e+00},
        {1.0924977138908420e+00, 4.0071930449303583e-01, 1.3516658824288885e+00, 1.1149258374553856e+00}
    }}},
    {{{
        {8.5353640929349028e-01, 6.4382152035481077e-01, 1.3822826593966218e+00, 1.2751100438416714e+00},
        {6.4382152035481077e-01, 3.5275301449335394e-01, 8.3306951857063882e-01, 1.5756911028447624e+00},
        {1.3822826593966218e+00, 8.3306951857063882e-01, 1.9159028236450795e+00, 7.6666211019875785e-01},
        {1.2751100438416714e+00, 1.5756911028447624e+00, 7.6666211019875785e-01, 1.1444500557673238e+00}
    }}},
    {{{
        {3.1543301095350773e-01, 1.3553197661887628e-01, 1.3130018332927689e+00, 9.5447785022276133e-01},
        {1.3553197661887628e-01, 6.9887199872966521e-01, 1.2800073001419789e+00, 9.4371246851996093e-01},
        {1.3130018332927689e+00, 1.2800073001419789e+00, 1.8196160302321593e+00, 1.1633539277868610e+00},
        {9.5447785022276133e-01, 9.4371246851996093e-01, 1.1633539277868610e+00, 3.5547625613084155e-01}
    }}},
    {{{
        {1.1756650121313847e+00, 1.1459527035624788e+00, 2.7473808828216695e-01, 6.5749809672874038e-01},
        {1.1459527035624788e+00, 9.1894009535902677e-01, 5.9884647709110717e-01, 9.3197937475887171e-01},
        {2.7473808828216695e-01, 5.9884647709110717e-01, 1.0575072791399913e+00, 1.7892942757515971e+00},
        {6.5749809672874038e-01, 9.3197937475887171e-01, 1.7892942757515971e+00, 4.8039200666018922e-01}
    }}},
    {{{
        {8.6321338136090109e-01, 8.7567994737340693e-01, 1.5973558326224344e+00, 1.0423757794662778e+00},
        {8.7567994737340693e-01, 1.7056510439695318e+00, 4.5787575209148001e-01, 2.5369482959964329e-01},
        {1.5973558326224344e+00, 4.5787575209148001e-01, 7.1307288883162578e-01, 6.6446993120408659e-01},
        {1.0423757794662778e+00, 2.5369482959964329e-01, 6.6446993120408659e-01, 1.6421759637574620e+00}
    }}},
    {{{
        {1.3940863296151456e+00, 9.7817494933571258e-01, 7.0094316624516217e-01, 2.9287908567771492e-01},
        {9.7817494933571258e-01, 8.4115317435099857e-01, 1.8082209241292870e+00, 1.6444001236307726e-01},
        {7.0094316624516217e-01, 1.8082209241292870e+00, 2.5407876269923335e-01, 1.2787163809391680e+00},
        {2.9287908567771492e-01, 1.6444001236307726e-01, 1.2787163809391680e+00, 1.3033190096910416e+00}
    }}},
    {{{
        {1.5883025338021635e+00, 1.3079608142954715e+00, 8.6684613642175323e-01, 3.1130517733259722e-01},
        {1.3079608142954715e+00, 1.4260845241914257e+00, 6.0964742266066896e-01, 4.3433689206422743e-01},
        {8.6684613642175323e-01, 6.0964742266066896e-01, 5.7245376801308168e-01, 1.1713865652927629e+00},
        {3.1130517733259722e-01, 4.3433689206422743e-01, 1.1713865652927629e+00, 1.7409880559013458e+00}
    }}},
    {{{
        {3.9705319400928563e-01, 9.5126027257366508e-01, 4.5445006739927307e-01, 1.1538255352374764e+00},
        {9.5126027257366508e-01, 1.9728744151401643e+00, 5.3656405033898158e-01, 7.7979991832106743e-01},
        {4.5445006739927307e-01, 5.3656405033898158e-01, 4.7135691301515426e-01, 8.9184700406505635e-01},
        {1.1538255352374764e+00, 7.7979991832106743e-01, 8.9184700406505635e-01, 7.9966985141157898e-01}
    }}},
    {{{
        {1.9795639059950549e+00, 7.9220813153206693e-01, 5.6206232358113495e-01, 1.2488061222660387e+00},
        {7.9220813153206693e-01, 1.0343431299087629e+00, 2.3876291976711594e-01, 4.7629376630055464e-01},
        {5.6206232358113495e-01, 2.3876291976711594e-01, 5.6488837811343728e-03, 6.3542303876371298e-01},
        {1.2488061222660387e+00, 4.7629376630055464e-01, 6.3542303876371298e-01, 8.8676883533921913e-01}
    }}},
    {{{
        {1.1120539818160551e+00, 1.0843748930516033e+00, 3.4670361523467430e-01, 1.1832592777339057e+00},
        {1.0843748930516033e+00, 9.9286462433914391e-01, 4.6435662509581788e-01, 2.8544334548151862e-01},
        {3.4670361523467430e-01, 4.6435662509581788e-01, 1.2372402156756648e+00, 6.7228344573664855e-01},
        {1.1832592777339057e+00, 2.8544334548151862e-01, 6.7228344573664855e-01, 2.9960199060429193e-01}
    }}},
    {{{
        {2.9942588893968680e-01, 1.3118256610729224e+00, 9.7223166112283232e-01, 4.2426182826200010e-01},
        {1.3118256610729224e+00, 1.2075463435046654e+00, 5.4593617974071851e-01, 9.9427504439060799e-01},
        {9.7223166112283232e-01, 5.4593617974071851e-01, 1.1468499689562677e+00, 7.9877006069220458e-01},
        {4.2426182826200010e-01, 9.9427504439060799e-01, 7.9877006069220458e-01, 1.0165208371925891e+00}
    }}},
    {{{
        {4.0363705020227902e-01, 5.8662605003811974e-01, 8.7559179827766731e-01, 8.5502170522978260e-01},
        {5.8662605003811974e-01, 1.0708914950817279e+00, 1.5267999689242202e+00, 9.0884446079646963e-01},
        {8.7559179827766731e-01, 1.5267999689242202e+00, 1.2975490089466930e+00, 1.0444379477090333e+00},
        {8.5502170522978260e-01, 9.0884446079646963e-01, 1.0444379477090333e+00, 4.3984015332288906e-01}
    }}},
    {{{
        {1.7743455002046145e+00, 1.7087707774231036e+00, 9.9553844539525671e-01, 1.0753914942163503e+00},
        {1.7087707774231036e+00, 1.8730726290118791e+00, 1.8281465537607913e+00, 5.2653512508091316e-01},
        {9.9553844539525671e-01, 1.8281465537607913e+00, 2.1076314815360542e-01, 1.4361702118801047e+00},
        {1.0753914942163503e+00, 5.2653512508091316e-01, 1.4361702118801047e+00, 9.8577113556293727e-01}
    }}},
    {{{
        {7.0866369899979120e-01, 1.2344836093861904e+00, 9.3430154150696998e-01, 7.5350108624299283e-01},
        {1.2344836093861904e+00, 1.2345528934349634e+00, 5.0406943035093266e-01, 1.2435735573003308e+00},
        {9.3430154150696998e-01, 5.0406943035093266e-01, 1.5257651573176096e+00, 1.6410545760819799e+00},
        {7.5350108624299283e-01, 1.2435735573003308e+00, 1.6410545760819799e+00, 9.7531906345399610e-01}
    }}},
    {{{
        {4.5812439552971251e-01, 1.8186729730288063e+00, 7.2038066776044718e-01, 1.4510727639334586e-01},
        {1.8186729730288063e+00, 1.2619818756814436e+00, 1.1819640900438342e+00, 1.5427650241990787e-01},
        {7.2038066776044718e-01, 1.1819640900438342e+00, 1.9754034926536761e+00, 2.5140505922273704e-01},
        {1.4510727639334586e-01, 1.5427650241990787e-01, 2.5140505922273704e-01, 3.0068080043758005e-01}
    }}},
    {{{
        {1.9421742398034114e-01, 1.1051780660978743e+00, 6.6319038959558785e-01, 7.9599179541449505e-01},
        {1.1051780660978743e+00, 3.0261945406071056e-01, 7.1375913997028939e-01, 9.6318125630338680e-01},
        {6.6319038959558785e-01, 7.1375913997028939e-01, 1.9309770724942974e+00, 8.8045767388524032e-01},
        {7.9599179541449505e-01, 9.6318125630338680e-01, 8.8045767388524032e-01, 8.6937123857297149e-01}
    }}},
    {{{
        {1.5175459676168741e+00, 1.1321576816176038e+00, 1.0684377804694929e+00, 9.8358490674060306e-01},
        {1.1321576816176038e+00, 6.5037197483421560e-01, 1.1721588972720411e+00, 1.1527970332895410e+00},
        {1.0684377804694929e+00, 1.1721588972720411e+00, 1.0856152372405254e+00, 8.3826878422454509e-01},
        {9.8358490674060306e-01, 1.1527970332895410e+00, 8.3826878422454509e-01, 1.6821582758218141e+00}
    }}},
    {{{
        {1.9199272099011573e+00, 9.8804987158244451e-01, 4.1760812682669080e-01, 9.3158369414127362e-01},
        {9.8804987158244451e-01, 1.6357056683476452e+00, 1.0033555295946484e+00, 3.4957547690817381e-01},
        {4.1760812682669080e-01, 1.0033555295946484e+00, 5.6005406017301596e-01, 4.9893686048085939e-01},
        {9.3158369414127362e-01, 3.4957547690817381e-01, 4.9893686048085939e-01, 1.6278924331568190e-01}
    }}},
    {{{
        {9.3881032173064205e-01, 7.5125244941873337e-01, 6.9698277369271244e-01, 1.7491113470757256e+00},
        {7.5125244941873337e-01, 6.8258109790247845e-01, 9.2530421412252117e-01, 4.1669950257230992e-01},
        {6.9698277369271244e-01, 9.2530421412252117e-01, 7.4252233698423109e-01, 9.7332826736846023e-01},
        {1.7491113470757256e+00, 4.1669950257230992e-01, 9.7332826736846023e-01, 7.8447412829996477e-01}
    }}},
    {{{
        {4.9263214996738802e-01, 7.1612170886319260e-01, 9.1088813181378447e-01, 6.9696822422523563e-01},
        {7.1612170886319260e-01, 5.2716926991630197e-01, 1.3559561273493954e+00, 8.4872801648365859e-01},
        {9.1088813181378447e-01, 1.3559561273493954e+00, 1.4637450889085151e+00, 1.8682542883396249e+00},
        {6.9696822422523563e-01, 8.4872801648365859e-01, 1.8682542883396249e+00, 6.7923651938564267e-01}
    }}},
    {{{
        {1.8667821826831177e+00, 1.0310606824824369e+00, 5.0774046604764189e-01, 1.1813461904737823e+00},
        {1.0310606824824369e+00, 2.4786741515480015e-01, 5.2282708444472936e-01, 1.4162065317499590e+00},
        {5.0774046604764189e-01, 5.2282708444472936e-01, 1.9841044704829858e-01, 1.2794295459240028e+00},
        {1.1813461904737823e+00, 1.4162065317499590e+00, 1.2794295459240028e+00, 5.9607145511295201e-01}
    }}},
    {{{
        {1.6297934016953586e-01, 6.8222622169972735e-01, 1.5641452530896012e+00, 1.6686458600435414e+00},
        {6.8222622169972735e-01, 1.4088407059532935e+00, 1.0074012657800242e+00, 1.0905784968954779e+00},
        {1.5641452530896012e+00, 1.0074012657800242e+00, 1.9180378043541584e+00, 5.7826159948444567e-01},
        {1.6686458600435414e+00, 1.0905784968954779e+00, 5.7826159948444567e-01, 1.9761577941379616e+00}
    }}},
    {{{
        {1.4406848940452941e+00, 5.7792020662284616e-01, 1.1825485716886890e+00, 2.9504852944884841e-01},
        {5.7792020662284616e-01, 8.5301409611058476e-02, 9.8285429611167396e-01, 1.2234828401734061e+00},
        {1.1825485716886890e+00, 9.8285429611167396e-01, 5.1640959277424781e-01, 1.3502233081253721e+00},
        {2.9504852944884841e-01, 1.2234828401734061e+00, 1.3502233081253721e+00, 1.1927096201696985e-01}
    }}},
    {{{
        {1.0439315878762048e+00, 7.1310823375571575e-01, 1.2292686244179394e+00, 1.0434538364433501e+00},
        {7.1310823375571575e-01, 8.7773489633809065e-01, 6.5555474046862894e-01, 1.0016165245086968e+00},
        {1.2292686244179394e+00, 6.5555474046862894e-01, 1.5791393513432634e+00, 6.0937887856319117e-01},
        {1.0434538364433501e+00, 1.0016165245086968e+00, 6.0937887856319117e-01, 3.0867585692096089e-01}
    }}},
    {{{
        {1.1694428041141549e+00, 8.0978801498262065e-01, 6.2044498886007338e-01, 7.1350477676086621e-01},
        {8.0978801498262065e-01, 1.0955871100635595e+00, 7.9949283032324048e-01, 1.3087400187464657e+00},
        {6.2044498886007338e-01, 7.9949283032324048e-01, 8.3570376600467666e-01, 1.7306834714260666e+00},
        {7.1350477676086621e-01, 1.3087400187464657e+00, 1.7306834714260666e+00, 1.1141348991479942e+00}
    }}},
    {{{
        {1.0756974518498295e+00, 1.1225987339941670e+00, 1.5050198863644992e+00, 8.9309251436834669e-01},
        {1.1225987339941670e+00, 4.7043301740504595e-01, 5.7440394822402885e-01, 1.2099960381116976e+00},
        {1.5050198863644992e+00, 5.7440394822402885e-01, 2.8231119409479799e-01, 6.1723644557963886e-01},
        {8.9309251436834669e-01, 1.2099960381116976e+00, 6.1723644557963886e-01, 1.1846270569215034e+00}
    }}}
};

static constexpr Matrix<Complex<double>, 4, 1> eigs_sym_fast[50] = {
    {{{
        { { {-1.4834961320307758e+00, 0.0000000000000000e+00} } },
        { { {-5.7677917703598491e-01, 0.0000000000000000e+00} } },
        { { {2.4176483924857656e-01, 0.0000000000000000e+00} } },
        { { {4.1036268505809375e+00, 0.0000000000000000e+00} } }
    }}},
    {{{
        { { {-1.0507450119142088e+00, 0.0000000000000000e+00} } },
        { { {-7.0221642422515262e-01, 0.0000000000000000e+00} } },
        { { {1.0268964696890617e-01, 0.0000000000000000e+00} } },
        { { {3.2984808803417147e+00, 0.0000000000000000e+00} } }
    }}},
    {{{
        { { {-1.3715117014307459e+00, 0.0000000000000000e+00} } },
        { { {-4.2012581679841932e-01, 0.0000000000000000e+00} } },
        { { {-5.6364017754913336e-02, 0.0000000000000000e+00} } },
        { { {4.2309179929447858e+00, 0.0000000000000000e+00} } }
    }}},
    {{{
        { { {-2.4859271064565303e-02, 0.0000000000000000e+00} } },
        { { {1.9304038226119161e-01, 0.0000000000000000e+00} } },
        { { {1.2287802079782140e+00, 0.0000000000000000e+00} } },
        { { {4.4233424021942396e+00, 0.0000000000000000e+00} } }
    }}},
    {{{
        { { {-8.6248289425745850e-01, 0.0000000000000000e+00} } },
        { { {-5.2445486805094377e-01, 0.0000000000000000e+00} } },
        { { {4.7691835136816074e-01, 0.0000000000000000e+00} } },
        { { {3.7648587025622744e+00, 0.0000000000000000e+00} } }
    }}},
    {{{
        { { {-7.4147240418834104e-01, 0.0000000000000000e+00} } },
        { { {-2.1277686763050643e-01, 0.0000000000000000e+00} } },
        { { {1.4507195532330514e-01, 0.0000000000000000e+00} } },
        { { {4.4001545261027735e+00, 0.0000000000000000e+00} } }
    }}},
    {{{
        { { {-1.3893561964627190e+00, 0.0000000000000000e+00} } },
        { { {-6.0108426768117418e-01, 0.0000000000000000e+00} } },
        { { {-5.1840013042159294e-02, 0.0000000000000000e+00} } },
        { { {2.7568669950172593e+00, 0.0000000000000000e+00} } }
    }}},
    {{{
        { { {-6.4797821228418306e-01, 0.0000000000000000e+00} } },
        { { {-8.7208700374571430e-02, 0.0000000000000000e+00} } },
        { { {9.3049516869466176e-01, 0.0000000000000000e+00} } },
        { { {4.1966410817172903e+00, 0.0000000000000000e+00} } }
    }}},
    {{{
        { { {-1.2763659992123040e+00, 0.0000000000000000e+00} } },
        { { {-2.5406058819965830e-02, 0.0000000000000000e+00} } },
        { { {9.3766431556399321e-01, 0.0000000000000000e+00} } },
        { { {3.8775380176480603e+00, 0.0000000000000000e+00} } }
    }}},
    {{{
        { { {-5.4961489308900668e-01, 0.0000000000000000e+00} } },
        { { {-5.9892787136404169e-02, 0.0000000000000000e+00} } },
        { { {1.1774957271200370e+00, 0.0000000000000000e+00} } },
        { { {4.2597183760594106e+00, 0.0000000000000000e+00} } }
    }}},
    {{{
        { { {-2.1700642549107482e-01, 0.0000000000000000e+00} } },
        { { {9.0646139776800905e-03, 0.0000000000000000e+00} } },
        { { {1.0334533334523781e+00, 0.0000000000000000e+00} } },
        { { {3.3165910157645646e+00, 0.0000000000000000e+00} } }
    }}},
    {{{
        { { {-9.8211392756825044e-01, 0.0000000000000000e+00} } },
        { { {1.5980680914335460e-01, 0.0000000000000000e+00} } },
        { { {7.3961698491471373e-01, 0.0000000000000000e+00} } },
        { { {5.3692133558296291e+00, 0.0000000000000000e+00} } }
    }}},
    {{{
        { { {1.4209341034732989e-02, 0.0000000000000000e+00} } },
        { { {8.1868080089968931e-01, 0.0000000000000000e+00} } },
        { { {1.4198403064687135e+00, 0.0000000000000000e+00} } },
        { { {3.8642909741302685e+00, 0.0000000000000000e+00} } }
    }}},
    {{{
        { { {-9.0559542296065965e-01, 0.0000000000000000e+00} } },
        { { {6.5225212058583260e-01, 0.0000000000000000e+00} } },
        { { {1.1970745130246609e+00, 0.0000000000000000e+00} } },
        { { {4.5288209439695857e+00, 0.0000000000000000e+00} } }
    }}},
    {{{
        { { {-8.3817925006999661e-01, 0.0000000000000000e+00} } },
        { { {2.4850161040538044e-01, 0.0000000000000000e+00} } },
        { { {4.6288825456693122e-01, 0.0000000000000000e+00} } },
        { { {5.2275114199553379e+00, 0.0000000000000000e+00} } }
    }}},
    {{{
        { { {-1.1090552938509248e+00, 0.0000000000000000e+00} } },
        { { {-7.6417447993632137e-01, 0.0000000000000000e+00} } },
        { { {4.2596794182741410e-01, 0.0000000000000000e+00} } },
        { { {5.0657487160719299e+00, 0.0000000000000000e+00} } }
    }}},
    {{{
        { { {-1.2859602809044561e+00, 0.0000000000000000e+00} } },
        { { {3.4035448214460551e-01, 0.0000000000000000e+00} } },
        { { {1.1364030666877545e+00, 0.0000000000000000e+00} } },
        { { {2.7975937881642081e+00, 0.0000000000000000e+00} } }
    }}},
    {{{
        { { {-8.6837330589633466e-01, 0.0000000000000000e+00} } },
        { { {-3.4381294564400311e-01, 0.0000000000000000e+00} } },
        { { {1.2105175006104698e+00, 0.0000000000000000e+00} } },
        { { {3.7778574545087205e+00, 0.0000000000000000e+00} } }
    }}},
    {{{
        { { {-5.4204628126296750e-01, 0.0000000000000000e+00} } },
        { { {-2.9262275851567587e-01, 0.0000000000000000e+00} } },
        { { {1.4880788223560319e+00, 0.0000000000000000e+00} } },
        { { {4.5101328212261222e+00, 0.0000000000000000e+00} } }
    }}},
    {{{
        { { {3.6649853430831314e-01, 0.0000000000000000e+00} } },
        { { {9.5077483019269726e-01, 0.0000000000000000e+00} } },
        { { {1.4463124791450859e+00, 0.0000000000000000e+00} } },
        { { {4.2887542657382509e+00, 0.0000000000000000e+00} } }
    }}},
    {{{
        { { {-8.9467914969169848e-01, 0.0000000000000000e+00} } },
        { { {1.8834091147045515e-01, 0.0000000000000000e+00} } },
        { { {5.9852618482380004e-01, 0.0000000000000000e+00} } },
        { { {4.4901254395059613e+00, 0.0000000000000000e+00} } }
    }}},
    {{{
        { { {-1.0663589217852314e+00, 0.0000000000000000e+00} } },
        { { {1.4214196726917513e-01, 0.0000000000000000e+00} } },
        { { {5.2485981496684764e-01, 0.0000000000000000e+00} } },
        { { {5.2379148979977419e+00, 0.0000000000000000e+00} } }
    }}},
    {{{
        { { {-1.0476092612637613e+00, 0.0000000000000000e+00} } },
        { { {-6.0832907790782431e-01, 0.0000000000000000e+00} } },
        { { {-5.1108632325364438e-02, 0.0000000000000000e+00} } },
        { { {3.0357281968621326e+00, 0.0000000000000000e+00} } }
    }}},
    {{{
        { { {-5.3170361769892904e-01, 0.0000000000000000e+00} } },
        { { {2.2953347571633834e-01, 0.0000000000000000e+00} } },
        { { {8.2815099843926832e-01, 0.0000000000000000e+00} } },
        { { {4.7294929696043919e+00, 0.0000000000000000e+00} } }
    }}},
    {{{
        { { {-4.2853837095427583e-01, 0.0000000000000000e+00} } },
        { { {3.9990188447065186e-02, 0.0000000000000000e+00} } },
        { { {6.7873982297473190e-01, 0.0000000000000000e+00} } },
        { { {4.3417672944521870e+00, 0.0000000000000000e+00} } }
    }}},
    {{{
        { { {-1.0126758569232932e+00, 0.0000000000000000e+00} } },
        { { {-1.2733065113026620e-01, 0.0000000000000000e+00} } },
        { { {1.0289367771140217e+00, 0.0000000000000000e+00} } },
        { { {4.3777120341387841e+00, 0.0000000000000000e+00} } }
    }}},
    {{{
        { { {-9.8286387609696757e-01, 0.0000000000000000e+00} } },
        { { {-2.1347893867741780e-01, 0.0000000000000000e+00} } },
        { { {3.9455375314234664e-01, 0.0000000000000000e+00} } },
        { { {3.9911863576782114e+00, 0.0000000000000000e+00} } }
    }}},
    {{{
        { { {-1.1156204733131512e+00, 0.0000000000000000e+00} } },
        { { {-1.6415389853544637e-01, 0.0000000000000000e+00} } },
        { { {1.2859944295837500e+00, 0.0000000000000000e+00} } },
        { { {3.6262843355554395e+00, 0.0000000000000000e+00} } }
    }}},
    {{{
        { { {-8.7386650593273096e-01, 0.0000000000000000e+00} } },
        { { {6.3319556521424125e-01, 0.0000000000000000e+00} } },
        { { {1.4425675473244473e+00, 0.0000000000000000e+00} } },
        { { {3.7222166713135643e+00, 0.0000000000000000e+00} } }
    }}},
    {{{
        { { {-1.5725743835483175e+00, 0.0000000000000000e+00} } },
        { { {4.7795550349990618e-01, 0.0000000000000000e+00} } },
        { { {1.2813817104220731e+00, 0.0000000000000000e+00} } },
        { { {3.6058744459827574e+00, 0.0000000000000000e+00} } }
    }}},
    {{{
        { { {-3.4744869150309998e-01, 0.0000000000000000e+00} } },
        { { {2.5228048664273667e-01, 0.0000000000000000e+00} } },
        { { {1.7091340242033664e+00, 0.0000000000000000e+00} } },
        { { {3.7138630625650144e+00, 0.0000000000000000e+00} } }
    }}},
    {{{
        { { {-6.6969941686191370e-01, 0.0000000000000000e+00} } },
        { { {-9.8131018548944515e-03, 0.0000000000000000e+00} } },
        { { {8.5678574254237561e-01, 0.0000000000000000e+00} } },
        { { {3.4636811497506157e+00, 0.0000000000000000e+00} } }
    }}},
    {{{
        { { {-3.3314140209193882e-01, 0.0000000000000000e+00} } },
        { { {1.7989271646518459e-01, 0.0000000000000000e+00} } },
        { { {6.5632069116109393e-01, 0.0000000000000000e+00} } },
        { { {3.4032527494898326e+00, 0.0000000000000000e+00} } }
    }}},
    {{{
        { { {-7.5503597572416470e-01, 0.0000000000000000e+00} } },
        { { {4.1577975120393579e-01, 0.0000000000000000e+00} } },
        { { {9.7407894826938834e-01, 0.0000000000000000e+00} } },
        { { {3.0069380886859980e+00, 0.0000000000000000e+00} } }
    }}},
    {{{
        { { {-8.6198234034352084e-01, 0.0000000000000000e+00} } },
        { { {4.0769567591510480e-01, 0.0000000000000000e+00} } },
        { { {6.4413771313861146e-01, 0.0000000000000000e+00} } },
        { { {3.4804919898830136e+00, 0.0000000000000000e+00} } }
    }}},
    {{{
        { { {-5.0048906029285778e-01, 0.0000000000000000e+00} } },
        { { {-3.5087676802716261e-01, 0.0000000000000000e+00} } },
        { { {1.9619571519316961e-01, 0.0000000000000000e+00} } },
        { { {3.8670878206804420e+00, 0.0000000000000000e+00} } }
    }}},
    {{{
        { { {-1.4245548475804914e+00, 0.0000000000000000e+00} } },
        { { {3.2625980783443598e-01, 0.0000000000000000e+00} } },
        { { {8.0539927107843146e-01, 0.0000000000000000e+00} } },
        { { {5.1368481816006604e+00, 0.0000000000000000e+00} } }
    }}},
    {{{
        { { {-8.1616435534773246e-01, 0.0000000000000000e+00} } },
        { { {-4.3812838431013849e-02, 0.0000000000000000e+00} } },
        { { {9.9589114216320218e-01, 0.0000000000000000e+00} } },
        { { {4.3083868648219052e+00, 0.0000000000000000e+00} } }
    }}},
    {{{
        { { {-1.0159583513180690e+00, 0.0000000000000000e+00} } },
        { { {2.6500359482439606e-01, 0.0000000000000000e+00} } },
        { { {9.4384317167328158e-01, 0.0000000000000000e+00} } },
        { { {3.8033021491228025e+00, 0.0000000000000000e+00} } }
    }}},
    {{{
        { { {-8.6563674069586138e-01, 0.0000000000000000e+00} } },
        { { {-1.5364652666935052e-01, 0.0000000000000000e+00} } },
        { { {8.2794639272373938e-01, 0.0000000000000000e+00} } },
        { { {3.4885220637497922e+00, 0.0000000000000000e+00} } }
    }}},
    {{{
        { { {-4.3875968746367999e-01, 0.0000000000000000e+00} } },
        { { {2.4916706369936134e-01, 0.0000000000000000e+00} } },
        { { {7.0011326627223402e-01, 0.0000000000000000e+00} } },
        { { {4.4251708130055141e+00, 0.0000000000000000e+00} } }
    }}},
    {{{
        { { {-4.4588525886722835e-01, 0.0000000000000000e+00} } },
        { { {1.6028995760238254e-01, 0.0000000000000000e+00} } },
        { { {1.0873318398062846e+00, 0.0000000000000000e+00} } },
        { { {3.4767396431960602e+00, 0.0000000000000000e+00} } }
    }}},
    {{{
        { { {-1.0129023263741159e+00, 0.0000000000000000e+00} } },
        { { {-1.1830694034696093e-01, 0.0000000000000000e+00} } },
        { { {6.4145326553802628e-01, 0.0000000000000000e+00} } },
        { { {3.6381438861003677e+00, 0.0000000000000000e+00} } }
    }}},
    {{{
        { { {-8.8855090707707440e-01, 0.0000000000000000e+00} } },
        { { {-2.6208084871886633e-01, 0.0000000000000000e+00} } },
        { { {6.8788779048384277e-02, 0.0000000000000000e+00} } },
        { { {4.2446260049254025e+00, 0.0000000000000000e+00} } }
    }}},
    {{{
        { { {-1.2421727375006562e+00, 0.0000000000000000e+00} } },
        { { {-3.7747709198033885e-01, 0.0000000000000000e+00} } },
        { { {6.4183736469090891e-01, 0.0000000000000000e+00} } },
        { { {3.8869439647892543e+00, 0.0000000000000000e+00} } }
    }}},
    {{{
        { { {-1.2465232198054961e+00, 0.0000000000000000e+00} } },
        { { {6.2767997057159852e-01, 0.0000000000000000e+00} } },
        { { {1.3683862323172515e+00, 0.0000000000000000e+00} } },
        { { {4.7164726615315962e+00, 0.0000000000000000e+00} } }
    }}},
    {{{
        { { {-1.3123658305956527e+00, 0.0000000000000000e+00} } },
        { { {-7.6201023184692918e-01, 0.0000000000000000e+00} } },
        { { {8.3355174277455679e-01, 0.0000000000000000e+00} } },
        { { {3.4024911781155946e+00, 0.0000000000000000e+00} } }
    }}},
    {{{
        { { {-6.3406262128702884e-01, 0.0000000000000000e+00} } },
        { { {6.7152647481998479e-02, 0.0000000000000000e+00} } },
        { { {7.2331895936738655e-01, 0.0000000000000000e+00} } },
        { { {3.6530727069161628e+00, 0.0000000000000000e+00} } }
    }}},
    {{{
        { { {-8.3381854797805388e-01, 0.0000000000000000e+00} } },
        { { {1.8951008073021117e-01, 0.0000000000000000e+00} } },
        { { {7.3183396501363540e-01, 0.0000000000000000e+00} } },
        { { {4.1273430815645922e+00, 0.0000000000000000e+00} } }
    }}},
    {{{
        { { {-9.5086818908951110e-01, 0.0000000000000000e+00} } },
        { { {-4.3915819404800838e-01, 0.0000000000000000e+00} } },
        { { {6.0989496169392921e-01, 0.0000000000000000e+00} } },
        { { {3.7932001417147645e+00, 0.0000000000000000e+00} } }
    }}}
};

// Non-Symmetric Matrix Test Cases (4x4) - fast
static constexpr Matrix<double, 4, 4> mat_nonsym_fast[50] = {
    {{{
        {5.5925585392492527e-01, 8.4811829904066161e-01, 6.1110460797611299e-01, 4.1524032284005763e-01},
        {3.6366288535378688e-01, 8.1948464568504242e-02, 1.6041318703647445e-02, 1.7979649760256522e-01},
        {2.6466028828717714e-01, 1.4169255084568677e-01, 1.6481108837057179e-01, 1.5932545835417833e-01},
        {5.6630057378531318e-01, 7.5724604262611128e-01, 6.2867425874686889e-01, 5.0754046826469690e-01}
    }}},
    {{{
        {2.9512241863858790e-01, 2.5997323807569539e-01, 5.2476660924054352e-01, 7.2384420703794061e-01},
        {6.4353180175628044e-01, 4.4091768710445134e-01, 1.0389790708810320e-01, 9.6607430621281520e-02},
        {5.5859805517702654e-01, 7.5865219669350081e-01, 7.5954069654046608e-01, 6.5886464439295012e-01},
        {5.4617958559493129e-01, 8.6746237935205661e-01, 2.4670730194837631e-01, 7.3378873410073153e-01}
    }}},
    {{{
        {2.3721888496639887e-01, 5.4561719137043141e-01, 6.2736906465905173e-01, 2.3177805008984043e-01},
        {7.7780204524857899e-01, 9.2375391542428131e-01, 1.1012100237412947e-01, 5.3240371146616949e-01},
        {8.4145512818098900e-01, 4.9838052904342434e-01, 4.5964616398731850e-01, 7.9991558362229520e-01},
        {9.0830074446708453e-01, 1.2365977731647648e-01, 2.0454140656665254e-01, 8.3852032293939516e-01}
    }}},
    {{{
        {6.8361711722973972e-01, 8.0743207417525931e-01, 1.0579922288252031e-01, 8.1168867080674967e-01},
        {8.7662695264663182e-01, 7.2407819799564299e-01, 1.7731517093712701e-01, 6.6035908441256841e-02},
        {5.8963279331801710e-01, 8.7449412306281393e-01, 5.3547385844059925e-01, 6.9228865990479049e-01},
        {4.5695773900807624e-01, 2.9482184056282212e-01, 5.1493987237460215e-01, 1.7795146287728836e-01}
    }}},
    {{{
        {1.5364504251512190e-01, 4.9727088891342974e-01, 6.6844093455230802e-01, 9.7239695425604999e-01},
        {7.0100393704473352e-01, 8.9684685302570599e-01, 2.4059198269484727e-01, 8.8574979502274442e-01},
        {7.9140016862906204e-01, 7.6254357881602219e-01, 9.6486897988322018e-01, 5.9894765553341278e-01},
        {8.4566973071754792e-01, 8.8760667487834355e-01, 8.4613984389936170e-01, 1.9699518925978565e-01}
    }}},
    {{{
        {5.5295685846573939e-01, 8.4213068815242054e-01, 5.6077247798689656e-01, 7.4094806509908906e-01},
        {1.7872355334627121e-01, 2.2734098362150690e-01, 4.2290616374549672e-01, 6.3972410583655548e-01},
        {6.4249991754174163e-01, 9.2114912244909386e-01, 7.1334209958738293e-01, 7.9123073371860153e-01},
        {4.8798094113089108e-02, 4.3855842072571527e-01, 2.9760139349614634e-01, 6.0270073626140985e-01}
    }}},
    {{{
        {5.5064749496296483e-01, 8.0849544470429346e-01, 9.7542386822613869e-01, 1.6345694077947770e-01},
        {1.6012473610200595e-01, 2.7003720141440180e-01, 7.8949609206131699e-01, 8.6819638938833377e-02},
        {9.1629995408338205e-01, 1.4073642759579152e-01, 5.7241228369430130e-01, 4.5432575273011366e-01},
        {7.4179197001709785e-01, 9.4365844773686991e-01, 1.9861351663161630e-01, 4.3223098702952045e-01}
    }}},
    {{{
        {5.4621298734753720e-01, 3.8444293302203292e-01, 7.6843620872950535e-01, 7.0455432674969787e-02},
        {6.8922776730415702e-01, 7.8294920618720354e-01, 7.2656622611255528e-01, 5.1176883990726618e-02},
        {9.4080219797740494e-01, 5.3615589911465045e-01, 7.3334108660872155e-01, 5.6126852700520558e-01},
        {2.4260865323561198e-02, 5.2570510678917515e-01, 4.1036145950633229e-01, 6.8498252563154538e-01}
    }}},
    {{{
