#ifndef GENERATED_CASES_HPP
#define GENERATED_CASES_HPP

#include "../consteig.hpp"

namespace consteig {

// Symmetric Matrix Test Cases (5x5) - fast
static constexpr Matrix<double, 5, 5> mat_sym_fast[50] = {
    {{{
        {1.6964220878384810e+00, 8.8969438556378766e-01, 8.6256805970297246e-01, 9.4958388665343119e-02, 1.6669844128940925e+00},
        {8.8969438556378766e-01, 8.8693763777606427e-01, 1.0231904086855561e+00, 9.3086292881944288e-01, 4.0854561870252959e-01},
        {8.6256805970297246e-01, 1.0231904086855561e+00, 6.3317867867098832e-01, 1.0052764184672152e+00, 1.2999902266235317e+00},
        {9.4958388665343119e-02, 9.3086292881944288e-01, 1.0052764184672152e+00, 1.0423717895655737e+00, 1.0171583591364977e+00},
        {1.6669844128940925e+00, 4.0854561870252959e-01, 1.2999902266235317e+00, 1.0171583591364977e+00, 1.0005386681421740e+00}
    }}},
    {{{
        {2.4650136329637684e-01, 1.0214760604834983e+00, 1.5920321321865138e+00, 7.1961857837965049e-01, 1.3024775564232633e+00},
        {1.0214760604834983e+00, 1.1305582448402201e+00, 1.3185519859647576e+00, 6.3581871953253088e-01, 3.6961470256432749e-01},
        {1.5920321321865138e+00, 1.3185519859647576e+00, 8.9419318862583008e-01, 1.6665021335015271e+00, 1.5838165205547672e-01},
        {7.1961857837965049e-01, 6.3581871953253088e-01, 1.6665021335015271e+00, 1.8164009163486550e-01, 3.9787880826642197e-01},
        {1.3024775564232633e+00, 3.6961470256432749e-01, 1.5838165205547672e-01, 3.9787880826642197e-01, 3.2172855732285788e-01}
    }}},
    {{{
        {3.4437591226665454e-02, 5.4677462932270671e-01, 1.6061037307072095e+00, 1.6944986095580923e+00, 1.9247108862071347e+00},
        {5.4677462932270671e-01, 5.0034023492146451e-01, 1.2906378300299615e+00, 6.0654929623780907e-01, 9.3145879037341128e-01},
        {1.6061037307072095e+00, 1.2906378300299615e+00, 3.0137978919175845e-01, 7.7216129477303397e-01, 7.8890243096197998e-01},
        {1.6944986095580923e+00, 6.0654929623780907e-01, 7.7216129477303397e-01, 1.7284487092978329e+00, 6.5061194029957969e-01},
        {1.9247108862071347e+00, 9.3145879037341128e-01, 7.8890243096197998e-01, 6.5061194029957969e-01, 4.5624818385367227e-01}
    }}},
    {{{
        {1.9848623765182241e+00, 1.1768718751104899e+00, 1.0178015179656150e+00, 8.2455700819502487e-01, 1.3626702471202123e+00},
        {1.1768718751104899e+00, 1.6919537401832252e-01, 5.7832219500860149e-01, 4.8749171218402743e-01, 3.0247216784328146e-01},
        {1.0178015179656150e+00, 5.7832219500860149e-01, 7.0330560098668737e-01, 1.5874504784794663e-01, 1.6541843907930813e+00},
        {8.2455700819502487e-01, 4.8749171218402743e-01, 1.5874504784794663e-01, 8.2356759584458761e-02, 1.1999267239270996e+00},
        {1.3626702471202123e+00, 3.0247216784328146e-01, 1.6541843907930813e+00, 1.1999267239270996e+00, 1.7015174751835582e+00}
    }}},
    {{{
        {1.0277241847354135e+00, 1.2008326554842206e+00, 1.2346526741166111e+00, 1.4685071710038162e+00, 8.9951929126605323e-01},
        {1.2008326554842206e+00, 6.6193967577764412e-01, 8.6121255814359654e-01, 9.5743049994452945e-01, 1.7188363430189537e+00},
        {1.2346526741166111e+00, 8.6121255814359654e-01, 3.2181360110110324e-01, 1.1813299224493516e+00, 1.6953995431434745e+00},
        {1.4685071710038162e+00, 9.5743049994452945e-01, 1.1813299224493516e+00, 1.7256389175339681e+00, 9.4197353038317566e-01},
        {8.9951929126605323e-01, 1.7188363430189537e+00, 1.6953995431434745e+00, 9.4197353038317566e-01, 1.1457058166662286e+00}
    }}},
    {{{
        {1.1554495938904896e+00, 1.1781819834903087e+00, 8.4734889585566742e-01, 9.3907143209750310e-01, 1.1764808103817028e+00},
        {1.1781819834903087e+00, 4.1036077651259295e-01, 7.8996974458239988e-01, 1.2276505758607774e+00, 1.0954828206676788e+00},
        {8.4734889585566742e-01, 7.8996974458239988e-01, 4.9839315463383826e-01, 3.9558429119596483e-01, 1.1193859112095845e+00},
        {9.3907143209750310e-01, 1.2276505758607774e+00, 3.9558429119596483e-01, 7.8479739849859986e-01, 1.0403624513815128e+00},
        {1.1764808103817028e+00, 1.0954828206676788e+00, 1.1193859112095845e+00, 1.0403624513815128e+00, 1.9737501210534660e+00}
    }}},
    {{{
        {1.4829204877740516e+00, 1.0660731500791674e+00, 1.4230767821695420e+00, 1.2610632153119030e+00, 1.6567675094742573e+00},
        {1.0660731500791674e+00, 1.5283982878213109e+00, 1.1221550545548324e+00, 1.7415264102971835e+00, 1.3998062642038542e+00},
        {1.4230767821695420e+00, 1.1221550545548324e+00, 1.3656441531205123e+00, 1.5930910721067297e+00, 1.1210180723904146e+00},
        {1.2610632153119030e+00, 1.7415264102971835e+00, 1.5930910721067297e+00, 8.9279532839113585e-01, 3.6720152828438890e-01},
        {1.6567675094742573e+00, 1.3998062642038542e+00, 1.1210180723904146e+00, 3.6720152828438890e-01, 1.8095406507315448e-01}
    }}},
    {{{
        {7.6093127586092080e-01, 6.4191231714622932e-01, 1.0051164196169260e+00, 1.0226501140300965e+00, 1.2613616454742207e+00},
        {6.4191231714622932e-01, 1.7759662244992109e+00, 1.1813426909821858e+00, 7.2495135801094268e-01, 1.0975777446875217e+00},
        {1.0051164196169260e+00, 1.1813426909821858e+00, 1.6815936108946576e+00, 8.0425709405074919e-01, 1.0321599641343813e+00},
        {1.0226501140300965e+00, 7.2495135801094268e-01, 8.0425709405074919e-01, 2.8062507109589729e-01, 1.5407432530781056e+00},
        {1.2613616454742207e+00, 1.0975777446875217e+00, 1.0321599641343813e+00, 1.5407432530781056e+00, 1.7370313948283505e+00}
    }}},
    {{{
        {8.9513085956920424e-01, 9.2242802468841156e-01, 6.4157224649448186e-01, 7.6514099270262592e-01, 1.4351647629369511e+00},
        {9.2242802468841156e-01, 1.6480684480943144e+00, 1.2052605252113928e+00, 1.2606618685983957e+00, 1.5373640767539747e+00},
        {6.4157224649448186e-01, 1.2052605252113928e+00, 1.0259415618974623e+00, 1.0633862823546281e+00, 6.7882017006229234e-01},
        {7.6514099270262592e-01, 1.2606618685983957e+00, 1.0633862823546281e+00, 1.8619312774679431e-02, 1.0379706291397193e+00},
        {1.4351647629369511e+00, 1.5373640767539747e+00, 6.7882017006229234e-01, 1.0379706291397193e+00, 9.3617248699224276e-01}
    }}},
    {{{
        {4.4308136040314650e-01, 1.1442908086744357e+00, 4.8408027014610178e-01, 3.1857169336636126e-01, 9.8228776909493842e-01},
        {1.1442908086744357e+00, 9.0362339090835708e-01, 1.8360141459300405e+00, 1.4886240072457602e+00, 4.7171289968811636e-01},
        {4.8408027014610178e-01, 1.8360141459300405e+00, 5.0066272658256028e-01, 3.0321124773259223e-01, 8.5212153059355089e-01},
        {3.1857169336636126e-01, 1.4886240072457602e+00, 3.0321124773259223e-01, 1.2133468944327741e+00, 1.0677423283522269e+00},
        {9.8228776909493842e-01, 4.7171289968811636e-01, 8.5212153059355089e-01, 1.0677423283522269e+00, 9.0038562729418747e-01}
    }}},
    {{{
        {1.9885199113939442e+00, 9.0465569927807088e-01, 6.8531654731316571e-01, 6.3995091257412828e-01, 1.2280692644766198e+00},
        {9.0465569927807088e-01, 1.2627293063347240e+00, 4.4681289483943754e-01, 6.6071606459747945e-01, 1.3659235605402134e+00},
        {6.8531654731316571e-01, 4.4681289483943754e-01, 1.8646155266827447e-01, 9.5161059168869866e-01, 3.0503153875821287e-01},
        {6.3995091257412828e-01, 6.6071606459747945e-01, 9.5161059168869866e-01, 1.4433984482266689e+00, 1.1413475761256977e+00},
        {1.2280692644766198e+00, 1.3659235605402134e+00, 3.0503153875821287e-01, 1.1413475761256977e+00, 2.5887253134651744e-01}
    }}},
    {{{
        {1.0395300177761069e-01, 1.6285499309140485e+00, 9.0389514635761214e-01, 1.0168668284146576e+00, 1.1861130109469844e+00},
        {1.6285499309140485e+00, 1.7717873518857830e-01, 1.3935104856145164e+00, 5.4419383295106549e-01, 1.6865524573361836e+00},
        {9.0389514635761214e-01, 1.3935104856145164e+00, 9.1506052425065110e-01, 1.1642283130399491e+00, 5.9820504446709044e-01},
        {1.0168668284146576e+00, 5.4419383295106549e-01, 1.1642283130399491e+00, 7.3746603017698309e-01, 6.4286186287328040e-01},
        {1.1861130109469844e+00, 1.6865524573361836e+00, 5.9820504446709044e-01, 6.4286186287328040e-01, 1.4030095158279947e+00}
    }}},
    {{{
        {1.8521286395625869e-01, 7.4228873262509454e-01, 1.5343801936907839e+00, 8.5544792031639383e-01, 1.5374940018597254e+00},
        {7.4228873262509454e-01, 1.0342029420791095e+00, 9.5392399136043515e-01, 5.8825786731103280e-01, 6.9725367732055066e-01},
        {1.5343801936907839e+00, 9.5392399136043515e-01, 9.5232694973955145e-01, 1.2393557882664656e+00, 1.2176461323485470e+00},
        {8.5544792031639383e-01, 5.8825786731103280e-01, 1.2393557882664656e+00, 1.1264729202820962e+00, 1.0875358933249917e+00},
        {1.5374940018597254e+00, 6.9725367732055066e-01, 1.2176461323485470e+00, 1.0875358933249917e+00, 1.4984071904894540e+00}
    }}},
    {{{
        {1.6429233705704671e+00, 9.8119193864406573e-01, 5.1631791045498920e-01, 1.3754807665594784e+00, 1.2989575345983080e+00},
        {9.8119193864406573e-01, 1.1545568655331593e+00, 1.0125131449399984e+00, 9.7716693882199457e-01, 1.0200401733877125e+00},
        {5.1631791045498920e-01, 1.0125131449399984e+00, 2.2538466938203716e-01, 3.2726938564447272e-01, 2.6933611717834627e-01},
        {1.3754807665594784e+00, 9.7716693882199457e-01, 3.2726938564447272e-01, 1.6975612563979237e+00, 9.0961706415032195e-01},
        {1.2989575345983080e+00, 1.0200401733877125e+00, 2.6933611717834627e-01, 9.0961706415032195e-01, 9.1823862861257832e-01}
    }}},
    {{{
        {1.8908635524618034e+00, 1.2257542529819045e+00, 9.5058399711685149e-01, 5.4982341705325732e-01, 5.8629665342380144e-01},
        {1.2257542529819045e+00, 1.6684731527343348e+00, 7.2319241446323212e-01, 1.2193791363953175e+00, 1.0477957321135949e+00},
        {9.5058399711685149e-01, 7.2319241446323212e-01, 1.8477257811205230e+00, 1.3822173428174311e+00, 1.4546341476879185e+00},
        {5.4982341705325732e-01, 1.2193791363953175e+00, 1.3822173428174311e+00, 1.2678968427463846e+00, 1.4585756294377281e+00},
        {5.8629665342380144e-01, 1.0477957321135949e+00, 1.4546341476879185e+00, 1.4585756294377281e+00, 1.9250415223408384e+00}
    }}},
    {{{
        {6.3095512587877201e-01, 8.0298283604029264e-01, 1.2956263578029117e+00, 2.7904814952071189e-01, 6.3197187707103553e-01},
        {8.0298283604029264e-01, 1.5937808655113495e+00, 1.3412266982147085e+00, 4.0084075871442149e-01, 7.9430233262518612e-01},
        {1.2956263578029117e+00, 1.3412266982147085e+00, 1.8150427058225096e+00, 7.6860045842436864e-01, 7.9295856638982465e-01},
        {2.7904814952071189e-01, 4.0084075871442149e-01, 7.6860045842436864e-01, 1.3116412115731160e+00, 1.1344393220745546e+00},
        {6.3197187707103553e-01, 7.9430233262518612e-01, 7.9295856638982465e-01, 1.1344393220745546e+00, 1.1986484694980684e+00}
    }}},
    {{{
        {4.7233341425268738e-01, 1.1094099964517334e+00, 1.0604862717960313e+00, 6.1313867731326033e-01, 1.4492191933642937e+00},
        {1.1094099964517334e+00, 6.3163647293535319e-01, 9.8624183683738098e-01, 3.9497504110662329e-01, 9.8148578631866401e-01},
        {1.0604862717960313e+00, 9.8624183683738098e-01, 1.2031430313872671e+00, 8.0055568150231671e-01, 9.7774460103599981e-01},
        {6.1313867731326033e-01, 3.9497504110662329e-01, 8.0055568150231671e-01, 1.8321741067480117e+00, 1.0969266075971666e+00},
        {1.4492191933642937e+00, 9.8148578631866401e-01, 9.7774460103599981e-01, 1.0969266075971666e+00, 1.5884377267178420e+00}
    }}},
    {{{
        {1.2314675231400514e+00, 7.1390602456363739e-01, 1.5320005682450146e+00, 8.5423545396881062e-01, 9.0569444788949982e-01},
        {7.1390602456363739e-01, 4.2643989502979274e-01, 1.2853488565448772e+00, 7.9290538850538650e-01, 1.4027978971131969e+00},
        {1.5320005682450146e+00, 1.2853488565448772e+00, 1.2403880111540218e+00, 1.4798752879339987e+00, 1.1875319427459128e+00},
        {8.5423545396881062e-01, 7.9290538850538650e-01, 1.4798752879339987e+00, 8.9180157833627005e-01, 7.4311534296933779e-01},
        {9.0569444788949982e-01, 1.4027978971131969e+00, 1.1875319427459128e+00, 7.4311534296933779e-01, 1.8194107206851617e+00}
    }}},
    {{{
        {3.8904388117970545e-01, 4.6359662718926897e-01, 9.3187690131162215e-01, 8.0269398988697616e-01, 7.0189087051941124e-01},
        {4.6359662718926897e-01, 1.4677525732173771e+00, 8.4186157078376078e-01, 1.5032589472962212e+00, 7.2589426265142021e-01},
        {9.3187690131162215e-01, 8.4186157078376078e-01, 6.5053671522087964e-02, 1.1774355007091621e+00, 1.6297617567252898e+00},
        {8.0269398988697616e-01, 1.5032589472962212e+00, 1.1774355007091621e+00, 7.6244547463519941e-01, 1.6926548857278414e+00},
        {7.0189087051941124e-01, 7.2589426265142021e-01, 1.6297617567252898e+00, 1.6926548857278414e+00, 1.2140131262808911e+00}
    }}},
    {{{
        {3.1515245959449256e-01, 1.3125549813189501e+00, 1.0029685555134615e+00, 1.5358586100384919e+00, 1.5199087360999868e+00},
        {1.3125549813189501e+00, 9.8775088398390665e-03, 1.0051680647511798e+00, 7.1011254051749995e-01, 6.6009439787009505e-01},
        {1.0029685555134615e+00, 1.0051680647511798e+00, 1.0324400870364248e+00, 1.2440244457870320e+00, 1.2086034999879329e+00},
        {1.5358586100384919e+00, 7.1011254051749995e-01, 1.2440244457870320e+00, 9.5169485220139705e-01, 1.7788244616801481e+00},
        {1.5199087360999868e+00, 6.6009439787009505e-01, 1.2086034999879329e+00, 1.7788244616801481e+00, 8.3416714597676944e-01}
    }}},
    {{{
        {1.8094931930568796e+00, 8.1336538667149105e-01, 9.6832931468217953e-01, 1.4074400202708159e+00, 8.3345027343684097e-01},
        {8.1336538667149105e-01, 9.2787477919130112e-01, 8.7184095930224770e-01, 2.0090914476163146e-01, 3.0969375471882943e-01},
        {9.6832931468217953e-01, 8.7184095930224770e-01, 6.3454877827195988e-01, 1.0134976041023642e+00, 7.8569338105519282e-01},
        {1.4074400202708159e+00, 2.0090914476163146e-01, 1.0134976041023642e+00, 1.2715701606688068e+00, 6.6944987634718867e-01},
        {8.3345027343684097e-01, 3.0969375471882943e-01, 7.8569338105519282e-01, 6.6944987634718867e-01, 1.7090859933527751e+00}
    }}},
    {{{
        {1.9101648760521550e+00, 6.6885298801109938e-01, 9.5938201004656665e-02, 7.7796143496487358e-01, 9.7266673167873685e-01},
        {6.6885298801109938e-01, 1.4177832980506584e+00, 9.1098699199847710e-01, 7.2146813869720305e-01, 1.2103454737732879e+00},
        {9.5938201004656665e-02, 9.1098699199847710e-01, 1.3609271281967865e+00, 1.0308010892821571e+00, 1.4494833067460013e+00},
        {7.7796143496487358e-01, 7.2146813869720305e-01, 1.0308010892821571e+00, 6.0564146875475622e-02, 9.8431254878291652e-01},
        {9.7266673167873685e-01, 1.2103454737732879e+00, 1.4494833067460013e+00, 9.8431254878291652e-01, 1.1090300581443848e+00}
    }}},
    {{{
        {5.5292027026576207e-02, 1.0801790650239576e+00, 4.9672190037795272e-01, 1.8026434124502031e+00, 1.2499595940798025e+00},
        {1.0801790650239576e+00, 2.0101236496853736e-01, 9.4789330586833642e-01, 1.2352754467114870e+00, 4.7999619251922965e-01},
        {4.9672190037795272e-01, 9.4789330586833642e-01, 1.5516009479280763e+00, 1.1065026840761971e+00, 1.0735704815903251e+00},
        {1.8026434124502031e+00, 1.2352754467114870e+00, 1.1065026840761971e+00, 2.7614209210051355e-01, 6.4657904312593750e-01},
        {1.2499595940798025e+00, 4.7999619251922965e-01, 1.0735704815903251e+00, 6.4657904312593750e-01, 4.3530891670016558e-02}
    }}},
    {{{
        {1.9583390192191958e+00, 1.3673229059997125e+00, 1.4935676746563913e+00, 8.1454454693136635e-01, 1.0890583505386844e+00},
        {1.3673229059997125e+00, 1.0910903785641872e+00, 1.2671946825327538e+00, 7.9682001733848240e-01, 3.5030948474815027e-01},
        {1.4935676746563913e+00, 1.2671946825327538e+00, 1.8235848976928519e+00, 1.5398437980079582e-01, 1.2259575039366348e+00},
        {8.1454454693136635e-01, 7.9682001733848240e-01, 1.5398437980079582e-01, 1.6456660759312500e+00, 1.1390449739820268e+00},
        {1.0890583505386844e+00, 3.5030948474815027e-01, 1.2259575039366348e+00, 1.1390449739820268e+00, 1.8246820556836882e+00}
    }}},
    {{{
        {5.0127424229412165e-01, 7.6198979334493266e-01, 6.1911123818391833e-01, 1.6442302541815343e+00, 9.0762934612405388e-01},
        {7.6198979334493266e-01, 1.2206482239157557e+00, 1.3960391872069813e+00, 6.7334146711551013e-01, 5.6207671889008881e-01},
        {6.1911123818391833e-01, 1.3960391872069813e+00, 6.4056236902750885e-01, 5.9359532767163203e-01, 1.4639335529856770e+00},
        {1.6442302541815343e+00, 6.7334146711551013e-01, 5.9359532767163203e-01, 9.7662221285600581e-01, 1.0598575647631290e+00},
        {9.0762934612405388e-01, 5.6207671889008881e-01, 1.4639335529856770e+00, 1.0598575647631290e+00, 4.0077291250847691e-01}
    }}},
    {{{
        {1.4919946829382031e+00, 8.2700878467713812e-01, 1.7376722147900481e-01, 1.2387771498806739e+00, 4.5688949200065221e-01},
        {8.2700878467713812e-01, 1.7346152018494716e+00, 1.0640411497121769e+00, 4.5791077180810869e-01, 1.5232725070732858e+00},
        {1.7376722147900481e-01, 1.0640411497121769e+00, 8.0446568269463059e-01, 9.0066350930845851e-01, 1.7462542632731508e+00},
        {1.2387771498806739e+00, 4.5791077180810869e-01, 9.0066350930845851e-01, 1.9162173773600621e+00, 9.6837106864480960e-01},
        {4.5688949200065221e-01, 1.5232725070732858e+00, 1.7462542632731508e+00, 9.6837106864480960e-01, 3.2296297206316149e-01}
    }}},
    {{{
        {1.4135880639163414e+00, 1.3542861665330137e+00, 1.4078344657437545e+00, 9.6613970866452381e-01, 7.4537037733238587e-01},
        {1.3542861665330137e+00, 1.3336090360387107e+00, 9.5019829685336310e-01, 1.5962901878458580e-01, 5.8317850860022769e-01},
        {1.4078344657437545e+00, 9.5019829685336310e-01, 1.3604494645178777e+00, 1.3425808118149991e+00, 6.0673778216203900e-01},
        {9.6613970866452381e-01, 1.5962901878458580e-01, 1.3425808118149991e+00, 5.2844477914979771e-01, 1.4792000945487818e+00},
        {7.4537037733238587e-01, 5.8317850860022769e-01, 6.0673778216203900e-01, 1.4792000945487818e+00, 1.3774540659009640e+00}
    }}},
    {{{
        {1.6100282666249504e+00, 8.8213439269390137e-01, 1.1722568133743336e+00, 6.8554619601366440e-01, 1.2521438676122805e+00},
        {8.8213439269390137e-01, 1.7693744546253729e+00, 1.4950524330998032e+00, 1.2630005816821832e+00, 9.9549192385119956e-01},
        {1.1722568133743336e+00, 1.4950524330998032e+00, 8.2469553430367903e-01, 9.5807625843925792e-01, 1.0761708747019114e+00},
        {6.8554619601366440e-01, 1.2630005816821832e+00, 9.5807625843925792e-01, 1.8761628330149589e+00, 1.4111520314615480e+00},
        {1.2521438676122805e+00, 9.9549192385119956e-01, 1.0761708747019114e+00, 1.4111520314615480e+00, 1.7065222637615940e-01}
    }}},
    {{{
        {2.6028903038741946e-02, 9.5492118725899566e-01, 1.1484232224581268e+00, 1.0941437902383968e+00, 8.1831639329934835e-01},
        {9.5492118725899566e-01, 1.8273889511189287e+00, 7.2689638450501037e-01, 1.8858653746397454e+00, 5.9789284070749726e-01},
        {1.1484232224581268e+00, 7.2689638450501037e-01, 3.5339841170140796e-01, 1.0535559235676810e+00, 9.5213143759593100e-01},
        {1.0941437902383968e+00, 1.8858653746397454e+00, 1.0535559235676810e+00, 1.9378096727812399e+00, 9.7482942839655340e-01},
        {8.1831639329934835e-01, 5.9789284070749726e-01, 9.5213143759593100e-01, 9.7482942839655340e-01, 7.7583611630551830e-01}
    }}},
    {{{
        {7.1531066030278811e-01, 1.2920985567475185e+00, 5.9407348466123933e-01, 4.3787791203568749e-01, 1.1970042615065957e+00},
        {1.2920985567475185e+00, 1.7743362122219544e+00, 6.4596806505373705e-01, 1.1813062634532652e+00, 8.4594350860674838e-01},
        {5.9407348466123933e-01, 6.4596806505373705e-01, 6.8984532602519111e-01, 4.9297882251140779e-01, 6.2338051887739099e-01},
        {4.3787791203568749e-01, 1.1813062634532652e+00, 4.9297882251140779e-01, 1.8644212217350773e+00, 4.6673452658125447e-01},
        {1.1970042615065957e+00, 8.4594350860674838e-01, 6.2338051887739099e-01, 4.6673452658125447e-01, 1.5576593430756591e+00}
    }}},
    {{{
        {1.4427754613251773e+00, 3.5920739404574309e-01, 7.0925252358020585e-01, 7.7485565111963206e-01, 6.8933338435443425e-01},
        {3.5920739404574309e-01, 8.2646597803468169e-01, 1.3944554571333430e+00, 1.5512502273761197e+00, 9.8700402260160158e-01},
        {7.0925252358020585e-01, 1.3944554571333430e+00, 5.4593471074681243e-01, 1.5302146864176838e+00, 1.0119005283271132e+00},
        {7.7485565111963206e-01, 1.5512502273761197e+00, 1.5302146864176838e+00, 3.5593754590077076e-01, 7.2805607289505625e-01},
        {6.8933338435443425e-01, 9.8700402260160158e-01, 1.0119005283271132e+00, 7.2805607289505625e-01, 3.7798396007082369e-01}
    }}},
    {{{
        {1.6039920569499528e+00, 8.2317238049674979e-01, 7.9740531646355806e-01, 1.1633426905910804e+00, 1.0803104692736771e+00},
        {8.2317238049674979e-01, 1.6418371527965878e+00, 7.3103064393211514e-01, 1.1566009068070509e+00, 7.6704592908633185e-01},
        {7.9740531646355806e-01, 7.3103064393211514e-01, 1.7894184119601608e+00, 4.9411161064153097e-01, 7.7492004838385542e-01},
        {1.1633426905910804e+00, 1.1566009068070509e+00, 4.9411161064153097e-01, 4.3583243430133045e-01, 7.5871009302219694e-01},
        {1.0803104692736771e+00, 7.6704592908633185e-01, 7.7492004838385542e-01, 7.5871009302219694e-01, 1.1165185632392562e+00}
    }}},
    {{{
        {1.8834019725689433e+00, 1.0367931105922341e+00, 1.6523392855585275e+00, 9.9996171201739981e-01, 1.1368170716237342e+00},
        {1.0367931105922341e+00, 1.8289469510615497e-02, 5.4957085684671381e-01, 1.2671454095182468e+00, 3.3922175269269228e-01},
        {1.6523392855585275e+00, 5.4957085684671381e-01, 1.8046730831244655e+00, 1.3918295441764255e+00, 4.7460676443069871e-01},
        {9.9996171201739981e-01, 1.2671454095182468e+00, 1.3918295441764255e+00, 8.1169658942518375e-02, 9.3757987495600104e-01},
        {1.1368170716237342e+00, 3.3922175269269228e-01, 4.7460676443069871e-01, 9.3757987495600104e-01, 1.5728928738013013e+00}
    }}},
    {{{
        {4.4644328248657916e-01, 6.9928632203509644e-01, 1.4843281915413771e+00, 5.2655610244454476e-01, 1.3681265802549540e+00},
        {6.9928632203509644e-01, 3.3997691323356127e-01, 5.4281844538713586e-01, 1.4200845611108508e+00, 5.9619525424553188e-01},
        {1.4843281915413771e+00, 5.4281844538713586e-01, 1.6594178288095187e+00, 1.2763277900924717e+00, 6.0983276343944559e-01},
        {5.2655610244454476e-01, 1.4200845611108508e+00, 1.2763277900924717e+00, 1.8571913757046450e+00, 6.2074580998907780e-01},
        {1.3681265802549540e+00, 5.9619525424553188e-01, 6.0983276343944559e-01, 6.2074580998907780e-01, 9.9979138200428253e-02}
    }}},
    {{{
        {1.2160844532109947e+00, 1.2309636071378613e+00, 1.0723125009192007e+00, 8.8776425693787109e-01, 1.5536677264926659e+00},
        {1.2309636071378613e+00, 5.6631311690191333e-01, 1.1696913825994057e+00, 3.0061076532956132e-01, 1.2192972441836303e+00},
        {1.0723125009192007e+00, 1.1696913825994057e+00, 8.4000893292050205e-01, 6.0033600190692926e-01, 1.7706271363867865e+00},
        {8.8776425693787109e-01, 3.0061076532956132e-01, 6.0033600190692926e-01, 1.7310152407765318e+00, 9.8918287481390244e-01},
        {1.5536677264926659e+00, 1.2192972441836303e+00, 1.7706271363867865e+00, 9.8918287481390244e-01, 8.8054734965167647e-01}
    }}},
    {{{
        {1.4548103834496102e+00, 4.8957932726353182e-02, 1.1766020236570451e+00, 1.3911920044205974e+00, 7.5327688175254737e-01},
        {4.8957932726353182e-02, 1.3449397478773395e+00, 1.3328129220621687e+00, 4.3598909541225406e-01, 9.6949850564140294e-01},
        {1.1766020236570451e+00, 1.3328129220621687e+00, 1.3451753951086496e+00, 1.1944004524678875e+00, 4.8012655579401076e-01},
        {1.3911920044205974e+00, 4.3598909541225406e-01, 1.1944004524678875e+00, 2.5064234201380198e-01, 1.0616911835642904e+00},
        {7.5327688175254737e-01, 9.6949850564140294e-01, 4.8012655579401076e-01, 1.0616911835642904e+00, 1.7709344411106451e+00}
    }}},
    {{{
        {7.2991541584658237e-01, 1.3862941193542442e+00, 8.7128127829790136e-01, 8.7560673354585172e-01, 8.4812589308499464e-01},
        {1.3862941193542442e+00, 1.3011805338912885e+00, 1.3058765922242093e+00, 1.6803034789067741e+00, 1.2225143624458708e+00},
        {8.7128127829790136e-01, 1.3058765922242093e+00, 1.8521948716076935e+00, 1.2482123339701592e+00, 9.2367676346409255e-01},
        {8.7560673354585172e-01, 1.6803034789067741e+00, 1.2482123339701592e+00, 1.1430156243717324e+00, 4.0621579279313091e-01},
        {8.4812589308499464e-01, 1.2225143624458708e+00, 9.2367676346409255e-01, 4.0621579279313091e-01, 6.7419662976842676e-01}
    }}},
    {{{
        {4.1668783269760046e-01, 9.8581284281926995e-01, 1.7712023842212994e+00, 1.8226545642128211e+00, 1.4975033670883300e+00},
        {9.8581284281926995e-01, 1.4641119244463239e+00, 2.5956144576231721e-01, 2.0123517840519067e-01, 7.7516263654037154e-01},
        {1.7712023842212994e+00, 2.5956144576231721e-01, 1.4848974883900308e+00, 1.7628425705040343e+00, 1.5123590266814040e+00},
        {1.8226545642128211e+00, 2.0123517840519067e-01, 1.7628425705040343e+00, 9.5229266334047047e-01, 8.3444169324063833e-01},
        {1.4975033670883300e+00, 7.7516263654037154e-01, 1.5123590266814040e+00, 8.3444169324063833e-01, 3.3883030951270565e-01}
    }}},
    {{{
        {9.2990541952822880e-01, 4.3858975982457471e-01, 8.0458816567902736e-01, 7.9527838786727101e-01, 1.6416807142261558e+00},
        {4.3858975982457471e-01, 7.9194943332928758e-01, 1.1759664140637338e+00, 1.1255812112628556e+00, 1.3237351125544881e+00},
        {8.0458816567902736e-01, 1.1759664140637338e+00, 2.0274151903688420e-02, 1.0770032565092982e+00, 7.3992970627596089e-01},
        {7.9527838786727101e-01, 1.1255812112628556e+00, 1.0770032565092982e+00, 7.0098686952574041e-01, 9.7412921604264757e-01},
        {1.6416807142261558e+00, 1.3237351125544881e+00, 7.3992970627596089e-01, 9.7412921604264757e-01, 7.5336757261380161e-01}
    }}},
    {{{
        {1.5686570028295395e+00, 8.5117796028369319e-01, 4.8063286488337464e-01, 3.5190937903222930e-01, 8.7491823700185101e-01},
        {8.5117796028369319e-01, 1.2155835727103708e+00, 1.4313696093591537e+00, 8.5653807765148704e-01, 1.0318212931844637e+00},
        {4.8063286488337464e-01, 1.4313696093591537e+00, 1.7268868634955621e+00, 1.8592574817937311e+00, 2.4974902925749343e-01},
        {3.5190937903222930e-01, 8.5653807765148704e-01, 1.8592574817937311e+00, 7.2440783135635289e-02, 4.3164436238209025e-01},
        {8.7491823700185101e-01, 1.0318212931844637e+00, 2.4974902925749343e-01, 4.3164436238209025e-01, 1.2818431413447695e+00}
    }}},
    {{{
        {1.7602126363399335e+00, 8.2171806515310264e-01, 8.2856818819245848e-01, 1.1485115186247108e+00, 1.0887894124461255e+00},
        {8.2171806515310264e-01, 1.3846102881220284e+00, 1.0827585060001548e+00, 1.1687505283802131e+00, 7.2474971653551568e-01},
        {8.2856818819245848e-01, 1.0827585060001548e+00, 2.9323736173806925e-01, 1.0372346138949333e+00, 1.4562627129513035e+00},
        {1.1485115186247108e+00, 1.1687505283802131e+00, 1.0372346138949333e+00, 3.8944861003917852e-01, 4.2412235328014325e-01},
        {1.0887894124461255e+00, 7.2474971653551568e-01, 1.4562627129513035e+00, 4.2412235328014325e-01, 9.6675448596196989e-01}
    }}},
    {{{
        {4.7151775224301651e-01, 9.9887292093258273e-01, 1.3193976823862514e+00, 3.8625707246591123e-01, 5.8622857367935499e-01},
        {9.9887292093258273e-01, 1.6903811163731288e+00, 1.3962146423229422e+00, 8.8801934548838268e-01, 1.5735587431737819e+00},
        {1.3193976823862514e+00, 1.3962146423229422e+00, 7.2940936924784472e-01, 1.3414325244833418e+00, 6.0207667302888113e-01},
        {3.8625707246591123e-01, 8.8801934548838268e-01, 1.3414325244833418e+00, 1.4403253760221686e+00, 1.4764977069665046e+00},
        {5.8622857367935499e-01, 1.5735587431737819e+00, 6.0207667302888113e-01, 1.4764977069665046e+00, 4.4375018915238096e-02}
    }}},
    {{{
        {3.6588194959629838e-01, 7.1912111109096133e-01, 1.4716091042885302e+00, 1.9911844192622852e-01, 2.8748720260042926e-01},
        {7.1912111109096133e-01, 4.6801242538778975e-01, 1.3396206431974584e+00, 6.6407891117256501e-01, 9.3508280423212065e-01},
        {1.4716091042885302e+00, 1.3396206431974584e+00, 1.2761456662349639e+00, 1.1164287891882698e+00, 7.6885537111727087e-01},
        {1.9911844192622852e-01, 6.6407891117256501e-01, 1.1164287891882698e+00, 1.7796328287399792e+00, 6.5665857554985596e-01},
        {2.8748720260042926e-01, 9.3508280423212065e-01, 7.6885537111727087e-01, 6.5665857554985596e-01, 1.7692467468385373e+00}
    }}},
    {{{
        {7.5981294362241769e-01, 5.8648683063626561e-01, 8.0085878429214341e-01, 1.5350161904756345e+00, 9.6687468173142732e-01},
        {5.8648683063626561e-01, 8.1260530960761868e-01, 9.2751894223672182e-01, 3.1958758022478118e-01, 9.7888086027194821e-01},
        {8.0085878429214341e-01, 9.2751894223672182e-01, 4.0301442176088997e-02, 1.2267738309844414e+00, 3.0032367579389607e-01},
        {1.5350161904756345e+00, 3.1958758022478118e-01, 1.2267738309844414e+00, 1.9287170008174164e+00, 7.4716701692290277e-01},
        {9.6687468173142732e-01, 9.7888086027194821e-01, 3.0032367579389607e-01, 7.4716701692290277e-01, 9.2493834998648650e-01}
    }}},
    {{{
        {1.4359290620303660e+00, 4.2900651423047942e-01, 7.3829977777747002e-01, 8.8738206981631651e-01, 4.7475277002631833e-01},
        {4.2900651423047942e-01, 1.5607512063048647e+00, 9.9601129339701622e-01, 1.4382075885353647e+00, 3.0218146889653297e-01},
        {7.3829977777747002e-01, 9.9601129339701622e-01, 1.1196671273821348e+00, 1.2747628921838872e+00, 8.8889647395184002e-01},
        {8.8738206981631651e-01, 1.4382075885353647e+00, 1.2747628921838872e+00, 1.0796769005661053e+00, 1.4970674629988643e+00},
        {4.7475277002631833e-01, 3.0218146889653297e-01, 8.8889647395184002e-01, 1.4970674629988643e+00, 6.0062339449893853e-01}
    }}},
    {{{
        {1.8415869795226560e+00, 3.3689279768966807e-01, 1.5155527994795963e+00, 1.6659975954183157e+00, 1.4708762423094841e+00},
        {3.3689279768966807e-01, 1.0580262464275059e-01, 9.9246295951043828e-01, 9.7026459360673889e-01, 1.4107423214738124e+00},
        {1.5155527994795963e+00, 9.9246295951043828e-01, 1.7290477805335507e+00, 1.2284252919090202e+00, 8.7507939276268099e-01},
        {1.6659975954183157e+00, 9.7026459360673889e-01, 1.2284252919090202e+00, 1.9575060107924163e+00, 9.4532998117680156e-01},
        {1.4708762423094841e+00, 1.4107423214738124e+00, 8.7507939276268099e-01, 9.4532998117680156e-01, 1.9211300172373598e+00}
    }}},
    {{{
        {5.8753510690718413e-01, 1.7241840636026424e+00, 1.1786298446336623e+00, 1.7143914025356723e+00, 1.0903294649558886e+00},
        {1.7241840636026424e+00, 8.0916516368077573e-01, 9.7810824323987067e-01, 1.2226411468351290e+00, 1.0811992527835845e-01},
        {1.1786298446336623e+00, 9.7810824323987067e-01, 1.5688023339293786e+00, 1.4032224157344722e+00, 1.5361379432402720e+00},
        {1.7143914025356723e+00, 1.2226411468351290e+00, 1.4032224157344722e+00, 1.2818463517249785e+00, 1.3762320870301359e+00},
        {1.0903294649558886e+00, 1.0811992527835845e-01, 1.5361379432402720e+00, 1.3762320870301359e+00, 1.7680953545156579e+00}
    }}},
    {{{
        {1.4145976587275126e+00, 8.6837407558646651e-01, 1.0123009691012734e+00, 1.5344686151977207e+00, 1.0846396115792372e+00},
        {8.6837407558646651e-01, 1.4985918803318714e+00, 1.6199613558746337e+00, 1.5869441747892465e+00, 4.1257150003753251e-01},
        {1.0123009691012734e+00, 1.6199613558746337e+00, 7.1539980862116925e-01, 9.5323162081747825e-01, 8.2624902204659956e-01},
        {1.5344686151977207e+00, 1.5869441747892465e+00, 9.5323162081747825e-01, 1.8972918237825160e+00, 7.7438154921373248e-01},
        {1.0846396115792372e+00, 4.1257150003753251e-01, 8.2624902204659956e-01, 7.7438154921373248e-01, 1.7397509653193670e+00}
    }}},
    {{{
        {6.8027031302644092e-02, 1.2921628109442431e+00, 1.0719943072669607e+00, 1.6830551382416274e+00, 1.0950446078144143e+00},
        {1.2921628109442431e+00, 5.2486535115330102e-01, 8.7305720307416235e-01, 9.5631470352328440e-01, 9.0660116891216702e-01},
        {1.0719943072669607e+00, 8.7305720307416235e-01, 1.7435359189768498e+00, 1.1993797863129330e+00, 1.4536501374305670e+00},
        {1.6830551382416274e+00, 9.5631470352328440e-01, 1.1993797863129330e+00, 5.9233952364003351e-01, 8.5795795497229688e-01},
        {1.0950446078144143e+00, 9.0660116891216702e-01, 1.4536501374305670e+00, 8.5795795497229688e-01, 8.3793846103705261e-01}
    }}},
    {{{
        {1.0502989667059270e-01, 1.5182670275612928e+00, 1.4609227573601276e+00, 8.7081379031153439e-01, 8.1656593511175668e-01},
        {1.5182670275612928e+00, 8.6997561683394897e-01, 1.6208702794866787e+00, 1.7943783420758583e+00, 1.9732277137358833e-01},
        {1.4609227573601276e+00, 1.6208702794866787e+00, 5.5286120443881082e-01, 7.4437692422248403e-01, 1.0076928477619822e+00},
        {8.7081379031153439e-01, 1.7943783420758583e+00, 7.4437692422248403e-01, 1.5485821537027995e+00, 8.1971541446268248e-01},
        {8.1656593511175668e-01, 1.9732277137358833e-01, 1.0076928477619822e+00, 8.1971541446268248e-01, 1.4024455730243861e+00}
    }}}
};

static constexpr Matrix<Complex<double>, 5, 1> eigs_sym_fast[50] = {
    {{{
        { { {-1.0002688340705927e+00, 0.0000000000000000e+00} } },
        { { {-3.8423350258696698e-01, 0.0000000000000000e+00} } },
        { { {4.3845609171152172e-01, 0.0000000000000000e+00} } },
        { { {1.3944728579058465e+00, 0.0000000000000000e+00} } },
        { { {4.8110222490334742e+00, 0.0000000000000000e+00} } }
    }}},
    {{{
        { { {-1.7210401075559238e+00, 0.0000000000000000e+00} } },
        { { {-8.6038326166331647e-01, 0.0000000000000000e+00} } },
        { { {2.1339806474631989e-01, 0.0000000000000000e+00} } },
        { { {6.5187770299749792e-01, 0.0000000000000000e+00} } },
        { { {4.4907690471955730e+00, 0.0000000000000000e+00} } }
    }}},
    {{{
        { { {-2.2485842992958003e+00, 0.0000000000000000e+00} } },
        { { {-6.7620895233119105e-01, 0.0000000000000000e+00} } },
        { { {4.1090916538715848e-02, 0.0000000000000000e+00} } },
        { { {8.8030631401901827e-01, 0.0000000000000000e+00} } },
        { { {5.0242505295606561e+00, 0.0000000000000000e+00} } }
    }}},
    {{{
        { { {-1.1274684440855376e+00, 0.0000000000000000e+00} } },
        { { {-3.4154632472804752e-01, 0.0000000000000000e+00} } },
        { { {1.6761112000152603e-01, 0.0000000000000000e+00} } },
        { { {9.7923928022564322e-01, 0.0000000000000000e+00} } },
        { { {4.9634019548776660e+00, 0.0000000000000000e+00} } }
    }}},
    {{{
        { { {-1.3643367983409140e+00, 0.0000000000000000e+00} } },
        { { {-3.9652998159033143e-01, 0.0000000000000000e+00} } },
        { { {-1.2407673730431344e-01, 0.0000000000000000e+00} } },
        { { {8.9821806895338574e-01, 0.0000000000000000e+00} } },
        { { {5.8695476440965288e+00, 0.0000000000000000e+00} } }
    }}},
    {{{
        { { {-7.8574088960208899e-01, 0.0000000000000000e+00} } },
        { { {-2.1980785227537733e-01, 0.0000000000000000e+00} } },
        { { {1.9483734854792165e-01, 0.0000000000000000e+00} } },
        { { {5.7148735228943082e-01, 0.0000000000000000e+00} } },
        { { {5.0619750856291024e+00, 0.0000000000000000e+00} } }
    }}},
    {{{
        { { {-1.5437800160445059e+00, 0.0000000000000000e+00} } },
        { { {-3.4890790640633490e-01, 0.0000000000000000e+00} } },
        { { {3.4511516137445997e-01, 0.0000000000000000e+00} } },
        { { {7.1763834516365788e-01, 0.0000000000000000e+00} } },
        { { {6.2806467380928863e+00, 0.0000000000000000e+00} } }
    }}},
    {{{
        { { {-7.4329080851203433e-01, 0.0000000000000000e+00} } },
        { { {-1.9264856574119113e-01, 0.0000000000000000e+00} } },
        { { {6.1005706281207550e-01, 0.0000000000000000e+00} } },
        { { {1.0779443498205139e+00, 0.0000000000000000e+00} } },
        { { {5.4840855387996745e+00, 0.0000000000000000e+00} } }
    }}},
    {{{
        { { {-8.7442564137975487e-01, 0.0000000000000000e+00} } },
        { { {-6.5885727811441852e-01, 0.0000000000000000e+00} } },
        { { {1.1720462269305637e-01, 0.0000000000000000e+00} } },
        { { {6.7257114131335505e-01, 0.0000000000000000e+00} } },
        { { {5.2674398248156624e+00, 0.0000000000000000e+00} } }
    }}},
    {{{
        { { {-1.7416525370618705e+00, 0.0000000000000000e+00} } },
        { { {-1.5847312401766028e-01, 0.0000000000000000e+00} } },
        { { {5.7062566109862189e-01, 0.0000000000000000e+00} } },
        { { {7.8485481106688404e-01, 0.0000000000000000e+00} } },
        { { {4.5057451885350490e+00, 0.0000000000000000e+00} } }
    }}},
    {{{
        { { {-1.0406771197388189e+00, 0.0000000000000000e+00} } },
        { { {-2.1662052169673218e-01, 0.0000000000000000e+00} } },
        { { {7.1086484409514106e-01, 0.0000000000000000e+00} } },
        { { {1.1185482985884894e+00, 0.0000000000000000e+00} } },
        { { {4.5678662487220487e+00, 0.0000000000000000e+00} } }
    }}},
    {{{
        { { {-1.7474380863972439e+00, 0.0000000000000000e+00} } },
        { { {-6.9970763544619630e-01, 0.0000000000000000e+00} } },
        { { {-1.2113526529586091e-01, 0.0000000000000000e+00} } },
        { { {8.7425035971891618e-01, 0.0000000000000000e+00} } },
        { { {5.0306984346422023e+00, 0.0000000000000000e+00} } }
    }}},
    {{{
        { { {-1.1644269333373838e+00, 0.0000000000000000e+00} } },
        { { {-1.8937704578750125e-01, 0.0000000000000000e+00} } },
        { { {3.0413872008119275e-01, 0.0000000000000000e+00} } },
        { { {5.9501997739058121e-01, 0.0000000000000000e+00} } },
        { { {5.2512681481995793e+00, 0.0000000000000000e+00} } }
    }}},
    {{{
        { { {-5.7119029844581837e-01, 0.0000000000000000e+00} } },
        { { {7.2292160606185207e-03, 0.0000000000000000e+00} } },
        { { {4.3546250235361250e-01, 0.0000000000000000e+00} } },
        { { {8.4224522805384583e-01, 0.0000000000000000e+00} } },
        { { {4.9249181424739046e+00, 0.0000000000000000e+00} } }
    }}},
    {{{
        { { {-2.0774708339273254e-01, 0.0000000000000000e+00} } },
        { { {2.5631214477459913e-01, 0.0000000000000000e+00} } },
        { { {8.7505926851765514e-01, 0.0000000000000000e+00} } },
        { { {1.6729742670795942e+00, 0.0000000000000000e+00} } },
        { { {6.0034022544247660e+00, 0.0000000000000000e+00} } }
    }}},
    {{{
        { { {-3.1627122071914410e-01, 0.0000000000000000e+00} } },
        { { {1.5244627677415848e-01, 0.0000000000000000e+00} } },
        { { {5.0703633420278282e-01, 0.0000000000000000e+00} } },
        { { {1.4387685206892129e+00, 0.0000000000000000e+00} } },
        { { {4.7680884673368036e+00, 0.0000000000000000e+00} } }
    }}},
    {{{
        { { {-7.1994836256544459e-01, 0.0000000000000000e+00} } },
        { { {-1.9996448897575600e-01, 0.0000000000000000e+00} } },
        { { {4.1737418679070687e-01, 0.0000000000000000e+00} } },
        { { {1.2103440356476274e+00, 0.0000000000000000e+00} } },
        { { {5.0199193811440246e+00, 0.0000000000000000e+00} } }
    }}},
    {{{
        { { {-7.7388289302891666e-01, 0.0000000000000000e+00} } },
        { { {-4.1252367089176917e-01, 0.0000000000000000e+00} } },
        { { {2.3897325669316413e-01, 0.0000000000000000e+00} } },
        { { {9.7247368022239966e-01, 0.0000000000000000e+00} } },
        { { {5.5844673553504176e+00, 0.0000000000000000e+00} } }
    }}},
    {{{
        { { {-1.2518316722580289e+00, 0.0000000000000000e+00} } },
        { { {-8.4690984844680928e-01, 0.0000000000000000e+00} } },
