#include "../../consteig.hpp"

using namespace consteig;

static constexpr Matrix<double, 20, 20> mat
{{{
    {-4.4550585746765137e+00, -1.0295667350292206e+00, -2.5161542743444443e-01, -2.9670284390449524e+00, 3.2789087295532227e-01, -4.7500810027122498e-01, -1.2053800821304321e+00, -2.6004958152770996e-01, -1.9874512255191803e+00, -3.9454029798507690e+00, 1.0439412593841553e+00, 9.8412036895751953e-02, 1.1390007371082902e+00, -2.4239948391914368e+00, -3.8821044564247131e-01, 2.8554929494857788e+00, -1.2314677238464355e-02, -1.4976019561290741e+00, -3.8242849707603455e-01, -5.9125006198883057e-02},
    {-1.0295667350292206e+00, 1.7640199661254883e+00, -1.0676966309547424e+00, 7.2157214581966400e-01, -1.2006600052118301e+00, 1.6931295394897461e-02, 1.4878904819488525e+00, 7.2743302583694458e-01, 8.5765159130096436e-01, -1.1612987518310547e+00, 1.2618088126182556e+00, 2.4576733112335205e+00, 6.9888371229171753e-01, -4.9602198600769043e-01, -1.5847569704055786e-01, 1.8751473426818848e+00, 8.8893550634384155e-01, -1.7671111822128296e+00, -1.7798673361539841e+00, -1.6305338144302368e+00},
    {-2.5161542743444443e-01, -1.0676966309547424e+00, -3.7579865455627441e+00, -7.6483139162883162e-01, 1.2966443896293640e+00, -1.3053371906280518e+00, -8.2903400063514709e-01, 1.8539153933525085e+00, -3.2050921320915222e+00, -1.3742871880531311e+00, -2.6757121086120605e-02, 1.4560063779354095e+00, -5.4356276988983154e-02, -4.4031679630279541e-01, 3.3542805910110474e-01, 1.3786976039409637e+00, 5.2826106548309326e-04, -1.0965079069137573e-02, -4.5551249757409096e-01, -2.5980939865112305e+00},
    {-2.9670284390449524e+00, 7.2157214581966400e-01, -7.6483139162883162e-01, 1.9615544080734253e+00, -1.0272136628627777e+00, -1.4198800772428513e+00, 1.2053387165069580e+00, 1.7066119313240051e+00, 1.6660580039024353e+00, 2.3179815411567688e+00, -8.5736497491598129e-01, 1.2334066778421402e+00, 1.1069596409797668e+00, 1.1278632879257202e+00, 1.0782265067100525e+00, -5.1990318298339844e-01, 3.1861094236373901e+00, -4.1334772109985352e-01, -3.2181895524263382e-01, -9.6090431511402130e-01},
    {3.2789087295532227e-01, -1.2006600052118301e+00, 1.2966443896293640e+00, -1.0272136628627777e+00, 9.0248757600784302e-01, 1.0777332112193108e+00, 4.9819703400135040e-01, 6.1110217869281769e-01, 2.6073702964931726e+00, 8.2868398725986481e-01, -1.4070611000061035e+00, -5.2367918193340302e-01, -1.7959178686141968e+00, -1.9225389957427979e+00, 1.3973098993301392e-01, -6.6028646752238274e-01, 4.4603626728057861e+00, 7.3240429162979126e-01, 4.1315257549285889e-03, 1.3713248670101166e+00},
    {-4.7500810027122498e-01, 1.6931295394897461e-02, -1.3053371906280518e+00, -1.4198800772428513e+00, 1.0777332112193108e+00, -6.8179613351821899e-01, 2.0160828232765198e+00, 1.2910427451133728e+00, -2.2298654317855835e+00, 4.4638159871101379e-01, -4.5896136760711670e-01, 6.5179699659347534e-01, -2.5111201405525208e-01, 1.0223270654678345e+00, -8.7699472904205322e-02, -1.8461120128631592e-01, -1.3003586232662201e+00, -1.4582365155220032e+00, -3.1258348226547241e+00, -8.5005187988281250e-01},
    {-1.2053800821304321e+00, 1.4878904819488525e+00, -8.2903400063514709e-01, 1.2053387165069580e+00, 4.9819703400135040e-01, 2.0160828232765198e+00, 3.7854692935943604e+00, 1.1353406570851803e+00, 1.2806003466248512e+00, -1.8049305677413940e-01, -1.7686015442013741e+00, -1.4760808795690536e+00, 1.4519633948802948e+00, 1.4686372727155685e+00, 1.4551231861114502e+00, 1.1845498681068420e+00, -1.1614682376384735e+00, -1.3497743010520935e-01, 3.3226406574249268e-01, -2.1096928119659424e+00},
    {-2.6004958152770996e-01, 7.2743302583694458e-01, 1.8539153933525085e+00, 1.7066119313240051e+00, 6.1110217869281769e-01, 1.2910427451133728e+00, 1.1353406570851803e+00, 1.5370815992355347e+00, -4.9139159917831421e-01, -6.8926811218261719e-02, 2.0859012007713318e+00, -2.0249354839324951e-01, -1.1331026554107666e+00, -7.8556340932846069e-01, -1.1130642294883728e+00, 1.5762722492218018e-01, 9.8156248033046722e-01, -2.2555117607116699e+00, -3.3169198036193848e-01, 1.2467562407255173e-01},
    {-1.9874512255191803e+00, 8.5765159130096436e-01, -3.2050921320915222e+00, 1.6660580039024353e+00, 2.6073702964931726e+00, -2.2298654317855835e+00, 1.2806003466248512e+00, -4.9139159917831421e-01, 1.0132230520248413e+00, 9.1519433259963989e-01, 1.3167144358158112e+00, 8.1728062033653259e-01, -1.3411699235439301e+00, -9.9589884281158447e-01, -2.3940458297729492e+00, 3.4875845909118652e-01, -1.1955889537930489e+00, 4.2592126131057739e-01, 2.5974563360214233e+00, 1.1336931586265564e-01},
    {-3.9454029798507690e+00, -1.1612987518310547e+00, -1.3742871880531311e+00, 2.3179815411567688e+00, 8.2868398725986481e-01, 4.4638159871101379e-01, -1.8049305677413940e-01, -6.8926811218261719e-02, 9.1519433259963989e-01, 4.2061170935630798e-01, -2.4226996302604675e-01, 1.1112487465143204e+00, 1.4508539363741875e+00, -1.1845470368862152e+00, 2.5678861141204834e-01, -1.7751244902610779e+00, 4.8218216001987457e-01, -2.4773311614990234e-01, 5.3010702133178711e-02, -2.7464929223060608e-01},
    {1.0439412593841553e+00, 1.2618088126182556e+00, -2.6757121086120605e-02, -8.5736497491598129e-01, -1.4070611000061035e+00, -4.5896136760711670e-01, -1.7686015442013741e+00, 2.0859012007713318e+00, 1.3167144358158112e+00, -2.4226996302604675e-01, -9.0875148773193359e-01, 2.2180833220481873e+00, -1.0116280615329742e+00, 1.0703421831130981e+00, 6.9331094622612000e-01, 2.1501485109329224e+00, -2.0493296906352043e-01, 2.1430462598800659e-01, -2.3464548587799072e-01, 2.6181944608688354e+00},
    {9.8412036895751953e-02, 2.4576733112335205e+00, 1.4560063779354095e+00, 1.2334066778421402e+00, -5.2367918193340302e-01, 6.5179699659347534e-01, -1.4760808795690536e+00, -2.0249354839324951e-01, 8.1728062033653259e-01, 1.1112487465143204e+00, 2.2180833220481873e+00, -1.3073927164077759e+00, 2.2480273246765137e-01, -1.4471352100372314e-02, 1.1055940389633179e+00, -5.3330823779106140e-01, -4.9327319860458374e-01, -8.8565880432724953e-01, 5.8136482536792755e-01, -2.7971854805946350e-01},
    {1.1390007371082902e+00, 6.9888371229171753e-01, -5.4356276988983154e-02, 1.1069596409797668e+00, -1.7959178686141968e+00, -2.5111201405525208e-01, 1.4519633948802948e+00, -1.1331026554107666e+00, -1.3411699235439301e+00, 1.4508539363741875e+00, -1.0116280615329742e+00, 2.2480273246765137e-01, -1.6367287635803223e+00, 3.1943283081054688e+00, -1.9360813498497009e+00, 3.9566218852996826e-02, 1.3996151238679886e+00, 9.9746614508330822e-01, 1.5774415135383606e+00, -3.3825836181640625e+00},
    {-2.4239948391914368e+00, -4.9602198600769043e-01, -4.4031679630279541e-01, 1.1278632879257202e+00, -1.9225389957427979e+00, 1.0223270654678345e+00, 1.4686372727155685e+00, -7.8556340932846069e-01, -9.9589884281158447e-01, -1.1845470368862152e+00, 1.0703421831130981e+00, -1.4471352100372314e-02, 3.1943283081054688e+00, 1.7402710914611816e+00, 3.2688502073287964e+00, 1.6240994632244110e+00, -1.8731656670570374e-01, -2.4989231228828430e+00, -2.3056701421737671e+00, -2.1890275478363037e+00},
    {-3.8821044564247131e-01, -1.5847569704055786e-01, 3.3542805910110474e-01, 1.0782265067100525e+00, 1.3973098993301392e-01, -8.7699472904205322e-02, 1.4551231861114502e+00, -1.1130642294883728e+00, -2.3940458297729492e+00, 2.5678861141204834e-01, 6.9331094622612000e-01, 1.1055940389633179e+00, -1.9360813498497009e+00, 3.2688502073287964e+00, 2.3061637878417969e+00, 1.7041401267051697e+00, 1.0151129364967346e+00, 8.8842010498046875e-01, -2.9084399938583374e+00, -1.5344407260417938e+00},
    {2.8554929494857788e+00, 1.8751473426818848e+00, 1.3786976039409637e+00, -5.1990318298339844e-01, -6.6028646752238274e-01, -1.8461120128631592e-01, 1.1845498681068420e+00, 1.5762722492218018e-01, 3.4875845909118652e-01, -1.7751244902610779e+00, 2.1501485109329224e+00, -5.3330823779106140e-01, 3.9566218852996826e-02, 1.6240994632244110e+00, 1.7041401267051697e+00, -1.2648346424102783e+00, 1.7293500900268555e-01, 3.2202047109603882e-01, -3.9679485559463501e-01, 6.8252465128898621e-01},
    {-1.2314677238464355e-02, 8.8893550634384155e-01, 5.2826106548309326e-04, 3.1861094236373901e+00, 4.4603626728057861e+00, -1.3003586232662201e+00, -1.1614682376384735e+00, 9.8156248033046722e-01, -1.1955889537930489e+00, 4.8218216001987457e-01, -2.0493296906352043e-01, -4.9327319860458374e-01, 1.3996151238679886e+00, -1.8731656670570374e-01, 1.0151129364967346e+00, 1.7293500900268555e-01, 2.2436709403991699e+00, 1.5063393115997314e-01, 1.1490530297160149e+00, -1.6893266737461090e+00},
    {-1.4976019561290741e+00, -1.7671111822128296e+00, -1.0965079069137573e-02, -4.1334772109985352e-01, 7.3240429162979126e-01, -1.4582365155220032e+00, -1.3497743010520935e-01, -2.2555117607116699e+00, 4.2592126131057739e-01, -2.4773311614990234e-01, 2.1430462598800659e-01, -8.8565880432724953e-01, 9.9746614508330822e-01, -2.4989231228828430e+00, 8.8842010498046875e-01, 3.2202047109603882e-01, 1.5063393115997314e-01, -3.1152687072753906e+00, 1.2906862199306488e+00, -4.6368114650249481e-01},
    {-3.8242849707603455e-01, -1.7798673361539841e+00, -4.5551249757409096e-01, -3.2181895524263382e-01, 4.1315257549285889e-03, -3.1258348226547241e+00, 3.3226406574249268e-01, -3.3169198036193848e-01, 2.5974563360214233e+00, 5.3010702133178711e-02, -2.3464548587799072e-01, 5.8136482536792755e-01, 1.5774415135383606e+00, -2.3056701421737671e+00, -2.9084399938583374e+00, -3.9679485559463501e-01, 1.1490530297160149e+00, 1.2906862199306488e+00, -3.0245456099510193e-01, 4.8249620199203491e-01},
    {-5.9125006198883057e-02, -1.6305338144302368e+00, -2.5980939865112305e+00, -9.6090431511402130e-01, 1.3713248670101166e+00, -8.5005187988281250e-01, -2.1096928119659424e+00, 1.2467562407255173e-01, 1.1336931586265564e-01, -2.7464929223060608e-01, 2.6181944608688354e+00, -2.7971854805946350e-01, -3.3825836181640625e+00, -2.1890275478363037e+00, -1.5344407260417938e+00, 6.8252465128898621e-01, -1.6893266737461090e+00, -4.6368114650249481e-01, 4.8249620199203491e-01, -5.6080933660268784e-02}
}}};

static constexpr auto result = eigvals(mat);

int main() { return 0; }
