#include "../../consteig.hpp"

using namespace consteig;

static constexpr Matrix<double, 20, 20> mat
{{{
    {1.0000045975159519e+00, 5.5380306453701803e-07, 6.6546176720377340e-07, -3.3990631177161386e-07, -2.9259382459104879e-07, 2.5754008035869594e-07, -5.4402671030322447e-07, 3.6594279586325917e-07, -1.9997436583793393e-06, 2.1569983041287633e-07, -7.5029813301298718e-07, -4.2705079293842226e-07, 1.2588569565911467e-06, -1.0036396379620582e-07, -6.7597360689297013e-07, 4.3900836376941387e-07, -1.3978839506276233e-06, -1.8505722221294829e-07, -3.0711842891223482e-07, 4.7417663837061239e-07},
    {5.5380306452497672e-07, 1.0000042885783571e+00, 5.2274583370628212e-08, 3.4180445621807469e-07, 3.8796998659445244e-07, 4.8984169878971033e-07, 6.1397970238587637e-07, 9.5238168865530200e-07, -8.0086357061935887e-08, -9.1224310542411089e-07, -5.2392690883133654e-07, 9.1021154430541998e-08, -5.8310485942726758e-07, -9.7706013781323462e-08, 9.5496995479439708e-07, 6.6704736938646293e-07, -1.0776759514442207e-07, 3.3254804843181794e-07, 1.2474759593643528e-06, 7.1122955001437903e-07},
    {6.6546176723576234e-07, 5.2274583385890495e-08, 1.0000058000955454e+00, -3.7389231160274715e-07, -3.6141873939616517e-08, -8.7975184357476272e-07, 1.7588561817575128e-06, -4.9206428543025193e-07, -1.9239951329816286e-08, 2.4856771314080686e-07, 7.4378369504655697e-07, -3.2344832024556279e-07, 2.2117730091632429e-07, 1.0985776972073366e-06, 1.1180007713940728e-06, 3.8189482486474448e-07, 1.0112784579569815e-06, -8.2380188866522137e-07, -3.5110122957092231e-07, 4.8251303115606792e-07},
    {-3.3990631176466078e-07, 3.4180445621825262e-07, -3.7389231159263538e-07, 1.0000055960942718e+00, 1.0892242894636068e-06, -6.7293676500119509e-08, -3.5745440925167659e-07, 2.5346969937723682e-08, 8.8018460195050580e-08, -5.0485181814076041e-07, 1.0143921458712034e-06, 1.0491026924556964e-06, 8.8022456297741642e-07, -1.0548976822214080e-06, -4.8029302756691808e-07, 9.0383439820844526e-07, 7.5794313257643785e-07, 2.6746738785613717e-07, 5.4491177263033375e-07, 6.5228245678908126e-07},
    {-2.9259382458227623e-07, 3.8796998655508240e-07, -3.6141873912933364e-08, 1.0892242894918589e-06, 1.0000060201777350e+00, 1.4839096459112952e-07, 4.6265743080446264e-07, 2.5673537178021332e-08, 4.9108898863339178e-07, -4.5895170418754093e-08, -7.4961478916259079e-07, 6.4869754000557644e-08, -1.4887960365750687e-07, 3.7215887155279514e-07, 3.0019155418769193e-07, 9.4911195132576923e-09, 1.4169708036800360e-07, 3.8590203374892699e-07, -2.2388607026469627e-07, 1.3267270244818602e-06},
    {2.5754008031253519e-07, 4.8984169877946483e-07, -8.7975184357432374e-07, -6.7293676488846692e-08, 1.4839096459962463e-07, 1.0000037217640891e+00, -2.7804231859614030e-08, 2.5224736680437205e-07, 1.2054614778688289e-06, 8.6547317288598778e-07, -6.0004328488514273e-07, -2.0915452450625046e-07, -1.3776416258161332e-06, -5.7210980315648756e-08, 1.9275515792151011e-07, -1.6961946815342401e-07, -5.7757137939471368e-07, 1.0617075034179379e-06, -4.7736594933382004e-07, 9.0780411696594284e-07},
    {-5.4402671030300021e-07, 6.1397970233645305e-07, 1.7588561817692550e-06, -3.5745440925721852e-07, 4.6265743080418053e-07, -2.7804231862597634e-08, 1.0000064172994700e+00, -6.4142931040983629e-07, -3.2082758133025492e-07, -7.1431361229247531e-07, 1.5266193099000316e-06, -6.1671560257813505e-07, -9.4698896035591263e-07, 1.3789863192286288e-07, 6.7869413830402244e-07, 1.1417686480232567e-08, -8.2969288481058458e-07, 1.4727761229389058e-06, 1.0225571466426529e-06, 4.4945223798557843e-07},
    {3.6594279588988729e-07, 9.5238168866371124e-07, -4.9206428542727979e-07, 2.5346969945059212e-08, 2.5673537183636234e-08, 2.5224736680592684e-07, -6.4142931041234202e-07, 1.0000052393410923e+00, 3.2364124088420658e-07, 2.0680979548693077e-07, 1.3813445715325533e-06, 1.1611780359298087e-07, 8.3596815801157579e-07, 5.0636663954295080e-07, -1.6514541350654622e-08, -3.7272740277092643e-07, 2.6066953324714051e-07, 4.7962138284739441e-07, 4.9407373567872154e-07, -5.0385639523791185e-08},
    {-1.9997436583739598e-06, -8.0086357080282356e-08, -1.9239951309439390e-08, 8.8018460173152859e-08, 4.9108898862505623e-07, 1.2054614778444760e-06, -3.2082758133985922e-07, 3.2364124089364279e-07, 1.0000053513613096e+00, -6.2791602223640027e-07, 2.8610949867575541e-07, 3.0889333067697194e-07, 7.0047987799046078e-07, 7.8463277212683625e-07, 2.2373906756336971e-07, 1.3104991583621931e-07, 6.5219706363656635e-07, -2.0630027929674899e-07, -5.3142475192421184e-07, -1.3334476927962796e-06},
    {2.1569983038467257e-07, -9.1224310542904612e-07, 2.4856771316726351e-07, -5.0485181815581251e-07, -4.5895170401040345e-08, 8.6547317292700620e-07, -7.1431361229831285e-07, 2.0680979548709517e-07, -6.2791602220128674e-07, 1.0000049580999482e+00, 9.4658593964128250e-07, 1.1516763535336985e-06, 2.2596763349130526e-07, -4.1671806607151845e-07, -1.8537872152216977e-07, 1.7571484482300981e-08, -1.0956523291464803e-06, -4.6643820478197768e-07, -2.7912008797657327e-07, 8.3520418794880111e-07},
    {-7.5029813295935655e-07, -5.2392690882482434e-07, 7.4378369502664894e-07, 1.0143921458641868e-06, -7.4961478915500910e-07, -6.0004328487020943e-07, 1.5266193098871946e-06, 1.3813445714953004e-06, 2.8610949866789675e-07, 9.4658593962902350e-07, 1.0000052055929951e+00, 1.5707501166821075e-07, 7.1132626017358550e-08, 2.2176722439724510e-08, -1.6593360901618735e-06, -1.5556060590923292e-06, 4.4731581552282370e-09, -5.0664644024051125e-07, -1.5431597404514665e-07, -2.4137239638996280e-07},
    {-4.2705079295555059e-07, 9.1021154415995530e-08, -3.2344832024660930e-07, 1.0491026924234088e-06, 6.4869754022942515e-08, -2.0915452450676096e-07, -6.1671560259947932e-07, 1.1611780359285856e-07, 3.0889333066110632e-07, 1.1516763535318719e-06, 1.5707501166555975e-07, 1.0000053560977242e+00, -7.6062801360010838e-07, -1.7621639428361262e-07, -1.4524915182659804e-07, 6.3889623285085500e-07, -4.3650495164756329e-07, 5.4066705677577852e-07, 9.9502013697014089e-08, 8.6850574773400393e-07},
    {1.2588569565765942e-06, -5.8310485942568871e-07, 2.2117730089894100e-07, 8.8022456297099856e-07, -1.4887960367901963e-07, -1.3776416258458510e-06, -9.4698896037019466e-07, 8.3596815799848458e-07, 7.0047987803699752e-07, 2.2596763349220060e-07, 7.1132626021726778e-08, -7.6062801361594727e-07, 1.0000051379423056e+00, 2.4055901341353085e-07, 6.6098117814788588e-08, -3.8735346979150969e-08, 2.9874793930415909e-07, 3.1919663387170388e-08, -7.8310476666984445e-07, 1.1181509444144503e-07},
    {-1.0036396381511034e-07, -9.7706013753078593e-08, 1.0985776971805585e-06, -1.0548976822384230e-06, 3.7215887154182252e-07, -5.7210980313878404e-08, 1.3789863191649862e-07, 5.0636663952539149e-07, 7.8463277214503190e-07, -4.1671806607667386e-07, 2.2176722456447207e-08, -1.7621639430164396e-07, 2.4055901335996179e-07, 1.0000033255239731e+00, -2.1852547794530800e-07, 7.4791419701819481e-07, -4.5156488892738678e-07, 1.7109448472111313e-07, -6.8540432474220515e-07, 1.4116473220422888e-08},
    {-6.7597360689495176e-07, 9.5496995481369926e-07, 1.1180007713874382e-06, -4.8029302756911666e-07, 3.0019155418996044e-07, 1.9275515792102328e-07, 6.7869413833621541e-07, -1.6514541329161475e-08, 2.2373906757778147e-07, -1.8537872151336383e-07, -1.6593360901219799e-06, -1.4524915185536436e-07, 6.6098117820037175e-08, -2.1852547793070960e-07, 1.0000045391518495e+00, -3.3087461145411268e-07, -1.0213880894561804e-06, 4.3292814052367614e-07, 1.1906621431449084e-06, -3.1817543277791740e-07},
    {4.3900836376990790e-07, 6.6704736936874131e-07, 3.8189482486577076e-07, 9.0383439820047817e-07, 9.4911195369625198e-09, -1.6961946817046401e-07, 1.1417686485714019e-08, -3.7272740276044551e-07, 1.3104991586382279e-07, 1.7571484437726829e-08, -1.5556060590941613e-06, 6.3889623284703287e-07, -3.8735346935383440e-08, 7.4791419703336739e-07, -3.3087461143888355e-07, 1.0000050948671722e+00, 1.6192521201527888e-07, -2.2866993731284731e-07, 2.2434051160796445e-09, 1.4563085371950997e-06},
    {-1.3978839506187067e-06, -1.0776759513652964e-07, 1.0112784579604223e-06, 7.5794313257538467e-07, 1.4169708039551510e-07, -5.7757137944105919e-07, -8.2969288483534918e-07, 2.6066953324185852e-07, 6.5219706362956467e-07, -1.0956523291050597e-06, 4.4731581319990797e-09, -4.3650495165070118e-07, 2.9874793931484118e-07, -4.5156488891739518e-07, -1.0213880894544370e-06, 1.6192521202497619e-07, 1.0000044038917664e+00, 1.0073199831067976e-06, 3.2151675299040217e-07, -3.9592499292203466e-07},
    {-1.8505722222174221e-07, 3.3254804848633028e-07, -8.2380188865897482e-07, 2.6746738786955624e-07, 3.8590203376218179e-07, 1.0617075034215776e-06, 1.4727761230191692e-06, 4.7962138281807468e-07, -2.0630027930638685e-07, -4.6643820476318074e-07, -5.0664644023412060e-07, 5.4066705676946781e-07, 3.1919663386025206e-08, 1.7109448469116088e-07, 4.3292814050537271e-07, -2.2866993735034244e-07, 1.0073199831300164e-06, 1.0000056300491849e+00, 3.8948028365285640e-07, 1.2550083046173249e-06},
    {-3.0711842894025414e-07, 1.2474759594270664e-06, -3.5110122957044813e-07, 5.4491177265981516e-07, -2.2388607026241585e-07, -4.7736594936182083e-07, 1.0225571466470694e-06, 4.9407373565837708e-07, -5.3142475193777199e-07, -2.7912008798906107e-07, -1.5431597403985576e-07, 9.9502013678896835e-08, -7.8310476662413294e-07, -6.8540432474750927e-07, 1.1906621431591421e-06, 2.2434051151743983e-09, 3.2151675299989620e-07, 3.8948028365931222e-07, 1.0000046599957328e+00, -1.0821872432270967e-06},
    {4.7417663837823362e-07, 7.1122955001096781e-07, 4.8251303117330938e-07, 6.5228245679502923e-07, 1.3267270245173079e-06, 9.0780411692604240e-07, 4.4945223802776707e-07, -5.0385639517437194e-08, -1.3334476928183221e-06, 8.3520418794838542e-07, -2.4137239637364779e-07, 8.6850574776174183e-07, 1.1181509445651961e-07, 1.4116473204104392e-08, -3.1817543275910733e-07, 1.4563085371967970e-06, -3.9592499294688057e-07, 1.2550083045863379e-06, -1.0821872432233454e-06, 1.0000046565595284e+00}
}}};

static constexpr auto result = eigvals(mat);

int main() { return 0; }
