#include "../../consteig.hpp"

using namespace consteig;

static constexpr Matrix<double, 20, 20> mat
{{{
    {1.0000000000000000e+00, -1.1080173954808348e-16, 9.7776318965322819e-17, 1.0313323825719824e-16, -3.5031410862998045e-17, -8.5290615174364516e-17, -1.2760338180671302e-16, 1.0215203973975767e-16, -8.2392656632539160e-17, -1.7893956991186797e-16, 2.5654598948391584e-17, 5.3645605448859719e-17, -1.7161008878376245e-17, -3.1976270034665171e-17, 1.0140678585984162e-17, 3.2605621031064778e-17, -2.9513991222251282e-17, -9.7381577036200691e-18, -1.2573620280579162e-16, 3.4763716234819247e-17},
    {-1.1080173954808348e-16, 9.9999999999999956e-01, 2.6612559706863834e-17, 1.4170743150484374e-16, 1.4044699262693686e-16, -4.5491818069944523e-16, 2.4738954830733459e-17, 4.5239522142680278e-17, -7.9503091244601537e-17, -2.1844591569278346e-17, 7.1253046440540753e-17, 6.4163459832095908e-17, -3.1668318256521983e-18, 3.2875782485473470e-17, 2.6951048518359103e-16, 2.4512747178870288e-17, -3.3606401264766574e-16, 2.2819715301727252e-16, 3.5369996677990355e-17, -7.1512015557036339e-17},
    {9.7776318965322819e-17, 2.6612559706863834e-17, 1.0000000000000004e+00, -1.2844668282396945e-16, 6.5346647971928497e-19, 1.1018024131319188e-16, -1.5702813410868148e-17, -8.6634008012883151e-17, -6.5292454712925996e-17, 1.3670181284421544e-16, 7.7048831636721738e-18, 1.2868094099593636e-16, 2.4223521882780461e-17, 1.9009139256510180e-16, -7.5500641194531223e-17, -1.4089174555425470e-16, 2.0771271545043354e-17, 7.6780192546314938e-17, 7.2386183531612315e-17, 9.6874722400227803e-18},
    {1.0313323825719824e-16, 1.4170743150484374e-16, -1.2844668282396945e-16, 9.9999999999999967e-01, -1.5264454660080711e-16, 1.9936332350316835e-16, -1.7790247117780583e-16, 5.3221392072020064e-18, 7.3939119495791292e-17, 4.9007054901333802e-17, -3.3123860363114158e-17, -1.9935093255885805e-16, 1.9179811371352426e-16, 2.1620881284098126e-17, -8.0130658072846618e-17, -1.2796794700016302e-16, -1.2150536107690668e-16, 9.6810408058865442e-17, -7.2391346186530084e-17, -2.9753418569801641e-17},
    {-3.5031410862998045e-17, 1.4044699262693686e-16, 6.5346647971928497e-19, -1.5264454660080711e-16, 9.9999999999999989e-01, 7.8706946043990906e-17, -2.0887293021964831e-16, -6.7494780859833996e-17, 2.4306960443555227e-17, 1.1200736439860908e-16, -3.2368955125712516e-17, -2.9550856103210574e-18, 1.3484628906618131e-16, 8.3046021817227663e-17, 9.1730622711135971e-17, 7.2696307846143995e-17, 9.4483815741877644e-17, 1.2236897289838555e-16, -2.2614700114677049e-17, 5.3206309388276195e-17},
    {-8.5290615174364516e-17, -4.5491818069944523e-16, 1.1018024131319188e-16, 1.9936332350316835e-16, 7.8706946043990906e-17, 1.0000000000000000e+00, -1.4712950612154586e-16, -1.3977985246989739e-16, 7.0673933209062206e-17, -5.1962080594630888e-17, -8.7596121330794509e-17, 1.9888574213844083e-16, 1.5878331297302534e-16, -6.5462681866229721e-17, 3.9902484102003111e-17, -3.1142380533460114e-18, 2.3300848645389194e-16, 1.6919119616997790e-16, -8.1001588087046985e-17, -6.6665135635049343e-17},
    {-1.2760338180671302e-16, 2.4738954830733459e-17, -1.5702813410868148e-17, -1.7790247117780583e-16, -2.0887293021964831e-16, -1.4712950612154586e-16, 9.9999999999999978e-01, 5.0740856991096412e-17, 7.4704181874010002e-17, 7.8124440093625059e-17, 9.0554480746178052e-17, -1.3384645828076478e-17, -5.5226129268934323e-17, 1.0825616613133519e-16, 3.6646095114459781e-17, -6.3372739067462756e-17, 4.0429643444837720e-17, -3.8549111213611207e-17, -1.7420350474520071e-17, 9.6844822311368314e-17},
    {1.0215203973975767e-16, 4.5239522142680278e-17, -8.6634008012883151e-17, 5.3221392072020064e-18, -6.7494780859833996e-17, -1.3977985246989739e-16, 5.0740856991096412e-17, 9.9999999999999956e-01, -1.8128220873048337e-16, 7.2517747689919746e-17, 3.7198461603526305e-18, -7.2763870036421502e-17, -1.3398252666164054e-16, -2.4281108022084985e-17, 9.8390084740810670e-17, 3.0127750710685634e-17, -1.7026855560620304e-16, -1.7066254823063114e-16, -5.6570909103377807e-17, 1.5985477884627633e-16},
    {-8.2392656632539160e-17, -7.9503091244601537e-17, -6.5292454712925996e-17, 7.3939119495791292e-17, 2.4306960443555227e-17, 7.0673933209062206e-17, 7.4704181874010002e-17, -1.8128220873048337e-16, 1.0000000000000000e+00, 6.7133863675330598e-18, 8.5755370152373348e-17, -5.9543991825202143e-17, 4.3318589542746630e-18, 3.7935953240483186e-17, 5.5858877530226058e-17, 5.2446884376907035e-17, -1.1918061868868444e-16, 1.0983514641001054e-16, 3.8863409239294811e-18, -3.5887607941296231e-17},
    {-1.7893956991186797e-16, -2.1844591569278346e-17, 1.3670181284421544e-16, 4.9007054901333802e-17, 1.1200736439860908e-16, -5.1962080594630888e-17, 7.8124440093625059e-17, 7.2517747689919746e-17, 6.7133863675330598e-18, 1.0000000000000002e+00, -4.5346068307026799e-18, 1.5329489577563765e-17, -1.0609906226096187e-16, -3.6375593180849889e-17, -1.1555933155636734e-17, 5.6060822600830480e-17, 5.3520445419010340e-17, -1.9172175343824183e-17, -1.6132746964389584e-17, -9.7605908749264924e-17},
    {2.5654598948391584e-17, 7.1253046440540753e-17, 7.7048831636721738e-18, -3.3123860363114158e-17, -3.2368955125712516e-17, -8.7596121330794509e-17, 9.0554480746178052e-17, 3.7198461603526305e-18, 8.5755370152373348e-17, -4.5346068307026799e-18, 9.9999999999999967e-01, 9.2882035317778458e-18, 2.8180175336120204e-17, 5.7344197040950580e-17, -4.2231609244801103e-19, -1.3169817912951399e-16, 6.7742645200812293e-17, 3.9299313142709871e-17, 3.0828232715784893e-17, -3.3178160899523394e-17},
    {5.3645605448859719e-17, 6.4163459832095908e-17, 1.2868094099593636e-16, -1.9935093255885805e-16, -2.9550856103210574e-18, 1.9888574213844083e-16, -1.3384645828076478e-17, -7.2763870036421502e-17, -5.9543991825202143e-17, 1.5329489577563765e-17, 9.2882035317778458e-18, 9.9999999999999989e-01, -4.7298874399235334e-17, -5.7023051762364559e-17, 1.5689545738203839e-17, -6.5509365506179053e-17, -1.2065904317279060e-16, -7.0301450156759624e-18, 9.2845843251347344e-17, -6.2238972908685504e-17},
    {-1.7161008878376245e-17, -3.1668318256521983e-18, 2.4223521882780461e-17, 1.9179811371352426e-16, 1.3484628906618131e-16, 1.5878331297302534e-16, -5.5226129268934323e-17, -1.3398252666164054e-16, 4.3318589542746630e-18, -1.0609906226096187e-16, 2.8180175336120204e-17, -4.7298874399235334e-17, 1.0000000000000000e+00, -7.7115513720553415e-17, 1.6274927745769851e-16, 1.1099380958949321e-16, -2.0522590071130778e-17, -2.8963711172504311e-17, 1.1724567537799579e-16, 6.9366614505726922e-17},
    {-3.1976270034665171e-17, 3.2875782485473470e-17, 1.9009139256510180e-16, 2.1620881284098126e-17, 8.3046021817227663e-17, -6.5462681866229721e-17, 1.0825616613133519e-16, -2.4281108022084985e-17, 3.7935953240483186e-17, -3.6375593180849889e-17, 5.7344197040950580e-17, -5.7023051762364559e-17, -7.7115513720553415e-17, 1.0000000000000002e+00, 1.0193845315255841e-16, -9.6429610896846686e-17, -3.8235711446138248e-17, 8.8080222328395528e-17, 2.7874549836316327e-17, -3.9956204782420020e-17},
    {1.0140678585984162e-17, 2.6951048518359103e-16, -7.5500641194531223e-17, -8.0130658072846618e-17, 9.1730622711135971e-17, 3.9902484102003111e-17, 3.6646095114459781e-17, 9.8390084740810670e-17, 5.5858877530226058e-17, -1.1555933155636734e-17, -4.2231609244801103e-19, 1.5689545738203839e-17, 1.6274927745769851e-16, 1.0193845315255841e-16, 1.0000000000000000e+00, -8.4687635141295088e-18, 1.6281238376766855e-16, 6.6606232342068518e-17, 8.9520296521670033e-17, -5.2097308105311458e-17},
    {3.2605621031064778e-17, 2.4512747178870288e-17, -1.4089174555425470e-16, -1.2796794700016302e-16, 7.2696307846143995e-17, -3.1142380533460114e-18, -6.3372739067462756e-17, 3.0127750710685634e-17, 5.2446884376907035e-17, 5.6060822600830480e-17, -1.3169817912951399e-16, -6.5509365506179053e-17, 1.1099380958949321e-16, -9.6429610896846686e-17, -8.4687635141295088e-18, 1.0000000000000000e+00, -4.5325378588974786e-18, 8.0123080856706661e-17, -1.5431227834973476e-17, 1.0637115318639539e-16},
    {-2.9513991222251282e-17, -3.3606401264766574e-16, 2.0771271545043354e-17, -1.2150536107690668e-16, 9.4483815741877644e-17, 2.3300848645389194e-16, 4.0429643444837720e-17, -1.7026855560620304e-16, -1.1918061868868444e-16, 5.3520445419010340e-17, 6.7742645200812293e-17, -1.2065904317279060e-16, -2.0522590071130778e-17, -3.8235711446138248e-17, 1.6281238376766855e-16, -4.5325378588974786e-18, 1.0000000000000000e+00, 9.1859670250446661e-18, 4.6335482127467992e-17, -9.7062076542440218e-17},
    {-9.7381577036200691e-18, 2.2819715301727252e-16, 7.6780192546314938e-17, 9.6810408058865442e-17, 1.2236897289838555e-16, 1.6919119616997790e-16, -3.8549111213611207e-17, -1.7066254823063114e-16, 1.0983514641001054e-16, -1.9172175343824183e-17, 3.9299313142709871e-17, -7.0301450156759624e-18, -2.8963711172504311e-17, 8.8080222328395528e-17, 6.6606232342068518e-17, 8.0123080856706661e-17, 9.1859670250446661e-18, 9.9999999999999989e-01, 9.8767555304324440e-17, 1.8014231771639705e-16},
    {-1.2573620280579162e-16, 3.5369996677990355e-17, 7.2386183531612315e-17, -7.2391346186530084e-17, -2.2614700114677049e-17, -8.1001588087046985e-17, -1.7420350474520071e-17, -5.6570909103377807e-17, 3.8863409239294811e-18, -1.6132746964389584e-17, 3.0828232715784893e-17, 9.2845843251347344e-17, 1.1724567537799579e-16, 2.7874549836316327e-17, 8.9520296521670033e-17, -1.5431227834973476e-17, 4.6335482127467992e-17, 9.8767555304324440e-17, 1.0000000000000002e+00, 5.5727207092161333e-17},
    {3.4763716234819247e-17, -7.1512015557036339e-17, 9.6874722400227803e-18, -2.9753418569801641e-17, 5.3206309388276195e-17, -6.6665135635049343e-17, 9.6844822311368314e-17, 1.5985477884627633e-16, -3.5887607941296231e-17, -9.7605908749264924e-17, -3.3178160899523394e-17, -6.2238972908685504e-17, 6.9366614505726922e-17, -3.9956204782420020e-17, -5.2097308105311458e-17, 1.0637115318639539e-16, -9.7062076542440218e-17, 1.8014231771639705e-16, 5.5727207092161333e-17, 1.0000000000000000e+00}
}}};

static constexpr auto result = eigvals(mat);

int main() { return 0; }
