#include "../../consteig.hpp"

using namespace consteig;

static constexpr Matrix<double, 8, 8> mat
{{{
    {-1.7750482559204102e+00, 9.4991445541381836e-01, -8.1766915321350098e-01, -3.1736332178115845e-01, 9.7336220741271973e-01, 5.5333137512207031e-01, 2.9174721240997314e-01, -3.4333240985870361e-01},
    {9.4991445541381836e-01, -1.7750482559204102e+00, 9.4991445541381836e-01, -8.1766915321350098e-01, -3.1736332178115845e-01, 9.7336220741271973e-01, 5.5333137512207031e-01, 2.9174721240997314e-01},
    {-8.1766915321350098e-01, 9.4991445541381836e-01, -1.7750482559204102e+00, 9.4991445541381836e-01, -8.1766915321350098e-01, -3.1736332178115845e-01, 9.7336220741271973e-01, 5.5333137512207031e-01},
    {-3.1736332178115845e-01, -8.1766915321350098e-01, 9.4991445541381836e-01, -1.7750482559204102e+00, 9.4991445541381836e-01, -8.1766915321350098e-01, -3.1736332178115845e-01, 9.7336220741271973e-01},
    {9.7336220741271973e-01, -3.1736332178115845e-01, -8.1766915321350098e-01, 9.4991445541381836e-01, -1.7750482559204102e+00, 9.4991445541381836e-01, -8.1766915321350098e-01, -3.1736332178115845e-01},
    {5.5333137512207031e-01, 9.7336220741271973e-01, -3.1736332178115845e-01, -8.1766915321350098e-01, 9.4991445541381836e-01, -1.7750482559204102e+00, 9.4991445541381836e-01, -8.1766915321350098e-01},
    {2.9174721240997314e-01, 5.5333137512207031e-01, 9.7336220741271973e-01, -3.1736332178115845e-01, -8.1766915321350098e-01, 9.4991445541381836e-01, -1.7750482559204102e+00, 9.4991445541381836e-01},
    {-3.4333240985870361e-01, 2.9174721240997314e-01, 5.5333137512207031e-01, 9.7336220741271973e-01, -3.1736332178115845e-01, -8.1766915321350098e-01, 9.4991445541381836e-01, -1.7750482559204102e+00}
}}};

static constexpr auto result = eigvals(mat);

int main() { return 0; }
