#include "../../consteig.hpp"

using namespace consteig;

static constexpr Matrix<double, 8, 8> mat
{{{
    {-3.4067702293395996e-01, 3.3202618360519409e-02, -6.3181713223457336e-02, -1.1174747943878174e+00, -2.3684108257293701e+00, 4.2598272860050201e-01, 4.6651911735534668e-01, -4.5249283313751221e-02},
    {2.0344634056091309e+00, -6.8278662860393524e-02, -7.5668281316757202e-01, -1.6353321075439453e-01, 4.2598272860050201e-01, -7.6366758346557617e-01, 2.6644103229045868e-01, 2.3007790744304657e-01},
    {1.4575919508934021e-01, -1.9726686477661133e+00, 1.4381004571914673e+00, -5.0713765621185303e-01, 4.6651911735534668e-01, 2.6644103229045868e-01, -8.3300966024398804e-01, 1.9647728204727173e+00},
    {-8.5017478466033936e-01, -5.0184977054595947e-01, 2.1568259224295616e-02, -9.9668991565704346e-01, -4.5249283313751221e-02, 2.3007790744304657e-01, 1.9647728204727173e+00, 1.0449869632720947e+00},
    {9.3061506748199463e-02, 7.9239010810852051e-02, -1.9889338612556458e+00, -1.8364503383636475e+00, 3.4067702293395996e-01, -2.0344634056091309e+00, -1.4575919508934021e-01, 8.5017478466033936e-01},
    {7.9239010810852051e-02, 4.8514409065246582e+00, 6.9610732793807983e-01, -1.7629136443138123e+00, -3.3202618360519409e-02, 6.8278662860393524e-02, 1.9726686477661133e+00, 5.0184977054595947e-01},
    {-1.9889338612556458e+00, 6.9610732793807983e-01, 3.6047172546386719e+00, -1.9225803613662720e+00, 6.3181713223457336e-02, 7.5668281316757202e-01, -1.4381004571914673e+00, -2.1568259224295616e-02},
    {-1.8364503383636475e+00, -1.7629136443138123e+00, -1.9225803613662720e+00, 3.6338040828704834e+00, 1.1174747943878174e+00, 1.6353321075439453e-01, 5.0713765621185303e-01, 9.9668991565704346e-01}
}}};

static constexpr auto result = eigvals(mat);

int main() { return 0; }
