#include "../../consteig.hpp"

using namespace consteig;

static constexpr Matrix<double, 16, 16> mat
{{{
    {1.0000000000000000e+00, 1.0511169055084532e-16, -3.0850059340731987e-17, 1.2230757924277777e-16, -3.3237076979997258e-17, 2.7669376072688954e-17, 1.2615354715828450e-16, 1.7467428660280437e-17, 6.6179047889563655e-18, -8.2254108664384265e-17, 5.2149671647020401e-19, -9.0123147373948321e-17, 4.9421588794640111e-17, 2.6586363167245732e-17, -5.6774921287169570e-17, 4.6642845111901624e-17},
    {1.0511169055084532e-16, 1.0000000000000004e+00, 1.5316931859531977e-16, 5.8824907608747672e-17, 2.1665608916121521e-16, -9.6924736445439528e-17, 1.3029187730980672e-16, 8.2383848871931954e-17, -2.1743811545238117e-16, -1.1900175862497037e-16, -6.2200119890205287e-17, -7.0536579727952327e-17, -7.0433298194566121e-17, -7.5268939947648103e-18, -6.0716099157080519e-17, 2.0385690752708331e-16},
    {-3.0850059340731987e-17, 1.5316931859531977e-16, 9.9999999999999922e-01, -1.1334461687383036e-16, 6.8320367197048485e-17, 1.3546506840031725e-16, 2.1917564261385145e-19, 1.2880314543093678e-18, -2.1142799790452795e-16, -2.9567081606760065e-16, 1.2382358047421412e-16, 4.3634384257338170e-18, 1.9312658319402045e-17, -6.0630911538463945e-17, 9.0269242611456431e-17, 2.5950160105159930e-16},
    {1.2230757924277777e-16, 5.8824907608747672e-17, -1.1334461687383036e-16, 1.0000000000000004e+00, 2.1726716565776151e-16, 1.6793228294161989e-18, -7.9318446975716074e-17, 1.5829645231390956e-16, 8.1602413752722291e-17, -1.1504590125135922e-16, 6.9476024535459976e-17, -3.8421511119301811e-17, 6.3997756855942416e-17, 1.8448109925836996e-17, -4.0640817726810545e-17, 1.5409507467792148e-16},
    {-3.3237076979997258e-17, 2.1665608916121521e-16, 6.8320367197048485e-17, 2.1726716565776151e-16, 1.0000000000000002e+00, 1.2424845678105495e-16, 9.4945932531121277e-17, -1.1683933343492791e-16, 3.8428959181133993e-17, 3.5388734709321132e-17, 5.9050541149227747e-17, 3.0294553104401808e-17, -2.1485236581686702e-16, 2.5227541055934172e-17, -5.6026609713007979e-17, 3.0225286376944173e-17},
    {2.7669376072688954e-17, -9.6924736445439528e-17, 1.3546506840031725e-16, 1.6793228294161989e-18, 1.2424845678105495e-16, 1.0000000000000000e+00, -1.8110135342551158e-16, 9.0170125261665602e-17, 9.8303417983041550e-18, 7.7640956371556739e-17, 1.1210285302703436e-16, 6.7505927668360283e-19, -9.6186785872977726e-17, -6.0117163331521070e-17, 8.8472060486069870e-17, -1.3257634417746816e-16},
    {1.2615354715828450e-16, 1.3029187730980672e-16, 2.1917564261385145e-19, -7.9318446975716074e-17, 9.4945932531121277e-17, -1.8110135342551158e-16, 1.0000000000000000e+00, -3.4992734824335446e-17, 7.2078106528712422e-17, -2.1186120860173688e-16, 7.9259657640959440e-17, -8.3706841146260672e-17, 4.7373739582804598e-17, 4.9141032580763488e-17, 6.9002759656542518e-17, 2.4223919737655773e-16},
    {1.7467428660280437e-17, 8.2383848871931954e-17, 1.2880314543093678e-18, 1.5829645231390956e-16, -1.1683933343492791e-16, 9.0170125261665602e-17, -3.4992734824335446e-17, 9.9999999999999978e-01, -8.6617499249966049e-17, -5.4251955028408582e-17, -4.7232701266962820e-17, -4.6508885133460653e-17, -1.8145025267494627e-16, 6.5000726474751847e-17, -5.8647053122714783e-18, -3.4969251860099635e-17},
    {6.6179047889563655e-18, -2.1743811545238117e-16, -2.1142799790452795e-16, 8.1602413752722291e-17, 3.8428959181133993e-17, 9.8303417983041550e-18, 7.2078106528712422e-17, -8.6617499249966049e-17, 1.0000000000000004e+00, 6.1232240226907830e-17, -1.5922144663642094e-16, -2.8443694075426725e-17, 3.3783015841361170e-18, -2.4293875197747844e-16, -1.5303434581677936e-16, -5.4483753030030585e-17},
    {-8.2254108664384265e-17, -1.1900175862497037e-16, -2.9567081606760065e-16, -1.1504590125135922e-16, 3.5388734709321132e-17, 7.7640956371556739e-17, -2.1186120860173688e-16, -5.4251955028408582e-17, 6.1232240226907830e-17, 1.0000000000000000e+00, 2.7434241040132995e-17, 7.0684712496836753e-17, 6.4117499253440739e-17, -9.6698763155394243e-17, -6.5260226137124958e-17, -3.1094266797676433e-17},
    {5.2149671647020401e-19, -6.2200119890205287e-17, 1.2382358047421412e-16, 6.9476024535459976e-17, 5.9050541149227747e-17, 1.1210285302703436e-16, 7.9259657640959440e-17, -4.7232701266962820e-17, -1.5922144663642094e-16, 2.7434241040132995e-17, 9.9999999999999978e-01, 4.5297625131749164e-17, -5.4372467544343809e-17, -2.0052060860955346e-17, 1.0962152511440903e-17, -1.9502676200341394e-16},
    {-9.0123147373948321e-17, -7.0536579727952327e-17, 4.3634384257338170e-18, -3.8421511119301811e-17, 3.0294553104401808e-17, 6.7505927668360283e-19, -8.3706841146260672e-17, -4.6508885133460653e-17, -2.8443694075426725e-17, 7.0684712496836753e-17, 4.5297625131749164e-17, 9.9999999999999989e-01, 1.8435488796476118e-17, 4.2325835871034255e-18, 2.4876206351847522e-17, -5.6518702410340551e-17},
    {4.9421588794640111e-17, -7.0433298194566121e-17, 1.9312658319402045e-17, 6.3997756855942416e-17, -2.1485236581686702e-16, -9.6186785872977726e-17, 4.7373739582804598e-17, -1.8145025267494627e-16, 3.3783015841361170e-18, 6.4117499253440739e-17, -5.4372467544343809e-17, 1.8435488796476118e-17, 1.0000000000000000e+00, -3.3322518828372642e-17, -1.3942801698612767e-16, -5.2112970965071822e-17},
    {2.6586363167245732e-17, -7.5268939947648103e-18, -6.0630911538463945e-17, 1.8448109925836996e-17, 2.5227541055934172e-17, -6.0117163331521070e-17, 4.9141032580763488e-17, 6.5000726474751847e-17, -2.4293875197747844e-16, -9.6698763155394243e-17, -2.0052060860955346e-17, 4.2325835871034255e-18, -3.3322518828372642e-17, 1.0000000000000000e+00, 2.9264619580356012e-17, 1.2928672674743305e-17},
    {-5.6774921287169570e-17, -6.0716099157080519e-17, 9.0269242611456431e-17, -4.0640817726810545e-17, -5.6026609713007979e-17, 8.8472060486069870e-17, 6.9002759656542518e-17, -5.8647053122714783e-18, -1.5303434581677936e-16, -6.5260226137124958e-17, 1.0962152511440903e-17, 2.4876206351847522e-17, -1.3942801698612767e-16, 2.9264619580356012e-17, 9.9999999999999989e-01, -2.5320804137947397e-17},
    {4.6642845111901624e-17, 2.0385690752708331e-16, 2.5950160105159930e-16, 1.5409507467792148e-16, 3.0225286376944173e-17, -1.3257634417746816e-16, 2.4223919737655773e-16, -3.4969251860099635e-17, -5.4483753030030585e-17, -3.1094266797676433e-17, -1.9502676200341394e-16, -5.6518702410340551e-17, -5.2112970965071822e-17, 1.2928672674743305e-17, -2.5320804137947397e-17, 1.0000000000000000e+00}
}}};

static constexpr auto result = eigvals(mat);

int main() { return 0; }
