#include "../../consteig.hpp"

using namespace consteig;

static constexpr Matrix<double, 10, 10> mat
{{{
    {1.0000000000000002e+00, -1.8791722717671320e-16, -1.4426446860888428e-16, -8.0842654099177842e-17, -2.3885654000262497e-16, -3.2685562700743812e-17, -6.3588977892331294e-17, 1.8866779728814289e-16, -5.7842856997450599e-17, -1.0215463931836050e-16},
    {-1.8791722717671320e-16, 1.0000000000000009e+00, -7.0446155721681516e-17, 2.3835420283873971e-17, 2.1602641211246640e-16, -2.4811356955449662e-16, -2.3811379524981006e-16, -7.8418287403798783e-17, -4.8324762476869434e-17, 8.3865337413016015e-17},
    {-1.4426446860888428e-16, -7.0446155721681516e-17, 1.0000000000000007e+00, -9.6437842851431692e-17, 1.9675424194567919e-16, -6.4402286598010109e-17, -2.0378898761008787e-17, -1.5043645091428573e-16, 7.4594068754582113e-17, 1.8778975490599589e-16},
    {-8.0842654099177842e-17, 2.3835420283873971e-17, -9.6437842851431692e-17, 1.0000000000000000e+00, -3.4351352298655589e-17, 4.4927552535091874e-17, -3.3983399427962103e-17, 8.1056375304501213e-17, 8.3056841062710556e-17, -2.0069469196715138e-17},
    {-2.3885654000262497e-16, 2.1602641211246640e-16, 1.9675424194567919e-16, -3.4351352298655589e-17, 1.0000000000000004e+00, -1.1809955505862042e-16, -5.0621809597143026e-17, 2.8902225661036971e-17, 2.5877566533716485e-16, 4.6541335821460364e-16},
    {-3.2685562700743812e-17, -2.4811356955449662e-16, -6.4402286598010109e-17, 4.4927552535091874e-17, -1.1809955505862042e-16, 1.0000000000000002e+00, 6.8969819762915642e-18, -4.2797721039504329e-17, -4.9519150478059009e-17, 1.0007352060371573e-16},
    {-6.3588977892331294e-17, -2.3811379524981006e-16, -2.0378898761008787e-17, -3.3983399427962103e-17, -5.0621809597143026e-17, 6.8969819762915642e-18, 1.0000000000000002e+00, 1.7811978404748893e-16, 1.5668781994874538e-16, 4.2334667493650458e-18},
    {1.8866779728814289e-16, -7.8418287403798783e-17, -1.5043645091428573e-16, 8.1056375304501213e-17, 2.8902225661036971e-17, -4.2797721039504329e-17, 1.7811978404748893e-16, 1.0000000000000002e+00, 1.7886150257966458e-17, -6.3786009725468289e-18},
    {-5.7842856997450599e-17, -4.8324762476869434e-17, 7.4594068754582113e-17, 8.3056841062710556e-17, 2.5877566533716485e-16, -4.9519150478059009e-17, 1.5668781994874538e-16, 1.7886150257966458e-17, 1.0000000000000002e+00, 9.8268183371120263e-17},
    {-1.0215463931836050e-16, 8.3865337413016015e-17, 1.8778975490599589e-16, -2.0069469196715138e-17, 4.6541335821460364e-16, 1.0007352060371573e-16, 4.2334667493650458e-18, -6.3786009725468289e-18, 9.8268183371120263e-17, 1.0000000000000002e+00}
}}};

static constexpr auto result = eigvals(mat);

int main() { return 0; }
