#include "../../consteig.hpp"

using namespace consteig;

static constexpr Matrix<double, 16, 16> mat
{{{
    {2.1338684856891632e-01, -2.1807838082313538e+00, 3.7282013893127441e-01, 1.7475873231887817e+00, -2.3361057639122009e+00, 8.1500077247619629e-01, 1.3117538839578629e+00, -4.9815973043441772e+00, 2.9491202831268311e+00, -4.5257747918367386e-01, -1.7446979880332947e+00, -5.7469987869262695e-01, 3.7088989615440369e+00, -1.2868329733610153e+00, 1.6690422594547272e-01, 2.9712282493710518e-01},
    {-2.1807838082313538e+00, -1.8772176504135132e+00, -1.7462157309055328e+00, 6.6315914690494537e-01, 1.3750863075256348e-01, -2.1281520724296570e+00, 8.6730875819921494e-01, -4.1044467687606812e+00, 9.3270140886306763e-01, -1.1663405299186707e+00, 5.3996202349662781e-01, 9.1180193424224854e-01, 6.6040706634521484e+00, -1.4263466000556946e-01, 1.0243905484676361e+00, -1.5597272515296936e+00},
    {3.7282013893127441e-01, -1.7462157309055328e+00, -5.3842830657958984e-01, -1.7771056294441223e+00, -2.2719833850860596e+00, 2.9852735996246338e-01, 1.1186755895614624e+00, 5.5994230508804321e-01, 8.1740724295377731e-01, 5.1491057872772217e-01, 7.6214239001274109e-01, 9.0411300584673882e-01, -1.4309943914413452e+00, 4.9047346413135529e-01, 8.1652612704783678e-01, 1.5764884650707245e+00},
    {1.7475873231887817e+00, 6.6315914690494537e-01, -1.7771056294441223e+00, -5.3298556804656982e-01, 2.0751507282257080e+00, -7.9040110111236572e-01, -2.1465345621109009e+00, -5.6131017208099365e-01, 7.2682967782020569e-01, 1.2328054904937744e+00, -3.2917002588510513e-01, -5.5490495264530182e-01, -5.1054579019546509e-01, 1.6469311118125916e+00, 1.4728609919548035e+00, 1.5420413613319397e+00},
    {-2.3361057639122009e+00, 1.3750863075256348e-01, -2.2719833850860596e+00, 2.0751507282257080e+00, 5.2891821861267090e+00, 1.3636310920119286e+00, -6.6395950317382812e-01, 2.7744820117950439e+00, 2.7977617084980011e-01, -2.7337098121643066e-01, 1.5866671800613403e+00, 3.4378997981548309e-01, -2.6414749622344971e+00, -2.7313166856765747e-01, 4.8905265331268311e-01, 9.4219028949737549e-02},
    {8.1500077247619629e-01, -2.1281520724296570e+00, 2.9852735996246338e-01, -7.9040110111236572e-01, 1.3636310920119286e+00, -2.7742774486541748e+00, 1.2404245641082525e+00, -2.0457565784454346e-01, -1.9476173520088196e+00, -1.3341874480247498e+00, -1.2328510284423828e+00, 4.7136735916137695e-01, -1.3571450114250183e-01, 7.3788166046142578e-01, 4.6941891312599182e-01, 1.3374893665313721e+00},
    {1.3117538839578629e+00, 8.6730875819921494e-01, 1.1186755895614624e+00, -2.1465345621109009e+00, -6.6395950317382812e-01, 1.2404245641082525e+00, -1.6701978445053101e+00, -2.5444352626800537e+00, 1.7035471796989441e+00, -3.3899838924407959e+00, 4.8700815439224243e-01, -8.8861650228500366e-01, 6.8981495499610901e-01, 5.8097955584526062e-01, -1.0971263200044632e+00, -7.0037913322448730e-01},
    {-4.9815973043441772e+00, -4.1044467687606812e+00, 5.5994230508804321e-01, -5.6131017208099365e-01, 2.7744820117950439e+00, -2.0457565784454346e-01, -2.5444352626800537e+00, -1.3852462768554688e+00, 1.0200897455215454e+00, 2.2339040935039520e+00, -7.4461449682712555e-01, -1.1422588825225830e+00, 7.7322566509246826e-01, -1.0952750444412231e+00, -1.6308062672615051e+00, -6.4096179604530334e-01},
    {2.9491202831268311e+00, 9.3270140886306763e-01, 8.1740724295377731e-01, 7.2682967782020569e-01, 2.7977617084980011e-01, -1.9476173520088196e+00, 1.7035471796989441e+00, 1.0200897455215454e+00, -3.1022112369537354e+00, 5.2349223196506500e-01, 2.4258072376251221e+00, 7.5701200962066650e-01, -3.8628327846527100e-01, 1.3154996633529663e+00, 1.7978218495845795e+00, 1.4239368289709091e+00},
    {-4.5257747918367386e-01, -1.1663405299186707e+00, 5.1491057872772217e-01, 1.2328054904937744e+00, -2.7337098121643066e-01, -1.3341874480247498e+00, -3.3899838924407959e+00, 2.2339040935039520e+00, 5.2349223196506500e-01, -1.1247014999389648e+00, -1.5661023259162903e+00, -2.9811690449714661e+00, -7.1711084246635437e-01, -1.5065889656543732e+00, 1.3154525756835938e+00, -1.3538457751274109e+00},
    {-1.7446979880332947e+00, 5.3996202349662781e-01, 7.6214239001274109e-01, -3.2917002588510513e-01, 1.5866671800613403e+00, -1.2328510284423828e+00, 4.8700815439224243e-01, -7.4461449682712555e-01, 2.4258072376251221e+00, -1.5661023259162903e+00, -1.0240719467401505e-01, 9.7017561644315720e-01, -1.9999355524778366e+00, 1.9550513625144958e+00, -3.4760728478431702e-01, 1.5020689666271210e+00},
    {-5.7469987869262695e-01, 9.1180193424224854e-01, 9.0411300584673882e-01, -5.5490495264530182e-01, 3.4378997981548309e-01, 4.7136735916137695e-01, -8.8861650228500366e-01, -1.1422588825225830e+00, 7.5701200962066650e-01, -2.9811690449714661e+00, 9.7017561644315720e-01, 1.9721827507019043e+00, 2.6839433610439301e-01, 1.8589646220207214e+00, -6.5892320871353149e-01, -1.6973378658294678e+00},
    {3.7088989615440369e+00, 6.6040706634521484e+00, -1.4309943914413452e+00, -5.1054579019546509e-01, -2.6414749622344971e+00, -1.3571450114250183e-01, 6.8981495499610901e-01, 7.7322566509246826e-01, -3.8628327846527100e-01, -7.1711084246635437e-01, -1.9999355524778366e+00, 2.6839433610439301e-01, 7.9398506879806519e-01, 2.3523867130279541e-01, -6.2656745314598083e-01, 2.7672503590583801e+00},
    {-1.2868329733610153e+00, -1.4263466000556946e-01, 4.9047346413135529e-01, 1.6469311118125916e+00, -2.7313166856765747e-01, 7.3788166046142578e-01, 5.8097955584526062e-01, -1.0952750444412231e+00, 1.3154996633529663e+00, -1.5065889656543732e+00, 1.9550513625144958e+00, 1.8589646220207214e+00, 2.3523867130279541e-01, 3.0344901084899902e+00, -2.3862667083740234e+00, -1.4523626491427422e+00},
    {1.6690422594547272e-01, 1.0243905484676361e+00, 8.1652612704783678e-01, 1.4728609919548035e+00, 4.8905265331268311e-01, 4.6941891312599182e-01, -1.0971263200044632e+00, -1.6308062672615051e+00, 1.7978218495845795e+00, 1.3154525756835938e+00, -3.4760728478431702e-01, -6.5892320871353149e-01, -6.2656745314598083e-01, -2.3862667083740234e+00, -1.1865655183792114e+00, 2.7900433540344238e-01},
    {2.9712282493710518e-01, -1.5597272515296936e+00, 1.5764884650707245e+00, 1.5420413613319397e+00, 9.4219028949737549e-02, 1.3374893665313721e+00, -7.0037913322448730e-01, -6.4096179604530334e-01, 1.4239368289709091e+00, -1.3538457751274109e+00, 1.5020689666271210e+00, -1.6973378658294678e+00, 2.7672503590583801e+00, -1.4523626491427422e+00, 2.7900433540344238e-01, -2.4743223190307617e+00}
}}};

static constexpr auto result = eigvals(mat);

int main() { return 0; }
