#include "../../consteig.hpp"

using namespace consteig;

static constexpr Matrix<double, 10, 10> mat
{{{
    {2.1051552295684814e+00, 8.3760160207748413e-01, -1.2115881592035294e-01, 3.3998706936836243e-01, 4.2569717764854431e-01, 5.2622294425964355e-01, -1.1007376909255981e+00, -4.7053593397140503e-01, 8.8067090511322021e-01, -4.4515046477317810e-01},
    {8.3760160207748413e-01, 2.1051552295684814e+00, 8.3760160207748413e-01, -1.2115881592035294e-01, 3.3998706936836243e-01, 4.2569717764854431e-01, 5.2622294425964355e-01, -1.1007376909255981e+00, -4.7053593397140503e-01, 8.8067090511322021e-01},
    {-1.2115881592035294e-01, 8.3760160207748413e-01, 2.1051552295684814e+00, 8.3760160207748413e-01, -1.2115881592035294e-01, 3.3998706936836243e-01, 4.2569717764854431e-01, 5.2622294425964355e-01, -1.1007376909255981e+00, -4.7053593397140503e-01},
    {3.3998706936836243e-01, -1.2115881592035294e-01, 8.3760160207748413e-01, 2.1051552295684814e+00, 8.3760160207748413e-01, -1.2115881592035294e-01, 3.3998706936836243e-01, 4.2569717764854431e-01, 5.2622294425964355e-01, -1.1007376909255981e+00},
    {4.2569717764854431e-01, 3.3998706936836243e-01, -1.2115881592035294e-01, 8.3760160207748413e-01, 2.1051552295684814e+00, 8.3760160207748413e-01, -1.2115881592035294e-01, 3.3998706936836243e-01, 4.2569717764854431e-01, 5.2622294425964355e-01},
    {5.2622294425964355e-01, 4.2569717764854431e-01, 3.3998706936836243e-01, -1.2115881592035294e-01, 8.3760160207748413e-01, 2.1051552295684814e+00, 8.3760160207748413e-01, -1.2115881592035294e-01, 3.3998706936836243e-01, 4.2569717764854431e-01},
    {-1.1007376909255981e+00, 5.2622294425964355e-01, 4.2569717764854431e-01, 3.3998706936836243e-01, -1.2115881592035294e-01, 8.3760160207748413e-01, 2.1051552295684814e+00, 8.3760160207748413e-01, -1.2115881592035294e-01, 3.3998706936836243e-01},
    {-4.7053593397140503e-01, -1.1007376909255981e+00, 5.2622294425964355e-01, 4.2569717764854431e-01, 3.3998706936836243e-01, -1.2115881592035294e-01, 8.3760160207748413e-01, 2.1051552295684814e+00, 8.3760160207748413e-01, -1.2115881592035294e-01},
    {8.8067090511322021e-01, -4.7053593397140503e-01, -1.1007376909255981e+00, 5.2622294425964355e-01, 4.2569717764854431e-01, 3.3998706936836243e-01, -1.2115881592035294e-01, 8.3760160207748413e-01, 2.1051552295684814e+00, 8.3760160207748413e-01},
    {-4.4515046477317810e-01, 8.8067090511322021e-01, -4.7053593397140503e-01, -1.1007376909255981e+00, 5.2622294425964355e-01, 4.2569717764854431e-01, 3.3998706936836243e-01, -1.2115881592035294e-01, 8.3760160207748413e-01, 2.1051552295684814e+00}
}}};

static constexpr auto result = eigvals(mat);

int main() { return 0; }
