#include "../../consteig.hpp"

using namespace consteig;

static constexpr Matrix<double, 14, 14> mat
{{{
    {1.0000047551600590e+00, 7.9975762536337025e-08, 1.7437626050552316e-08, 7.0214595345540955e-07, -4.4708597831553315e-07, 4.1201185278030193e-07, -3.4947448829241530e-07, -2.4188194033406497e-07, 6.9119218996052645e-07, 1.0604818051517851e-06, -3.6223116668901443e-07, -7.7049034127025399e-07, 2.0593687395734834e-07, -6.4082175998904609e-07},
    {7.9975762533937261e-08, 1.0000037245729065e+00, -3.5577668010163956e-07, 1.2680527692214058e-06, 5.6798424928282180e-08, -1.0100927132669704e-06, -1.0677290795069298e-06, 3.5385842232056583e-07, -7.8219490480865171e-07, -6.2387437823250577e-08, 2.9908597321207467e-07, -1.7300363456723838e-06, -8.8245745515812703e-07, 4.2481747204556561e-07},
    {1.7437626057594644e-08, -3.5577668009410081e-07, 1.0000042967714549e+00, 1.8666452619058401e-07, -5.6475824985897975e-07, 1.8137570242383035e-07, 3.0702704383878029e-07, -8.4413970441542956e-07, 9.7853356078702427e-07, -1.1767679473923871e-08, -7.8195513472369804e-07, 1.3539555992847291e-06, -7.7586475758500766e-07, 6.0227797128707203e-07},
    {7.0214595350453746e-07, 1.2680527692170753e-06, 1.8666452619032575e-07, 1.0000042971100727e+00, -2.8516180838582556e-07, 1.0684165692390664e-06, -9.5673886306014181e-07, 4.4460275153387441e-07, -1.9946099832382232e-06, -1.2291759440135155e-06, -7.0188162139749037e-07, 1.1536282475525470e-06, 1.3241338241045906e-07, -4.1624558776417843e-07},
    {-4.4708597825236191e-07, 5.6798424964418809e-08, -5.6475824985924466e-07, -2.8516180841227099e-07, 1.0000057949030374e+00, -1.2338315287082648e-06, 1.2201458061041100e-06, 4.2261867341132228e-07, -4.5402314033734987e-07, 7.9568619565854902e-07, -3.3724720379422251e-07, 1.6535519223680412e-07, 1.9595164538968998e-06, 1.0807048253146125e-06},
    {4.1201185277516579e-07, -1.0100927132459415e-06, 1.8137570241590099e-07, 1.0684165692415959e-06, -1.2338315287105522e-06, 1.0000055525493650e+00, -3.7631097879675806e-07, -4.1977723199296392e-08, -4.1619028442655133e-07, 1.5784074401224531e-06, 4.6986234026200917e-07, 2.1120297689935921e-07, 1.5490031775868445e-07, 2.8064208124381656e-07},
    {-3.4947448828997828e-07, -1.0677290794683327e-06, 3.0702704381697433e-07, -9.5673886302312986e-07, 1.2201458061589668e-06, -3.7631097879066382e-07, 1.0000067038330254e+00, 4.6068411100647832e-07, 4.3262077360264374e-07, 4.9950403291127199e-07, -1.1977559699973572e-06, 9.8616547209241858e-07, -7.6174172520780005e-07, 5.0441891000504872e-07},
    {-2.4188194031143288e-07, 3.5385842231466471e-07, -8.4413970441956774e-07, 4.4460275154537516e-07, 4.2261867341877532e-07, -4.1977723173711490e-08, 4.6068411099271033e-07, 1.0000070089740523e+00, -1.1590337583481211e-06, -4.6757277587970420e-08, -4.1723673294955114e-07, 2.0869369292078796e-06, -1.2312359529164913e-06, 9.0781125817905640e-07},
    {6.9119218995688368e-07, -7.8219490483721440e-07, 9.7853356084499733e-07, -1.9946099832439889e-06, -4.5402314035847699e-07, -4.1619028441088890e-07, 4.3262077358621860e-07, -1.1590337583634471e-06, 1.0000037463552363e+00, 3.0846728567506647e-07, 5.1728986812116710e-07, 1.2784518074518964e-06, -3.2106175800747646e-07, -4.1347658686860314e-07},
    {1.0604818052092178e-06, -6.2387437847608571e-08, -1.1767679416027796e-08, -1.2291759440117712e-06, 7.9568619565590998e-07, 1.5784074401080732e-06, 4.9950403287634194e-07, -4.6757277616765034e-08, 3.0846728569662478e-07, 1.0000055753958719e+00, 5.4600318294855222e-07, -9.9073692514720470e-07, 8.4821562015491873e-07, -9.3255892482592260e-07},
    {-3.6223116670472218e-07, 2.9908597324442789e-07, -7.8195513472289812e-07, -7.0188162136557215e-07, -3.3724720382802833e-07, 4.6986234025148744e-07, -1.1977559699960144e-06, -4.1723673295506591e-07, 5.1728986813197598e-07, 5.4600318295116246e-07, 1.0000043480900562e+00, -4.4471101582189988e-07, 1.0852449741173169e-06, 1.0209312440681602e-06},
    {-7.7049034127438815e-07, -1.7300363456724567e-06, 1.3539555993147960e-06, 1.1536282475595321e-06, 1.6535519222845098e-07, 2.1120297692781200e-07, 9.8616547210733653e-07, 2.0869369292381123e-06, 1.2784518074512442e-06, -9.9073692514761318e-07, -4.4471101580306828e-07, 1.0000047762839697e+00, 6.4822826089803906e-07, -2.7542773893548455e-07},
    {2.0593687396743131e-07, -8.8245745518844922e-07, -7.7586475755198915e-07, 1.3241338242232008e-07, 1.9595164538863309e-06, 1.5490031774917410e-07, -7.6174172523109251e-07, -1.2312359529047927e-06, -3.2106175803388832e-07, 8.4821562017756839e-07, 1.0852449741226541e-06, 6.4822826089476380e-07, 1.0000052601265259e+00, 1.7868225122079869e-07},
    {-6.4082175995152115e-07, 4.2481747206330518e-07, 6.0227797128399889e-07, -4.1624558781112639e-07, 1.0807048252949220e-06, 2.8064208128276843e-07, 5.0441891003602958e-07, 9.0781125815927670e-07, -4.1347658685806335e-07, -9.3255892479056629e-07, 1.0209312440660903e-06, -2.7542773893704431e-07, 1.7868225125718567e-07, 1.0000041598743692e+00}
}}};

static constexpr auto result = eigvals(mat);

int main() { return 0; }
