#include "../../consteig.hpp"

using namespace consteig;

static constexpr Matrix<double, 10, 10> mat
{{{
    {2.0155477523803711e+00, 1.3521001935005188e+00, 1.1385217308998108e+00, 8.2736352086067200e-01, 1.8874455094337463e+00, 1.5805520322173834e+00, 7.5875613093376160e-01, 1.0048747062683105e-01, -3.1425611376762390e+00, 1.4619152843952179e+00},
    {1.3521001935005188e+00, -3.2319033145904541e+00, -1.4766685962677002e+00, 1.4427051544189453e+00, -8.5470408201217651e-01, -1.3007096648216248e+00, 1.1825003847479820e-01, -2.5955963134765625e+00, 8.4702265262603760e-01, -2.4038779735565186e-01},
    {1.1385217308998108e+00, -1.4766685962677002e+00, -3.7115092277526855e+00, -6.1035901308059692e-01, -7.5472125411033630e-01, -1.6076904535293579e-01, 1.1340408921241760e+00, 6.3349390029907227e-01, 9.8676335811614990e-01, -3.9686694145202637e+00},
    {8.2736352086067200e-01, 1.4427051544189453e+00, -6.1035901308059692e-01, 3.4716406464576721e-01, 2.8111547231674194e-01, -2.1186739206314087e-02, -1.1969502829015255e-01, -5.1421344280242920e-02, 2.2263033986091614e+00, -1.2347944974899292e+00},
    {1.8874455094337463e+00, -8.5470408201217651e-01, -7.5472125411033630e-01, 2.8111547231674194e-01, -1.5705555677413940e+00, -7.8686280548572540e-01, 1.4999510645866394e+00, 2.5672552129253745e-01, 7.5482621788978577e-01, -1.4587111473083496e+00},
    {1.5805520322173834e+00, -1.3007096648216248e+00, -1.6076904535293579e-01, -2.1186739206314087e-02, -7.8686280548572540e-01, 4.4567766189575195e+00, -1.3746652603149414e+00, 8.6187281459569931e-01, 1.0813477635383606e-01, 2.4781507849693298e+00},
    {7.5875613093376160e-01, 1.1825003847479820e-01, 1.1340408921241760e+00, -1.1969502829015255e-01, 1.4999510645866394e+00, -1.3746652603149414e+00, 1.8100434541702271e+00, 1.2015835642814636e+00, 5.3843286633491516e-01, -2.8233110904693604e-01},
    {1.0048747062683105e-01, -2.5955963134765625e+00, 6.3349390029907227e-01, -5.1421344280242920e-02, 2.5672552129253745e-01, 8.6187281459569931e-01, 1.2015835642814636e+00, -2.0637650489807129e+00, 6.2747600674629211e-01, 1.6057930253446102e+00},
    {-3.1425611376762390e+00, 8.4702265262603760e-01, 9.8676335811614990e-01, 2.2263033986091614e+00, 7.5482621788978577e-01, 1.0813477635383606e-01, 5.3843286633491516e-01, 6.2747600674629211e-01, -6.6059887409210205e-01, 6.2730444036424160e-01},
    {1.4619152843952179e+00, -2.4038779735565186e-01, -3.9686694145202637e+00, -1.2347944974899292e+00, -1.4587111473083496e+00, 2.4781507849693298e+00, -2.8233110904693604e-01, 1.6057930253446102e+00, 6.2730444036424160e-01, 3.6047592759132385e-01}
}}};

static constexpr auto result = eigvals(mat);

int main() { return 0; }
