#include "../../consteig.hpp"

using namespace consteig;

static constexpr Matrix<double, 10, 10> mat
{{{
    {-1.7740105390548706e+00, -7.3196703195571899e-01, -3.4558856487274170e-01, 6.9659894704818726e-01, 8.2180613279342651e-01, 4.9590343236923218e-01, 1.5954387784004211e+00, 1.0013395678251982e+00, 1.1468403860926628e+00, 1.1616691350936890e+00},
    {-1.3539167642593384e+00, -1.5670709311962128e-01, 7.6094472408294678e-01, 2.2785334289073944e-01, 8.1095987558364868e-01, 1.5954387784004211e+00, -1.3274732828140259e+00, 7.8133953735232353e-02, -7.1744599938392639e-01, -6.3403707742691040e-01},
    {6.5645927190780640e-01, -5.9755069017410278e-01, 1.5843138694763184e+00, -1.0698838233947754e+00, 4.0126857161521912e-01, 1.0013395678251982e+00, 7.8133953735232353e-02, -1.0070647001266479e+00, -2.5667392015457153e+00, -3.6813460588455200e+00},
    {-1.3521246910095215e+00, -5.7034713029861450e-01, 5.4501330852508545e-01, -2.6045176982879639e+00, -1.3161485195159912e+00, 1.1468403860926628e+00, -7.1744599938392639e-01, -2.5667392015457153e+00, -1.7961875200271606e+00, -1.2628246098756790e+00},
    {6.1028826981782913e-02, 9.2373359203338623e-01, -1.0408735275268555e+00, -1.3173899054527283e-01, -7.1405869722366333e-01, 1.1616691350936890e+00, -6.3403707742691040e-01, -3.6813460588455200e+00, -1.2628246098756790e+00, 1.4139485359191895e+00},
    {-2.5300004482269287e+00, 9.2170871794223785e-01, 9.3630552291870117e-03, 1.1995409615337849e-01, 8.0349069833755493e-01, 1.7740105390548706e+00, 1.3539167642593384e+00, -6.5645927190780640e-01, 1.3521246910095215e+00, -6.1028826981782913e-02},
    {9.2170871794223785e-01, -2.1642317771911621e+00, -5.9326174855232239e-01, -8.9946734905242920e-01, 1.6780294775962830e+00, 7.3196703195571899e-01, 1.5670709311962128e-01, 5.9755069017410278e-01, 5.7034713029861450e-01, -9.2373359203338623e-01},
    {9.3630552291870117e-03, -5.9326174855232239e-01, -4.7269156575202942e-01, 6.5925742685794830e-01, 4.8151016235351562e-02, 3.4558856487274170e-01, -7.6094472408294678e-01, -1.5843138694763184e+00, -5.4501330852508545e-01, 1.0408735275268555e+00},
    {1.1995409615337849e-01, -8.9946734905242920e-01, 6.5925742685794830e-01, -2.0303776264190674e+00, 2.1186082363128662e+00, -6.9659894704818726e-01, -2.2785334289073944e-01, 1.0698838233947754e+00, 2.6045176982879639e+00, 1.3173899054527283e-01},
    {8.0349069833755493e-01, 1.6780294775962830e+00, 4.8151016235351562e-02, 2.1186082363128662e+00, -1.0290077924728394e+00, -8.2180613279342651e-01, -8.1095987558364868e-01, -4.0126857161521912e-01, 1.3161485195159912e+00, 7.1405869722366333e-01}
}}};

static constexpr auto result = eigvals(mat);

int main() { return 0; }
