#include "../../consteig.hpp"

using namespace consteig;

static constexpr Matrix<double, 16, 16> mat
{{{
    {8.0340784788131714e-01, -2.6090165711939335e+00, 5.1872061192989349e-01, 1.1583772897720337e+00, -4.4751851912587881e-01, 1.6143119335174561e-01, -1.4914536969736218e+00, 3.7496055364608765e+00, -2.9357146024703979e+00, 4.4553989171981812e-01, -8.2014882564544678e-01, -3.0911428853869438e-01, -1.1418642699718475e+00, 2.9549005627632141e+00, 1.5676399469375610e+00, 3.1042229533195496e+00},
    {-2.6090165711939335e+00, -2.8646917343139648e+00, 1.5049565434455872e+00, 1.1177933216094971e-01, -2.3143676519393921e+00, 1.6469101607799530e-01, -8.3560407161712646e-02, 5.0075204856693745e-01, -6.1534574627876282e-01, -4.9915039539337158e-01, 3.3797936439514160e+00, 1.5656495094299316e-01, 1.7368233799934387e+00, -1.2660712003707886e-01, 7.1951574087142944e-01, 3.4818486869335175e-01},
    {5.1872061192989349e-01, 1.5049565434455872e+00, 1.1456835269927979e+00, -1.5519678592681885e-01, -4.1111761331558228e-01, -1.0847204923629761e-01, -2.6526044607162476e+00, 6.0716636478900909e-01, -2.6739984750747681e-01, -1.0628840029239655e+00, -2.5795555114746094e-01, -1.0265272259712219e+00, -1.1125298142433167e+00, -1.1654101908206940e+00, 2.2106932997703552e+00, 1.2052357196807861e-02},
    {1.1583772897720337e+00, 1.1177933216094971e-01, -1.5519678592681885e-01, -9.1035175323486328e-01, 3.4023548662662506e-01, 5.6070886552333832e-01, 5.5452877283096313e-01, -1.6729223132133484e+00, -4.2723834514617920e-02, -1.7865478992462158e-02, -4.9778655171394348e-01, -1.9067291021347046e+00, 1.4338331222534180e+00, 7.3594748973846436e-02, -7.7125006914138794e-01, 1.6723646521568298e+00},
    {-4.4751851912587881e-01, -2.3143676519393921e+00, -4.1111761331558228e-01, 3.4023548662662506e-01, -1.1925004720687866e+00, -1.5558129549026489e+00, 2.7804220914840698e+00, -1.0845914483070374e-01, 2.6601038575172424e+00, -8.4471940994262695e-01, -8.7971428036689758e-01, -1.3006646037101746e+00, 1.7385563105344772e+00, -3.1883726716041565e+00, -7.2377572581171989e-01, 1.2173165231943130e+00},
    {1.6143119335174561e-01, 1.6469101607799530e-01, -1.0847204923629761e-01, 5.6070886552333832e-01, -1.5558129549026489e+00, 1.8352255225181580e-01, 1.1286699771881104e-01, 9.7144246101379395e-02, 8.7567710876464844e-01, -3.7315726280212402e+00, -4.9673937261104584e-01, 2.2102662920951843e+00, 6.5302455425262451e-01, 3.6454594135284424e-01, -1.2943307161331177e+00, -9.5310467481613159e-01},
    {-1.4914536969736218e+00, -8.3560407161712646e-02, -2.6526044607162476e+00, 5.5452877283096313e-01, 2.7804220914840698e+00, 1.1286699771881104e-01, 2.5278930664062500e+00, 1.9821634292602539e+00, 7.7330410480499268e-01, -3.1155784130096436e+00, -1.2579199969768524e+00, -1.1299204826354980e-01, 2.2744263336062431e-01, 1.5762569904327393e+00, -1.0905313491821289e-01, 5.6281619891524315e-01},
    {3.7496055364608765e+00, 5.0075204856693745e-01, 6.0716636478900909e-01, -1.6729223132133484e+00, -1.0845914483070374e-01, 9.7144246101379395e-02, 1.9821634292602539e+00, 1.3593916594982147e-01, 7.0199671387672424e-01, 3.4643059968948364e-01, 9.7476077079772949e-01, -5.6482088565826416e-01, -4.2545765638351440e-01, -1.8291059732437134e+00, 1.6609445959329605e+00, -1.6808027625083923e+00},
    {-2.9357146024703979e+00, -6.1534574627876282e-01, -2.6739984750747681e-01, -4.2723834514617920e-02, 2.6601038575172424e+00, 8.7567710876464844e-01, 7.7330410480499268e-01, 7.0199671387672424e-01, 2.7017395496368408e+00, -1.8072217702865601e-01, 2.4510860443115234e-02, -6.7183340340852737e-01, -1.0911258459091187e+00, -2.1277009844779968e+00, -3.2837985754013062e+00, 8.7888574600219727e-01},
    {4.4553989171981812e-01, -4.9915039539337158e-01, -1.0628840029239655e+00, -1.7865478992462158e-02, -8.4471940994262695e-01, -3.7315726280212402e+00, -3.1155784130096436e+00, 3.4643059968948364e-01, -1.8072217702865601e-01, 2.8388071060180664e+00, -6.8985211849212646e-01, -3.5060746967792511e-01, -1.4288362562656403e+00, -1.8200640678405762e+00, -5.9147982671856880e-01, -4.1572048664093018e+00},
    {-8.2014882564544678e-01, 3.3797936439514160e+00, -2.5795555114746094e-01, -4.9778655171394348e-01, -8.7971428036689758e-01, -4.9673937261104584e-01, -1.2579199969768524e+00, 9.7476077079772949e-01, 2.4510860443115234e-02, -6.8985211849212646e-01, -1.0118429660797119e+00, -1.2495917081832886e-01, -2.5320433378219604e+00, 2.5369417667388916e-01, -7.8381648659706116e-01, -1.3669386506080627e+00},
    {-3.0911428853869438e-01, 1.5656495094299316e-01, -1.0265272259712219e+00, -1.9067291021347046e+00, -1.3006646037101746e+00, 2.2102662920951843e+00, -1.1299204826354980e-01, -5.6482088565826416e-01, -6.7183340340852737e-01, -3.5060746967792511e-01, -1.2495917081832886e-01, -2.3148179054260254e-01, 1.7616969197988510e+00, 3.7135896086692810e-01, -1.7445589303970337e+00, 1.9203534722328186e+00},
    {-1.1418642699718475e+00, 1.7368233799934387e+00, -1.1125298142433167e+00, 1.4338331222534180e+00, 1.7385563105344772e+00, 6.5302455425262451e-01, 2.2744263336062431e-01, -4.2545765638351440e-01, -1.0911258459091187e+00, -1.4288362562656403e+00, -2.5320433378219604e+00, 1.7616969197988510e+00, -1.1015604734420776e+00, -1.5777310468256474e+00, 1.4301655888557434e+00, 2.3916522562503815e+00},
    {2.9549005627632141e+00, -1.2660712003707886e-01, -1.1654101908206940e+00, 7.3594748973846436e-02, -3.1883726716041565e+00, 3.6454594135284424e-01, 1.5762569904327393e+00, -1.8291059732437134e+00, -2.1277009844779968e+00, -1.8200640678405762e+00, 2.5369417667388916e-01, 3.7135896086692810e-01, -1.5777310468256474e+00, 1.2573193311691284e+00, -2.2823356389999390e+00, 3.9682235196232796e-01},
    {1.5676399469375610e+00, 7.1951574087142944e-01, 2.2106932997703552e+00, -7.7125006914138794e-01, -7.2377572581171989e-01, -1.2943307161331177e+00, -1.0905313491821289e-01, 1.6609445959329605e+00, -3.2837985754013062e+00, -5.9147982671856880e-01, -7.8381648659706116e-01, -1.7445589303970337e+00, 1.4301655888557434e+00, -2.2823356389999390e+00, -6.1179465055465698e-01, -3.4622067213058472e-01},
    {3.1042229533195496e+00, 3.4818486869335175e-01, 1.2052357196807861e-02, 1.6723646521568298e+00, 1.2173165231943130e+00, -9.5310467481613159e-01, 5.6281619891524315e-01, -1.6808027625083923e+00, 8.7888574600219727e-01, -4.1572048664093018e+00, -1.3669386506080627e+00, 1.9203534722328186e+00, 2.3916522562503815e+00, 3.9682235196232796e-01, -3.4622067213058472e-01, 5.2361887693405151e-01}
}}};

static constexpr auto result = eigvals(mat);

int main() { return 0; }
