#include "../../consteig.hpp"

using namespace consteig;

static constexpr Matrix<double, 14, 14> mat
{{{
    {1.0000052510977535e+00, -2.9902917259646208e-07, -1.0442528358547708e-06, 7.5985513490655555e-07, 1.4079986890949248e-06, -3.8280324206361737e-08, -2.0548045915969719e-06, 1.2889775479996546e-06, -7.0704533845522335e-07, -6.3500477304412587e-07, -6.9493493350769460e-07, -2.3750580698389343e-07, 1.3205595682379959e-06, -6.1916318566273669e-07},
    {-2.9902917261439224e-07, 1.0000056693871033e+00, 3.5271100083993588e-07, 1.8737389497884597e-06, -2.8108612711779006e-07, -6.7520660878828417e-07, 7.6591518399036242e-07, -2.5290985065082850e-07, 1.1277529280647158e-06, 2.1763249986983230e-07, 3.5772492342732449e-07, -1.9557727697981640e-06, -1.3951300954756542e-07, -1.1379191090243496e-06},
    {-1.0442528358368974e-06, 3.5271100084678092e-07, 1.0000063713509644e+00, 1.1749973558122697e-06, -3.9178581083643591e-07, 1.1252998420270687e-06, 2.3798626398699773e-07, -9.6707496721709090e-07, 4.0245646524840152e-07, 4.0393614076415303e-07, 1.0171876276746290e-06, -1.1512448320401827e-06, -3.7898948394933987e-07, 2.6410012752897062e-07},
    {7.5985513487636698e-07, 1.8737389498142031e-06, 1.1749973558244335e-06, 1.0000058967834042e+00, 4.1532959946137655e-07, -7.7283014246431551e-07, 1.7958730769460342e-08, -1.8457997065575234e-07, 2.5962382396762343e-07, -1.0726641344255889e-08, -3.7128991969952180e-07, -1.1385978106218883e-07, -5.2750074550539638e-07, -1.2426612123977284e-06},
    {1.4079986891546351e-06, -2.8108612711796651e-07, -3.9178581087312144e-07, 4.1532959947771459e-07, 1.0000031048401290e+00, -3.5962486887482449e-07, -1.7565485746176391e-07, 1.1745678680868396e-07, -8.4518337977374112e-07, -7.6812609145108231e-07, -1.0499106644777459e-06, -7.1305450109578197e-07, 8.7157167465700833e-08, 5.9198891276929238e-08},
    {-3.8280324180908827e-08, -6.7520660882476292e-07, 1.1252998419696143e-06, -7.7283014245612227e-07, -3.5962486884163239e-07, 1.0000071599046614e+00, 4.7358852641133735e-07, 1.3469093725814605e-06, -5.7769394248381435e-07, 7.6512450206046083e-07, -6.4147405126928203e-08, 1.0466481367021575e-06, 3.8813953311402560e-07, -1.2959848232474584e-07},
    {-2.0548045915872882e-06, 7.6591518398097582e-07, 2.3798626395463469e-07, 1.7958730770247434e-08, -1.7565485746169932e-07, 4.7358852639923288e-07, 1.0000037447069698e+00, 6.7110635777344643e-07, -2.1486559674934618e-07, -2.7309275293614303e-07, -7.1045178777582832e-07, 3.6827234829231171e-08, 1.0119390422749534e-06, -8.4998336048367202e-07},
    {1.2889775479899046e-06, -2.5290985065498701e-07, -9.6707496724457924e-07, -1.8457997061960174e-07, 1.1745678681427089e-07, 1.3469093726076948e-06, 6.7110635774207847e-07, 1.0000051217740549e+00, 1.1018836372051446e-06, 2.4155254381743778e-07, 1.5828086302532041e-06, -8.2241313404966732e-07, 6.2511961559729741e-07, 4.7101717520685907e-07},
    {-7.0704533845078130e-07, 1.1277529280453492e-06, 4.0245646523096652e-07, 2.5962382399941062e-07, -8.4518337978411452e-07, -5.7769394245553521e-07, -2.1486559674903037e-07, 1.1018836372224885e-06, 1.0000033535379464e+00, -1.5023610707082086e-07, -5.0584905460443906e-08, 2.4986013893704885e-07, 5.6359627133918197e-07, 1.1014568776495524e-06},
    {-6.3500477303326839e-07, 2.1763249988279426e-07, 4.0393614077152830e-07, -1.0726641339552134e-08, -7.6812609137491255e-07, 7.6512450208249713e-07, -2.7309275293224928e-07, 2.4155254379857324e-07, -1.5023610706735734e-07, 1.0000037317530426e+00, -4.2907859944060322e-07, -7.2927642383724958e-07, -1.6351165314326602e-06, -3.1477100735849712e-07},
    {-6.9493493349225329e-07, 3.5772492343464322e-07, 1.0171876276607447e-06, -3.7128991971272376e-07, -1.0499106644391195e-06, -6.4147405116912449e-08, -7.1045178777288287e-07, 1.5828086302006063e-06, -5.0584905425724330e-08, -4.2907859941194894e-07, 1.0000061110643985e+00, -3.1697885836406218e-07, 1.0644339262871736e-06, 1.8160577503628300e-07},
    {-2.3750580695093773e-07, -1.9557727697951227e-06, -1.1512448320538557e-06, -1.1385978106969375e-07, -7.1305450109568795e-07, 1.0466481366986884e-06, 3.6827234870310840e-08, -8.2241313402651780e-07, 2.4986013889220168e-07, -7.2927642381569598e-07, -3.1697885835376973e-07, 1.0000042093758845e+00, 6.6991646416052761e-07, -1.1471670419330764e-06},
    {1.3205595682355562e-06, -1.3951300952732790e-07, -3.7898948392294204e-07, -5.2750074549714278e-07, 8.7157167460767740e-08, 3.8813953311362156e-07, 1.0119390422835622e-06, 6.2511961559841571e-07, 5.6359627132492006e-07, -1.6351165314271307e-06, 1.0644339262702613e-06, 6.6991646416428992e-07, 1.0000055209292673e+00, -1.9790766483325884e-07},
    {-6.1916318567405707e-07, -1.1379191090412985e-06, 2.6410012751447921e-07, -1.2426612123807005e-06, 5.9198891262484910e-08, -1.2959848232483578e-07, -8.4998336043445633e-07, 4.7101717520041283e-07, 1.1014568776667302e-06, -3.1477100739798320e-07, 1.8160577499110949e-07, -1.1471670419231183e-06, -1.9790766481237741e-07, 1.0000047534944227e+00}
}}};

static constexpr auto result = eigvals(mat);

int main() { return 0; }
