#include "../../consteig.hpp"

using namespace consteig;

static constexpr Matrix<double, 20, 20> mat
{{{
    {7.5874382257461548e-01, -1.9239426851272583e+00, 7.4319690465927124e-01, -3.8644269108772278e-01, -1.1313526630401611e+00, 1.5577666759490967e+00, 3.1544613838195801e-01, 2.2099219262599945e-01, 4.9257668852806091e-01, 6.8372672796249390e-01, 1.0017882287502289e-01, 2.4438101053237915e-01, 1.5626771450042725e+00, -1.0053963959217072e+00, -1.8708074092864990e-01, -4.9918280541896820e-01, 5.8596956729888916e-01, 5.8311909437179565e-02, -5.6335787475109100e-01, 2.5212196111679077e+00},
    {-6.5171873569488525e-01, -3.8789981603622437e-01, -8.9590364694595337e-01, -3.7916761636734009e-01, -2.5079014897346497e-01, -6.4779573678970337e-01, 2.5402262806892395e-01, -4.5223221182823181e-01, 1.1723027229309082e+00, 1.6404258012771606e+00, 2.4438101053237915e-01, -9.7721564769744873e-01, 7.6612770557403564e-02, 3.4305953979492188e-01, -3.2842439413070679e-01, 8.6783243715763092e-01, -4.0881226956844330e-01, -2.6182459592819214e+00, -8.9621968567371368e-02, -1.3188622593879700e+00},
    {7.7259905636310577e-02, 7.1171307563781738e-01, 2.1123945713043213e-01, -5.3367561101913452e-01, -1.2422213554382324e+00, 3.9829140901565552e-01, 1.6059990227222443e-01, -5.2658814191818237e-01, 5.7991760969161987e-01, 8.2583653926849365e-01, 1.5626771450042725e+00, 7.6612770557403564e-02, 1.4139500856399536e+00, 3.6937389895319939e-01, 1.4341771602630615e-02, 1.4362956881523132e+00, -4.4955883920192719e-01, 1.6282396614551544e+00, -2.2166137695312500e+00, -7.3555025458335876e-01},
    {1.5018373727798462e-01, 1.4472154378890991e+00, -9.7566837072372437e-01, 1.8056045472621918e-01, -2.5174534320831299e-01, -1.4050340652465820e+00, 5.6879353523254395e-01, -1.4135202765464783e-01, -1.4016176462173462e+00, 9.6548473834991455e-01, -1.0053963959217072e+00, 3.4305953979492188e-01, 3.6937389895319939e-01, -6.1976671218872070e-01, 3.3335594553500414e-01, 1.0603867433965206e+00, -5.6325525045394897e-01, 1.3122063875198364e-01, -4.6668201684951782e-01, 9.0574063174426556e-01},
    {-3.3911284059286118e-02, 1.3048077821731567e+00, -8.2837671041488647e-01, 9.0029317140579224e-01, 4.4123512506484985e-01, -3.9086920022964478e-01, -1.6488167047500610e+00, 2.5624223053455353e-02, 1.8351747095584869e-01, 3.6010146141052246e-01, -1.8708074092864990e-01, -3.2842439413070679e-01, 1.4341771602630615e-02, 3.3335594553500414e-01, -2.3276810646057129e+00, -5.1411187648773193e-01, 7.9673528671264648e-01, 7.2683149576187134e-01, -3.5370122194290161e+00, -1.9400362968444824e+00},
    {1.7174383401870728e+00, -5.0623167306184769e-02, -1.5896959304809570e+00, 9.0219575166702271e-01, -1.3584551215171814e-01, 8.2093679904937744e-01, 1.2251513451337814e-01, -1.1475648880004883e+00, -1.5614322423934937e+00, 6.0658659785985947e-02, -4.9918280541896820e-01, 8.6783243715763092e-01, 1.4362956881523132e+00, 1.0603867433965206e+00, -5.1411187648773193e-01, 1.8399192094802856e+00, -8.8489803671836853e-01, 1.7949278950691223e+00, 5.9791436791419983e-01, -5.0465489923954010e-01},
    {-1.7026363611221313e+00, -3.6655744910240173e-01, 1.1961871385574341e-01, 5.2662360668182373e-01, 1.1776266098022461e+00, 2.5232536792755127e+00, 2.5867405533790588e-01, 2.2305088043212891e+00, -7.7180141210556030e-01, 4.9263265728950500e-01, 5.8596956729888916e-01, -4.0881226956844330e-01, -4.4955883920192719e-01, -5.6325525045394897e-01, 7.9673528671264648e-01, -8.8489803671836853e-01, 2.3516410589218140e-01, -1.0188645720481873e+00, -4.1155663132667542e-01, -1.9208665788173676e+00},
    {7.8454428911209106e-01, 1.0515975207090378e-01, 7.1836602687835693e-01, -1.7031538486480713e-01, 3.6787772178649902e-01, 1.8492861986160278e+00, -5.1155722141265869e-01, 6.3451550900936127e-02, -1.0093533992767334e+00, -1.8210602998733521e+00, 5.8311909437179565e-02, -2.6182459592819214e+00, 1.6282396614551544e+00, 1.3122063875198364e-01, 7.2683149576187134e-01, 1.7949278950691223e+00, -1.0188645720481873e+00, -9.9957007169723511e-01, 1.1292364895343781e+00, -1.6769742965698242e-01},
    {-1.9303553104400635e+00, 1.5370861291885376e+00, 3.9035049080848694e-01, 2.2032091021537781e-01, -1.6536040231585503e-02, 7.7296060323715210e-01, 9.8183983564376831e-01, -5.9615695476531982e-01, 6.6043436527252197e-01, 8.5276299715042114e-01, -5.6335787475109100e-01, -8.9621968567371368e-02, -2.2166137695312500e+00, -4.6668201684951782e-01, -3.5370122194290161e+00, 5.9791436791419983e-01, -4.1155663132667542e-01, 1.1292364895343781e+00, 5.2692818641662598e-01, -8.4816095232963562e-01},
    {1.3531470298767090e+00, -8.7054967880249023e-01, 1.2040992975234985e+00, 1.9937409460544586e-01, -2.4439829587936401e-01, -8.2116234302520752e-01, -4.5585621148347855e-02, 2.2055176086723804e-03, -5.2806776762008667e-01, -8.5547655820846558e-01, 2.5212196111679077e+00, -1.3188622593879700e+00, -7.3555025458335876e-01, 9.0574063174426556e-01, -1.9400362968444824e+00, -5.0465489923954010e-01, -1.9208665788173676e+00, -1.6769742965698242e-01, -8.4816095232963562e-01, 1.2719933986663818e+00},
    {-8.3422356843948364e-01, -1.9684468209743500e+00, 1.1219302862882614e+00, -2.1316616535186768e+00, 2.6458595991134644e+00, 5.1491579180583358e-01, -1.0941730737686157e+00, 6.1734366416931152e-01, 1.2034555673599243e+00, 6.3274216651916504e-01, -7.5874382257461548e-01, 6.5171873569488525e-01, -7.7259905636310577e-02, -1.5018373727798462e-01, 3.3911284059286118e-02, -1.7174383401870728e+00, 1.7026363611221313e+00, -7.8454428911209106e-01, 1.9303553104400635e+00, -1.3531470298767090e+00},
    {-1.9684468209743500e+00, 1.0546444654464722e+00, 3.1509405374526978e+00, -1.6389356851577759e+00, -3.1180036067962646e-01, 2.8983044624328613e-01, -1.8435149192810059e+00, 1.5479007363319397e+00, -1.4225023388862610e+00, 5.2956286072731018e-01, 1.9239426851272583e+00, 3.8789981603622437e-01, -7.1171307563781738e-01, -1.4472154378890991e+00, -1.3048077821731567e+00, 5.0623167306184769e-02, 3.6655744910240173e-01, -1.0515975207090378e-01, -1.5370861291885376e+00, 8.7054967880249023e-01},
    {1.1219302862882614e+00, 3.1509405374526978e+00, 1.1009081602096558e+00, -2.4238651990890503e+00, 1.7792996391654015e+00, 1.0916255116462708e+00, 4.8506931960582733e-01, -9.4599938392639160e-01, -1.0204402208328247e+00, -2.4711729884147644e+00, -7.4319690465927124e-01, 8.9590364694595337e-01, -2.1123945713043213e-01, 9.7566837072372437e-01, 8.2837671041488647e-01, 1.5896959304809570e+00, -1.1961871385574341e-01, -7.1836602687835693e-01, -3.9035049080848694e-01, -1.2040992975234985e+00},
    {-2.1316616535186768e+00, -1.6389356851577759e+00, -2.4238651990890503e+00, -3.3194628357887268e-01, 7.8560632467269897e-01, -8.9386272430419922e-01, -8.5617852210998535e-01, 3.2580363750457764e-01, 9.1232874989509583e-01, -4.0655025839805603e-01, 3.8644269108772278e-01, 3.7916761636734009e-01, 5.3367561101913452e-01, -1.8056045472621918e-01, -9.0029317140579224e-01, -9.0219575166702271e-01, -5.2662360668182373e-01, 1.7031538486480713e-01, -2.2032091021537781e-01, -1.9937409460544586e-01},
    {2.6458595991134644e+00, -3.1180036067962646e-01, 1.7792996391654015e+00, 7.8560632467269897e-01, -2.2289402484893799e+00, 1.1424022018909454e+00, -1.7302717268466949e+00, 8.6449409276247025e-01, -6.1963257193565369e-01, 1.0154620409011841e+00, 1.1313526630401611e+00, 2.5079014897346497e-01, 1.2422213554382324e+00, 2.5174534320831299e-01, -4.4123512506484985e-01, 1.3584551215171814e-01, -1.1776266098022461e+00, -3.6787772178649902e-01, 1.6536040231585503e-02, 2.4439829587936401e-01},
    {5.1491579180583358e-01, 2.8983044624328613e-01, 1.0916255116462708e+00, -8.9386272430419922e-01, 1.1424022018909454e+00, 2.7334661483764648e+00, 1.5171819925308228e+00, 2.3913468122482300e+00, 3.1447975337505341e-01, -8.7106208503246307e-01, -1.5577666759490967e+00, 6.4779573678970337e-01, -3.9829140901565552e-01, 1.4050340652465820e+00, 3.9086920022964478e-01, -8.2093679904937744e-01, -2.5232536792755127e+00, -1.8492861986160278e+00, -7.7296060323715210e-01, 8.2116234302520752e-01},
    {-1.0941730737686157e+00, -1.8435149192810059e+00, 4.8506931960582733e-01, -8.5617852210998535e-01, -1.7302717268466949e+00, 1.5171819925308228e+00, -4.2324438691139221e-02, 1.5722150206565857e+00, 1.5494534596800804e+00, 9.2935408651828766e-01, -3.1544613838195801e-01, -2.5402262806892395e-01, -1.6059990227222443e-01, -5.6879353523254395e-01, 1.6488167047500610e+00, -1.2251513451337814e-01, -2.5867405533790588e-01, 5.1155722141265869e-01, -9.8183983564376831e-01, 4.5585621148347855e-02},
    {6.1734366416931152e-01, 1.5479007363319397e+00, -9.4599938392639160e-01, 3.2580363750457764e-01, 8.6449409276247025e-01, 2.3913468122482300e+00, 1.5722150206565857e+00, 8.1721556186676025e-01, 1.4390056207776070e+00, -1.7027346491813660e+00, -2.2099219262599945e-01, 4.5223221182823181e-01, 5.2658814191818237e-01, 1.4135202765464783e-01, -2.5624223053455353e-02, 1.1475648880004883e+00, -2.2305088043212891e+00, -6.3451550900936127e-02, 5.9615695476531982e-01, -2.2055176086723804e-03},
    {1.2034555673599243e+00, -1.4225023388862610e+00, -1.0204402208328247e+00, 9.1232874989509583e-01, -6.1963257193565369e-01, 3.1447975337505341e-01, 1.5494534596800804e+00, 1.4390056207776070e+00, -1.1938320398330688e+00, 8.4232333302497864e-01, -4.9257668852806091e-01, -1.1723027229309082e+00, -5.7991760969161987e-01, 1.4016176462173462e+00, -1.8351747095584869e-01, 1.5614322423934937e+00, 7.7180141210556030e-01, 1.0093533992767334e+00, -6.6043436527252197e-01, 5.2806776762008667e-01},
    {6.3274216651916504e-01, 5.2956286072731018e-01, -2.4711729884147644e+00, -4.0655025839805603e-01, 1.0154620409011841e+00, -8.7106208503246307e-01, 9.2935408651828766e-01, -1.7027346491813660e+00, 8.4232333302497864e-01, -2.6464157104492188e+00, -6.8372672796249390e-01, -1.6404258012771606e+00, -8.2583653926849365e-01, -9.6548473834991455e-01, -3.6010146141052246e-01, -6.0658659785985947e-02, -4.9263265728950500e-01, 1.8210602998733521e+00, -8.5276299715042114e-01, 8.5547655820846558e-01}
}}};

static constexpr auto result = eigvals(mat);

int main() { return 0; }
