#include "../../consteig.hpp"

using namespace consteig;

static constexpr Matrix<double, 10, 10> mat
{{{
    {-1.0197710990905762e+00, 1.6532170772552490e+00, 5.3288322687149048e-01, 1.0371499061584473e+00, 2.6165208816528320e+00, -1.5600206851959229e+00, 4.0691730380058289e-01, 1.1227080821990967e+00, 8.8656955957412720e-01, 8.7662053108215332e-01},
    {1.6532170772552490e+00, -1.0197710990905762e+00, 1.6532170772552490e+00, 5.3288322687149048e-01, 1.0371499061584473e+00, 2.6165208816528320e+00, -1.5600206851959229e+00, 4.0691730380058289e-01, 1.1227080821990967e+00, 8.8656955957412720e-01},
    {5.3288322687149048e-01, 1.6532170772552490e+00, -1.0197710990905762e+00, 1.6532170772552490e+00, 5.3288322687149048e-01, 1.0371499061584473e+00, 2.6165208816528320e+00, -1.5600206851959229e+00, 4.0691730380058289e-01, 1.1227080821990967e+00},
    {1.0371499061584473e+00, 5.3288322687149048e-01, 1.6532170772552490e+00, -1.0197710990905762e+00, 1.6532170772552490e+00, 5.3288322687149048e-01, 1.0371499061584473e+00, 2.6165208816528320e+00, -1.5600206851959229e+00, 4.0691730380058289e-01},
    {2.6165208816528320e+00, 1.0371499061584473e+00, 5.3288322687149048e-01, 1.6532170772552490e+00, -1.0197710990905762e+00, 1.6532170772552490e+00, 5.3288322687149048e-01, 1.0371499061584473e+00, 2.6165208816528320e+00, -1.5600206851959229e+00},
    {-1.5600206851959229e+00, 2.6165208816528320e+00, 1.0371499061584473e+00, 5.3288322687149048e-01, 1.6532170772552490e+00, -1.0197710990905762e+00, 1.6532170772552490e+00, 5.3288322687149048e-01, 1.0371499061584473e+00, 2.6165208816528320e+00},
    {4.0691730380058289e-01, -1.5600206851959229e+00, 2.6165208816528320e+00, 1.0371499061584473e+00, 5.3288322687149048e-01, 1.6532170772552490e+00, -1.0197710990905762e+00, 1.6532170772552490e+00, 5.3288322687149048e-01, 1.0371499061584473e+00},
    {1.1227080821990967e+00, 4.0691730380058289e-01, -1.5600206851959229e+00, 2.6165208816528320e+00, 1.0371499061584473e+00, 5.3288322687149048e-01, 1.6532170772552490e+00, -1.0197710990905762e+00, 1.6532170772552490e+00, 5.3288322687149048e-01},
    {8.8656955957412720e-01, 1.1227080821990967e+00, 4.0691730380058289e-01, -1.5600206851959229e+00, 2.6165208816528320e+00, 1.0371499061584473e+00, 5.3288322687149048e-01, 1.6532170772552490e+00, -1.0197710990905762e+00, 1.6532170772552490e+00},
    {8.7662053108215332e-01, 8.8656955957412720e-01, 1.1227080821990967e+00, 4.0691730380058289e-01, -1.5600206851959229e+00, 2.6165208816528320e+00, 1.0371499061584473e+00, 5.3288322687149048e-01, 1.6532170772552490e+00, -1.0197710990905762e+00}
}}};

static constexpr auto result = eigvals(mat);

int main() { return 0; }
