#include "../../consteig.hpp"

using namespace consteig;

static constexpr Matrix<double, 8, 8> mat
{{{
    {-1.5031412243843079e-01, -4.0606495738029480e-01, -8.9261877536773682e-01, -5.7771205902099609e-01, -1.3358675241470337e+00, 1.7660783231258392e-01, 1.0642400979995728e+00, 1.3058435916900635e-01},
    {-4.0606495738029480e-01, -1.5031412243843079e-01, -4.0606495738029480e-01, -8.9261877536773682e-01, -5.7771205902099609e-01, -1.3358675241470337e+00, 1.7660783231258392e-01, 1.0642400979995728e+00},
    {-8.9261877536773682e-01, -4.0606495738029480e-01, -1.5031412243843079e-01, -4.0606495738029480e-01, -8.9261877536773682e-01, -5.7771205902099609e-01, -1.3358675241470337e+00, 1.7660783231258392e-01},
    {-5.7771205902099609e-01, -8.9261877536773682e-01, -4.0606495738029480e-01, -1.5031412243843079e-01, -4.0606495738029480e-01, -8.9261877536773682e-01, -5.7771205902099609e-01, -1.3358675241470337e+00},
    {-1.3358675241470337e+00, -5.7771205902099609e-01, -8.9261877536773682e-01, -4.0606495738029480e-01, -1.5031412243843079e-01, -4.0606495738029480e-01, -8.9261877536773682e-01, -5.7771205902099609e-01},
    {1.7660783231258392e-01, -1.3358675241470337e+00, -5.7771205902099609e-01, -8.9261877536773682e-01, -4.0606495738029480e-01, -1.5031412243843079e-01, -4.0606495738029480e-01, -8.9261877536773682e-01},
    {1.0642400979995728e+00, 1.7660783231258392e-01, -1.3358675241470337e+00, -5.7771205902099609e-01, -8.9261877536773682e-01, -4.0606495738029480e-01, -1.5031412243843079e-01, -4.0606495738029480e-01},
    {1.3058435916900635e-01, 1.0642400979995728e+00, 1.7660783231258392e-01, -1.3358675241470337e+00, -5.7771205902099609e-01, -8.9261877536773682e-01, -4.0606495738029480e-01, -1.5031412243843079e-01}
}}};

static constexpr auto result = eigvals(mat);

int main() { return 0; }
