#include "../../consteig.hpp"

using namespace consteig;

static constexpr Matrix<double, 8, 8> mat
{{{
    {1.6207495927810669e+00, -6.7437958717346191e-01, -1.5520981550216675e+00, -5.2657347917556763e-01, 3.3634394407272339e-01, -1.6776026487350464e+00, 1.3528616428375244e+00, -2.3510713577270508e+00},
    {7.8290379047393799e-01, -6.4679220318794250e-02, 1.3373504579067230e-01, -1.0760766267776489e+00, -1.6776026487350464e+00, -2.5371894836425781e+00, -5.6084161996841431e-01, -1.7299741506576538e-01},
    {-1.6016604006290436e-01, -3.1294223666191101e-01, 5.8034676313400269e-01, -8.2057452201843262e-01, 1.3528616428375244e+00, -5.6084161996841431e-01, 2.9487972259521484e+00, -6.7330038547515869e-01},
    {9.7526681423187256e-01, -5.4567599296569824e-01, -6.3152003288269043e-01, 1.1838676929473877e+00, -2.3510713577270508e+00, -1.7299741506576538e-01, -6.7330038547515869e-01, -1.1215212345123291e+00},
    {-2.2577054500579834e+00, -2.1717208921909332e+00, -1.0857752300798893e+00, -4.3284547328948975e-01, -1.6207495927810669e+00, -7.8290379047393799e-01, 1.6016604006290436e-01, -9.7526681423187256e-01},
    {-2.1717208921909332e+00, -6.8502676486968994e-01, -3.3123049736022949e+00, 1.2642580270767212e+00, 6.7437958717346191e-01, 6.4679220318794250e-02, 3.1294223666191101e-01, 5.4567599296569824e-01},
    {-1.0857752300798893e+00, -3.3123049736022949e+00, -1.0921570062637329e+00, 5.7764524221420288e-01, 1.5520981550216675e+00, -1.3373504579067230e-01, -5.8034676313400269e-01, 6.3152003288269043e-01},
    {-4.3284547328948975e-01, 1.2642580270767212e+00, 5.7764524221420288e-01, -4.9625927209854126e-01, 5.2657347917556763e-01, 1.0760766267776489e+00, 8.2057452201843262e-01, -1.1838676929473877e+00}
}}};

static constexpr auto result = eigvals(mat);

int main() { return 0; }
