#include "../../consteig.hpp"

using namespace consteig;

static constexpr Matrix<double, 12, 12> mat
{{{
    {4.1050728759728372e-04, 1.4732835292816162e+00, 3.1173110008239746e-01, 2.9775217175483704e-01, 2.7770429849624634e-01, 8.9806455373764038e-01, -5.2264201641082764e-01, 1.9428726732730865e+00, 1.2561270464211702e+00, -2.5640035569667816e+00, -4.1396838426589966e-01, 3.2893675565719604e+00},
    {-7.4980986118316650e-01, -7.9063963890075684e-01, 9.3773595988750458e-02, -9.5012560486793518e-02, 8.9305227994918823e-01, 2.2960450649261475e+00, 1.9428726732730865e+00, -2.5142862796783447e+00, -2.0627554133534431e+00, 3.8351267576217651e-01, -1.5968394279479980e+00, 2.6180917024612427e-01},
    {-1.0208328962326050e+00, 5.7456411421298981e-02, -7.7219951152801514e-01, 8.5236150026321411e-01, -2.4198985099792480e-01, -3.3272349834442139e-01, 1.2561270464211702e+00, -2.0627554133534431e+00, 3.3315262794494629e+00, 2.6636417806148529e+00, -1.9944274425506592e-01, -1.5198804438114166e-01},
    {4.0981236100196838e-01, -1.2434588670730591e+00, 6.9697803258895874e-01, 9.3438112735748291e-01, -1.9346641004085541e-01, -1.5468872785568237e+00, -2.5640035569667816e+00, 3.8351267576217651e-01, 2.6636417806148529e+00, -3.6799821853637695e+00, -1.0866953134536743e+00, -3.3192489147186279e+00},
    {-9.9744862318038940e-01, 1.2020142078399658e+00, -1.9632445573806763e+00, 8.7022536993026733e-01, 3.8619750738143921e-01, -3.9606794714927673e-01, -4.1396838426589966e-01, -1.5968394279479980e+00, -1.9944274425506592e-01, -1.0866953134536743e+00, 4.3894982337951660e-01, -1.1741906851530075e+00},
    {-1.1867483854293823e+00, 1.1978120803833008e+00, -1.8907757997512817e+00, 1.1197938024997711e-01, -6.5523117780685425e-01, 9.8605200648307800e-02, 3.2893675565719604e+00, 2.6180917024612427e-01, -1.5198804438114166e-01, -3.3192489147186279e+00, -1.1741906851530075e+00, -1.3920143842697144e+00},
    {2.0737679004669189e+00, 4.5726156234741211e-01, 7.6015883684158325e-01, 1.0510683655738831e+00, -9.7789227962493896e-02, 4.9871444702148438e-01, -4.1050728759728372e-04, 7.4980986118316650e-01, 1.0208328962326050e+00, -4.0981236100196838e-01, 9.9744862318038940e-01, 1.1867483854293823e+00},
    {4.5726156234741211e-01, -3.4907132387161255e-01, -2.1468427777290344e-01, 7.9947334527969360e-01, 9.1050326824188232e-01, -2.9848277568817139e-02, -1.4732835292816162e+00, 7.9063963890075684e-01, -5.7456411421298981e-02, 1.2434588670730591e+00, -1.2020142078399658e+00, -1.1978120803833008e+00},
    {7.6015883684158325e-01, -2.1468427777290344e-01, 2.9910778999328613e-01, -5.5560599453747272e-01, -9.8060476779937744e-01, -3.7387466430664062e-01, -3.1173110008239746e-01, -9.3773595988750458e-02, 7.7219951152801514e-01, -6.9697803258895874e-01, 1.9632445573806763e+00, 1.8907757997512817e+00},
    {1.0510683655738831e+00, 7.9947334527969360e-01, -5.5560599453747272e-01, 8.4371715784072876e-01, -9.1562743484973907e-01, -2.8597396612167358e-01, -2.9775217175483704e-01, 9.5012560486793518e-02, -8.5236150026321411e-01, -9.3438112735748291e-01, -8.7022536993026733e-01, -1.1197938024997711e-01},
    {-9.7789227962493896e-02, 9.1050326824188232e-01, -9.8060476779937744e-01, -9.1562743484973907e-01, -1.3365161418914795e+00, -1.1259018182754517e+00, -2.7770429849624634e-01, -8.9305227994918823e-01, 2.4198985099792480e-01, 1.9346641004085541e-01, -3.8619750738143921e-01, 6.5523117780685425e-01},
    {4.9871444702148438e-01, -2.9848277568817139e-02, -3.7387466430664062e-01, -2.8597396612167358e-01, -1.1259018182754517e+00, 5.8439111709594727e-01, -8.9806455373764038e-01, -2.2960450649261475e+00, 3.3272349834442139e-01, 1.5468872785568237e+00, 3.9606794714927673e-01, -9.8605200648307800e-02}
}}};

static constexpr auto result = eigvals(mat);

int main() { return 0; }
