#include "../../consteig.hpp"

using namespace consteig;

static constexpr Matrix<double, 8, 8> mat
{{{
    {9.9999999999999989e-01, -3.9301520261904084e-16, 1.7490733079508322e-16, -1.0819503233387532e-16, -1.2649783392122254e-16, -2.5339874498689569e-17, 1.8581813108153831e-17, -1.0375645239914527e-16},
    {-3.9301520261904084e-16, 1.0000000000000000e+00, 3.3361622188388220e-16, -1.2217676144302380e-17, -1.3237202608667202e-16, 1.9848269844191634e-16, -7.9900764508304415e-17, -6.7096366447273414e-17},
    {1.7490733079508322e-16, 3.3361622188388220e-16, 1.0000000000000000e+00, 2.4929612262106282e-16, -2.7670840197718214e-16, -1.3887260800829425e-17, 5.5680228790605144e-17, 8.2684955080458539e-17},
    {-1.0819503233387532e-16, -1.2217676144302380e-17, 2.4929612262106282e-16, 9.9999999999999967e-01, 1.1016752404326887e-16, -5.4057469633882372e-17, 3.2829594152023542e-17, -6.9349646286617503e-17},
    {-1.2649783392122254e-16, -1.3237202608667202e-16, -2.7670840197718214e-16, 1.1016752404326887e-16, 9.9999999999999967e-01, -4.0154500942558008e-18, -6.0753270355436544e-18, 1.4606427050035685e-17},
    {-2.5339874498689569e-17, 1.9848269844191634e-16, -1.3887260800829425e-17, -5.4057469633882372e-17, -4.0154500942558008e-18, 9.9999999999999978e-01, -4.8050473519962034e-17, 9.1628560612896073e-17},
    {1.8581813108153831e-17, -7.9900764508304415e-17, 5.5680228790605144e-17, 3.2829594152023542e-17, -6.0753270355436544e-18, -4.8050473519962034e-17, 1.0000000000000002e+00, 8.3085040630464973e-17},
    {-1.0375645239914527e-16, -6.7096366447273414e-17, 8.2684955080458539e-17, -6.9349646286617503e-17, 1.4606427050035685e-17, 9.1628560612896073e-17, 8.3085040630464973e-17, 1.0000000000000002e+00}
}}};

static constexpr auto result = eigvals(mat);

int main() { return 0; }
