#include "../../consteig.hpp"

using namespace consteig;

static constexpr Matrix<double, 20, 20> mat
{{{
    {-9.3781727552413940e-01, 8.5541749000549316e-01, -5.1934576034545898e-01, -1.6396574974060059e+00, 1.8285672068595886e+00, 7.4555170536041260e-01, 2.8724847733974457e-01, 3.3653212189674377e+00, 3.4181411266326904e+00, -1.0177072286605835e+00, -1.9348638802766800e+00, 1.3076832890510559e+00, 6.8976974487304688e-01, -2.0413330793380737e+00, 1.4517549872398376e+00, -1.9712266325950623e-01, -2.8134611845016479e+00, 4.0163642168045044e-01, -8.6033925414085388e-01, 5.5384325981140137e-01},
    {8.5541749000549316e-01, -2.7986797690391541e-01, -1.4366751909255981e-01, -5.8666902780532837e-01, -9.8100869357585907e-01, -2.3351669311523438e-01, 1.0242092609405518e-01, -1.7702872827649117e+00, -2.7603395581245422e+00, 2.8106689453125000e-02, 1.6706840395927429e+00, 4.3055534362792969e-01, 3.2589411735534668e-01, 1.5789842605590820e+00, -2.0351807177066803e+00, 1.3925167173147202e+00, 4.0319153666496277e-01, -2.2167869806289673e+00, 1.1331174373626709e+00, -8.4980508685112000e-01},
    {-5.1934576034545898e-01, -1.4366751909255981e-01, -4.2188537120819092e-01, 1.6571207046508789e+00, 1.9752629399299622e+00, -1.6341644525527954e+00, 9.3468439579010010e-01, -5.7094722986221313e-01, -4.0602083504199982e-01, 2.5303007364273071e+00, 1.3472976088523865e+00, -2.0293795466423035e+00, -1.2480273246765137e+00, 1.2820788919925690e+00, -9.6911957114934921e-01, 1.6206922829151154e+00, -1.1311865895986557e+00, 7.7721905708312988e-01, -4.5306676626205444e-01, -2.7410510778427124e+00},
    {-1.6396574974060059e+00, -5.8666902780532837e-01, 1.6571207046508789e+00, -4.5968630909919739e-01, -3.0652868747711182e+00, -3.9769469201564789e-01, -1.8996679782867432e-01, -1.1407159864902496e+00, -4.6183514595031738e-01, 1.2398562431335449e+00, 1.0035572350025177e+00, 9.2718961834907532e-01, -7.5412520766258240e-01, -6.9732227921485901e-01, -4.0145392715930939e-01, 2.3976671993732452e+00, -1.2302393913269043e+00, -8.5213801264762878e-01, 1.1635817587375641e+00, -1.4410281181335449e-01},
    {1.8285672068595886e+00, -9.8100869357585907e-01, 1.9752629399299622e+00, -3.0652868747711182e+00, -1.5898445844650269e+00, -8.1824171543121338e-01, 9.6633878350257874e-01, 5.7625858485698700e-01, -3.7322297096252441e+00, -6.8622469902038574e-02, 2.2653561234474182e+00, -8.3953769505023956e-01, -3.4940016269683838e-01, -1.1169499158859253e+00, 1.5437456965446472e+00, -1.8405914306640625e-03, 7.5296723842620850e-01, -6.0658395290374756e-02, 1.2684397697448730e+00, 9.4245496392250061e-01},
    {7.4555170536041260e-01, -2.3351669311523438e-01, -1.6341644525527954e+00, -3.9769469201564789e-01, -8.1824171543121338e-01, 2.4367754161357880e-01, -2.9429907202720642e+00, 5.2988916635513306e-02, -1.3040122985839844e+00, 1.7170109152793884e+00, 5.7920038700103760e-01, 1.3376988917589188e+00, -7.2642803192138672e-02, 1.2130991816520691e+00, 8.5956680774688721e-01, 2.6357080936431885e+00, 2.8268086910247803e-01, 2.2366277873516083e+00, 2.4770632386207581e-01, 8.8941890001296997e-01},
    {2.8724847733974457e-01, 1.0242092609405518e-01, 9.3468439579010010e-01, -1.8996679782867432e-01, 9.6633878350257874e-01, -2.9429907202720642e+00, -3.4425076842308044e-01, -1.0994262099266052e+00, 2.1222354769706726e+00, 3.4259164333343506e-01, -1.7078882157802582e+00, 3.8016003370285034e-01, -1.3078719377517700e-01, -9.6140116453170776e-01, -1.2384799271821976e+00, 1.9102373719215393e+00, -9.4384551048278809e-02, 1.2206091880798340e+00, 8.8472197949886322e-01, -2.0979224443435669e+00},
    {3.3653212189674377e+00, -1.7702872827649117e+00, -5.7094722986221313e-01, -1.1407159864902496e+00, 5.7625858485698700e-01, 5.2988916635513306e-02, -1.0994262099266052e+00, 2.4970612525939941e+00, 9.4878396391868591e-01, 9.8940521478652954e-02, 1.4473038017749786e+00, 1.0802466273307800e+00, -2.1291048973798752e+00, -2.6683990657329559e+00, -1.6376448869705200e+00, 1.2156508266925812e+00, -4.1663241386413574e+00, -5.2728345990180969e-01, 4.1434123367071152e-01, -2.9266684055328369e+00},
    {3.4181411266326904e+00, -2.7603395581245422e+00, -4.0602083504199982e-01, -4.6183514595031738e-01, -3.7322297096252441e+00, -1.3040122985839844e+00, 2.1222354769706726e+00, 9.4878396391868591e-01, 2.9526486396789551e+00, -1.0174049288034439e+00, 5.2362036705017090e-01, 1.3801860138773918e+00, -1.6361886262893677e+00, -4.1202485561370850e-01, -7.5326608121395111e-01, 2.4165292084217072e+00, -2.4566093683242798e+00, -4.5039364695549011e-01, -1.8710944056510925e+00, -2.0253366082906723e+00},
    {-1.0177072286605835e+00, 2.8106689453125000e-02, 2.5303007364273071e+00, 1.2398562431335449e+00, -6.8622469902038574e-02, 1.7170109152793884e+00, 3.4259164333343506e-01, 9.8940521478652954e-02, -1.0174049288034439e+00, 1.8635064363479614e+00, -2.1734398603439331e-01, 8.0162258446216583e-01, -9.3730464577674866e-01, 8.0233570793643594e-01, 1.3504679258912802e+00, -3.7426859140396118e-02, -1.3525049388408661e+00, 1.2525416016578674e+00, -9.3836092948913574e-01, -9.6337166428565979e-01},
    {-1.9348638802766800e+00, 1.6706840395927429e+00, 1.3472976088523865e+00, 1.0035572350025177e+00, 2.2653561234474182e+00, 5.7920038700103760e-01, -1.7078882157802582e+00, 1.4473038017749786e+00, 5.2362036705017090e-01, -2.1734398603439331e-01, -1.1262105703353882e+00, 1.8316790461540222e+00, -7.9340577125549316e-01, 4.5458945631980896e-01, 1.6091590225696564e+00, -2.1947799324989319e+00, 8.7408146262168884e-01, 1.3607992529869080e+00, 2.4863662719726562e+00, 5.5689651519060135e-01},
    {1.3076832890510559e+00, 4.3055534362792969e-01, -2.0293795466423035e+00, 9.2718961834907532e-01, -8.3953769505023956e-01, 1.3376988917589188e+00, 3.8016003370285034e-01, 1.0802466273307800e+00, 1.3801860138773918e+00, 8.0162258446216583e-01, 1.8316790461540222e+00, -1.9128477573394775e+00, 2.8386883437633514e-02, -9.3250428140163422e-01, -3.2228490710258484e-01, -3.1188517808914185e-01, 8.0420342087745667e-01, 8.9463615417480469e-01, 7.9034221172332764e-01, -1.6973837018013000e+00},
    {6.8976974487304688e-01, 3.2589411735534668e-01, -1.2480273246765137e+00, -7.5412520766258240e-01, -3.4940016269683838e-01, -7.2642803192138672e-02, -1.3078719377517700e-01, -2.1291048973798752e+00, -1.6361886262893677e+00, -9.3730464577674866e-01, -7.9340577125549316e-01, 2.8386883437633514e-02, -9.2926150560379028e-01, -1.3337533473968506e+00, 3.7140905857086182e-01, -7.4455022811889648e-01, -4.8731759190559387e-01, 3.3164530992507935e-01, 6.0722267627716064e-01, -8.2761597633361816e-01},
    {-2.0413330793380737e+00, 1.5789842605590820e+00, 1.2820788919925690e+00, -6.9732227921485901e-01, -1.1169499158859253e+00, 1.2130991816520691e+00, -9.6140116453170776e-01, -2.6683990657329559e+00, -4.1202485561370850e-01, 8.0233570793643594e-01, 4.5458945631980896e-01, -9.3250428140163422e-01, -1.3337533473968506e+00, -3.2955851554870605e+00, 6.6080722212791443e-01, 2.2881618738174438e+00, 1.8298448920249939e+00, 1.5757772028446198e+00, 3.4631721675395966e-01, 6.1258082091808319e-01},
    {1.4517549872398376e+00, -2.0351807177066803e+00, -9.6911957114934921e-01, -4.0145392715930939e-01, 1.5437456965446472e+00, 8.5956680774688721e-01, -1.2384799271821976e+00, -1.6376448869705200e+00, -7.5326608121395111e-01, 1.3504679258912802e+00, 1.6091590225696564e+00, -3.2228490710258484e-01, 3.7140905857086182e-01, 6.6080722212791443e-01, 6.4399633407592773e+00, 5.5005370453000069e-01, -9.0882647037506104e-01, 2.5091743469238281e-01, 1.4726607799530029e+00, -1.7684938050806522e+00},
    {-1.9712266325950623e-01, 1.3925167173147202e+00, 1.6206922829151154e+00, 2.3976671993732452e+00, -1.8405914306640625e-03, 2.6357080936431885e+00, 1.9102373719215393e+00, 1.2156508266925812e+00, 2.4165292084217072e+00, -3.7426859140396118e-02, -2.1947799324989319e+00, -3.1188517808914185e-01, -7.4455022811889648e-01, 2.2881618738174438e+00, 5.5005370453000069e-01, -1.8670502901077271e+00, -8.3143171668052673e-01, -2.8989881277084351e+00, -8.9353439211845398e-01, 1.7456418275833130e+00},
    {-2.8134611845016479e+00, 4.0319153666496277e-01, -1.1311865895986557e+00, -1.2302393913269043e+00, 7.5296723842620850e-01, 2.8268086910247803e-01, -9.4384551048278809e-02, -4.1663241386413574e+00, -2.4566093683242798e+00, -1.3525049388408661e+00, 8.7408146262168884e-01, 8.0420342087745667e-01, -4.8731759190559387e-01, 1.8298448920249939e+00, -9.0882647037506104e-01, -8.3143171668052673e-01, -2.8000075817108154e+00, -2.6678481698036194e-01, 4.1372740827500820e-01, 2.8145043253898621e+00},
    {4.0163642168045044e-01, -2.2167869806289673e+00, 7.7721905708312988e-01, -8.5213801264762878e-01, -6.0658395290374756e-02, 2.2366277873516083e+00, 1.2206091880798340e+00, -5.2728345990180969e-01, -4.5039364695549011e-01, 1.2525416016578674e+00, 1.3607992529869080e+00, 8.9463615417480469e-01, 3.3164530992507935e-01, 1.5757772028446198e+00, 2.5091743469238281e-01, -2.8989881277084351e+00, -2.6678481698036194e-01, -1.0489559173583984e+00, 3.0206412076950073e-02, 1.3391566276550293e+00},
    {-8.6033925414085388e-01, 1.1331174373626709e+00, -4.5306676626205444e-01, 1.1635817587375641e+00, 1.2684397697448730e+00, 2.4770632386207581e-01, 8.8472197949886322e-01, 4.1434123367071152e-01, -1.8710944056510925e+00, -9.3836092948913574e-01, 2.4863662719726562e+00, 7.9034221172332764e-01, 6.0722267627716064e-01, 3.4631721675395966e-01, 1.4726607799530029e+00, -8.9353439211845398e-01, 4.1372740827500820e-01, 3.0206412076950073e-02, -8.9452338218688965e-01, 2.5082114934921265e+00},
    {5.5384325981140137e-01, -8.4980508685112000e-01, -2.7410510778427124e+00, -1.4410281181335449e-01, 9.4245496392250061e-01, 8.8941890001296997e-01, -2.0979224443435669e+00, -2.9266684055328369e+00, -2.0253366082906723e+00, -9.6337166428565979e-01, 5.5689651519060135e-01, -1.6973837018013000e+00, -8.2761597633361816e-01, 6.1258082091808319e-01, -1.7684938050806522e+00, 1.7456418275833130e+00, 2.8145043253898621e+00, 1.3391566276550293e+00, 2.5082114934921265e+00, -6.9009643793106079e-01}
}}};

static constexpr auto result = eigvals(mat);

int main() { return 0; }
