#include "../../consteig.hpp"

using namespace consteig;

static constexpr Matrix<double, 10, 10> mat
{{{
    {7.3474133014678955e-01, -1.8014073371887207e+00, 7.5698649883270264e-01, 7.9159736633300781e-01, 9.4642204046249390e-01, 8.6983144283294678e-01, -1.3354533314704895e+00, -8.5528448224067688e-01, -1.4493189454078674e+00, -2.2210128307342529e+00},
    {9.1960519552230835e-01, -5.6608855724334717e-01, 2.0306959152221680e+00, 1.0949412584304810e+00, 6.1997282318770885e-03, -1.3354533314704895e+00, -1.2223004549741745e-01, -1.4584281891584396e+00, -8.3835084736347198e-01, 2.2481951266527176e+00},
    {1.0236599296331406e-01, 3.8388454914093018e-01, -2.0366744995117188e+00, -3.9014643430709839e-01, 4.8933368921279907e-01, -8.5528448224067688e-01, -1.4584281891584396e+00, -2.5202482938766479e-01, 1.5071626305580139e+00, -8.2856684923171997e-01},
    {9.2368376255035400e-01, -4.6949887275695801e-01, -9.1621845960617065e-02, 1.7577755451202393e+00, 5.4473060369491577e-01, -1.4493189454078674e+00, -8.3835084736347198e-01, 1.5071626305580139e+00, -2.9010632634162903e-01, 3.4624636173248291e-01},
    {-9.4295495748519897e-01, -1.8964880704879761e+00, -1.3056315183639526e+00, 1.0813200473785400e+00, 8.3259381353855133e-02, -2.2210128307342529e+00, 2.2481951266527176e+00, -8.2856684923171997e-01, 3.4624636173248291e-01, -9.9158930778503418e-01},
    {-1.2129935026168823e+00, -3.2492985725402832e+00, 5.1873889565467834e-01, 5.8978432416915894e-01, -9.1721087694168091e-02, -7.3474133014678955e-01, -9.1960519552230835e-01, -1.0236599296331406e-01, -9.2368376255035400e-01, 9.4295495748519897e-01},
    {-3.2492985725402832e+00, 2.4099061489105225e+00, 2.6632058620452881e-01, -5.2501469850540161e-01, 1.2470154017210007e+00, 1.8014073371887207e+00, 5.6608855724334717e-01, -3.8388454914093018e-01, 4.6949887275695801e-01, 1.8964880704879761e+00},
    {5.1873889565467834e-01, 2.6632058620452881e-01, -1.4892209768295288e+00, 7.8191763162612915e-01, 5.8891582489013672e-01, -7.5698649883270264e-01, -2.0306959152221680e+00, 2.0366744995117188e+00, 9.1621845960617065e-02, 1.3056315183639526e+00},
    {5.8978432416915894e-01, -5.2501469850540161e-01, 7.8191763162612915e-01, -2.9818332195281982e+00, -1.8632152378559113e+00, -7.9159736633300781e-01, -1.0949412584304810e+00, 3.9014643430709839e-01, -1.7577755451202393e+00, -1.0813200473785400e+00},
    {-9.1721087694168091e-02, 1.2470154017210007e+00, 5.8891582489013672e-01, -1.8632152378559113e+00, 1.7137379646301270e+00, -9.4642204046249390e-01, -6.1997282318770885e-03, -4.8933368921279907e-01, -5.4473060369491577e-01, -8.3259381353855133e-02}
}}};

static constexpr auto result = eigvals(mat);

int main() { return 0; }
