#include "../../consteig.hpp"

using namespace consteig;

static constexpr Matrix<double, 14, 14> mat
{{{
    {9.9999999999999967e-01, 8.4462061078519087e-17, 2.7338317820913442e-16, -7.6706541639289322e-17, -2.0835828446081834e-16, -2.5446142115208914e-17, -1.2847705357488087e-16, -1.1282934465629283e-16, -7.7590549732668124e-17, -7.0440772987598723e-17, -5.2406019967255018e-18, -2.4748765480602360e-17, 3.6064228571901453e-17, -1.7325217245040738e-16},
    {8.4462061078519087e-17, 1.0000000000000000e+00, -1.2365200673327994e-16, -2.5114793404755013e-16, -4.8427916288136653e-17, -2.6935720215206506e-17, 6.8381205160220861e-17, -2.3619908152630359e-17, 3.5625286156530827e-17, -2.8369265647512681e-17, 1.3597498553257381e-16, 1.3351506641060754e-16, 1.8309037485119166e-16, 9.0135623073518532e-18},
    {2.7338317820913442e-16, -1.2365200673327994e-16, 1.0000000000000002e+00, 2.5675151518369626e-17, -2.0702136307221634e-17, 8.8738920740718830e-17, -9.3497842507491292e-17, -3.6781174345920784e-18, -5.0356861238400742e-17, 8.8560528101716161e-17, 4.6360838192313784e-17, -1.2055142282567979e-16, 2.0057036740693562e-18, 3.1233638386317203e-17},
    {-7.6706541639289322e-17, -2.5114793404755013e-16, 2.5675151518369626e-17, 9.9999999999999989e-01, -1.0605667941736444e-16, -5.3061219705012806e-17, 2.4308182528679774e-16, -1.9410941433463987e-16, -1.6441371229773442e-17, 1.0056178593248017e-16, 2.9035855743516663e-17, -1.6984241419634435e-16, -5.8799181304737025e-17, -2.9134449967052674e-17},
    {-2.0835828446081834e-16, -4.8427916288136653e-17, -2.0702136307221634e-17, -1.0605667941736444e-16, 1.0000000000000002e+00, 2.1170815303569314e-18, -3.4552884840783624e-18, -4.4066664353715889e-17, 4.1058383917863601e-17, 6.2113075004140066e-17, -1.0292848064559889e-16, 1.3212082573582235e-16, 4.2849991875949490e-17, -1.4283746273692023e-16},
    {-2.5446142115208914e-17, -2.6935720215206506e-17, 8.8738920740718830e-17, -5.3061219705012806e-17, 2.1170815303569314e-18, 1.0000000000000000e+00, 6.1785780691014503e-17, 2.9158688421210846e-17, 1.5728984362188002e-17, -1.0061653207069314e-16, 3.3950138199631870e-17, 5.0219206119709194e-17, -3.4792935548933670e-17, -8.4972966326509329e-18},
    {-1.2847705357488087e-16, 6.8381205160220861e-17, -9.3497842507491292e-17, 2.4308182528679774e-16, -3.4552884840783624e-18, 6.1785780691014503e-17, 9.9999999999999989e-01, 3.6151332196315163e-17, 2.6815095176784190e-17, 1.0959569501727594e-16, 1.1973518131802737e-17, 6.1856564035790857e-17, -1.6684415612952480e-17, 1.2048725179488377e-16},
    {-1.1282934465629283e-16, -2.3619908152630359e-17, -3.6781174345920784e-18, -1.9410941433463987e-16, -4.4066664353715889e-17, 2.9158688421210846e-17, 3.6151332196315163e-17, 9.9999999999999978e-01, 5.9117668679358776e-17, 4.5141857167193580e-18, -1.6764447461110105e-16, -2.0965387565031603e-16, -1.1511267919367657e-16, 4.1237519871261878e-17},
    {-7.7590549732668124e-17, 3.5625286156530827e-17, -5.0356861238400742e-17, -1.6441371229773442e-17, 4.1058383917863601e-17, 1.5728984362188002e-17, 2.6815095176784190e-17, 5.9117668679358776e-17, 1.0000000000000002e+00, 1.0272514865848386e-16, -1.4006211048019025e-16, 4.9178516252364624e-19, -1.0453893742276778e-16, 1.4481947897831577e-16},
    {-7.0440772987598723e-17, -2.8369265647512681e-17, 8.8560528101716161e-17, 1.0056178593248017e-16, 6.2113075004140066e-17, -1.0061653207069314e-16, 1.0959569501727594e-16, 4.5141857167193580e-18, 1.0272514865848386e-16, 9.9999999999999978e-01, 2.3354718932039164e-17, -3.8235286185059187e-17, 2.3331011061362315e-17, -1.3068457546542357e-17},
    {-5.2406019967255018e-18, 1.3597498553257381e-16, 4.6360838192313784e-17, 2.9035855743516663e-17, -1.0292848064559889e-16, 3.3950138199631870e-17, 1.1973518131802737e-17, -1.6764447461110105e-16, -1.4006211048019025e-16, 2.3354718932039164e-17, 1.0000000000000000e+00, -2.9700096952702998e-17, 1.0915897531670247e-16, 8.3391304957599734e-17},
    {-2.4748765480602360e-17, 1.3351506641060754e-16, -1.2055142282567979e-16, -1.6984241419634435e-16, 1.3212082573582235e-16, 5.0219206119709194e-17, 6.1856564035790857e-17, -2.0965387565031603e-16, 4.9178516252364624e-19, -3.8235286185059187e-17, -2.9700096952702998e-17, 1.0000000000000002e+00, 8.1996270028197914e-17, 1.3152491815652517e-16},
    {3.6064228571901453e-17, 1.8309037485119166e-16, 2.0057036740693562e-18, -5.8799181304737025e-17, 4.2849991875949490e-17, -3.4792935548933670e-17, -1.6684415612952480e-17, -1.1511267919367657e-16, -1.0453893742276778e-16, 2.3331011061362315e-17, 1.0915897531670247e-16, 8.1996270028197914e-17, 9.9999999999999967e-01, -9.9713175616218935e-17},
    {-1.7325217245040738e-16, 9.0135623073518532e-18, 3.1233638386317203e-17, -2.9134449967052674e-17, -1.4283746273692023e-16, -8.4972966326509329e-18, 1.2048725179488377e-16, 4.1237519871261878e-17, 1.4481947897831577e-16, -1.3068457546542357e-17, 8.3391304957599734e-17, 1.3152491815652517e-16, -9.9713175616218935e-17, 1.0000000000000002e+00}
}}};

static constexpr auto result = eigvals(mat);

int main() { return 0; }
