#include "../../consteig.hpp"

using namespace consteig;

static constexpr Matrix<double, 18, 18> mat
{{{
    {1.0000055915008415e+00, 8.8257482593404745e-07, 3.4638490486357435e-07, 4.5990724711982325e-07, -4.1289008609631086e-07, -7.6253212222349754e-07, 4.4582641958705264e-07, -4.8756135052806118e-07, 8.6671595720097071e-07, -9.9315406998059375e-07, -1.1490962800176011e-06, -9.5545108502804009e-07, -3.5931609886037858e-07, -2.7213828769935257e-07, 7.5199754063729841e-07, -5.8257192730712095e-08, 8.4661557641353201e-07, 4.5821694825866722e-07},
    {8.8257482590562812e-07, 1.0000059474709795e+00, -1.4107533132727293e-07, -1.5279646367046497e-06, -8.8603948196243497e-07, 1.3388593827476625e-08, -6.9690972433364317e-07, 5.0037464224311479e-07, -3.5591398739217136e-07, -3.3592499464975793e-07, -2.0070114449279571e-07, 5.7298908130529610e-08, 1.3210419821248416e-06, 1.3423184182752473e-07, -4.7514614042100697e-07, -1.8699587595920596e-07, 4.0901246616238917e-07, -4.8715544434340592e-07},
    {3.4638490482872058e-07, -1.4107533134617339e-07, 1.0000058226501680e+00, 1.2662482171290139e-06, -3.2522774920327975e-07, 1.4706890357715313e-07, -8.6090732271665367e-09, -4.9882940244420348e-07, 8.3441222769286723e-07, 1.4004217905934754e-07, 1.2565610208306846e-06, 1.1403006389571031e-06, -1.3383603726185673e-07, 3.9047358681432500e-07, -4.4395047037271489e-07, -1.2350530046961629e-06, -2.1186094675348966e-07, -7.5680151830612448e-07},
    {4.5990724710399046e-07, -1.5279646366904317e-06, 1.2662482171219562e-06, 1.0000040118775584e+00, -2.1055968728767341e-07, -1.0038873599326813e-06, -8.0639445250675653e-08, -3.7381076175652445e-07, 2.9618757849171100e-07, -1.3505116394896083e-07, -9.5901346716118795e-08, 8.8590750851751657e-07, 2.9881428495614560e-07, -1.0575497298554522e-06, -1.9146377156055882e-07, -4.0467889478954202e-07, -8.7539778679298857e-07, 1.2330121871111946e-06},
    {-4.1289008612588014e-07, -8.8603948196372003e-07, -3.2522774920329870e-07, -2.1055968730846492e-07, 1.0000043138072581e+00, -4.5417547798234684e-07, 2.8569379840161974e-07, -1.4885261673158689e-06, -6.2700212640531614e-07, -5.7251196482282857e-07, -5.4467291165949238e-07, -6.8859883045693558e-08, -1.2318159488009027e-06, -7.6364753691619016e-07, -2.1332720391996969e-07, -2.6305111062078777e-07, 3.7949958335390222e-07, -1.0135886438842324e-06},
    {-7.6253212220896796e-07, 1.3388593805006161e-08, 1.4706890358002537e-07, -1.0038873599580983e-06, -4.5417547797991819e-07, 1.0000043586763685e+00, -6.2955163465334591e-07, -1.1618149171209146e-06, 5.9152788852995275e-07, -1.2209179112203714e-06, -9.9710557172578583e-07, -3.5073925885833251e-07, 1.3639254136378952e-06, 7.0233420269675132e-07, 1.2000262682309650e-07, -4.0898277366827660e-07, 1.5270764611056393e-07, -1.3943035786539895e-06},
    {4.4582641958017934e-07, -6.9690972433149510e-07, -8.6090732371193542e-09, -8.0639445256534633e-08, 2.8569379841303081e-07, -6.2955163464853974e-07, 1.0000050024370704e+00, 1.1748126288780162e-06, -5.0284525545277693e-07, 1.3819159127578353e-06, -5.4382856899368862e-08, -9.9778071782925292e-07, 1.0758728111671212e-06, 4.7862611896005165e-07, -1.6075771314550685e-07, -5.4769559487183954e-07, -1.1715209497978453e-06, 5.7433137548346845e-07},
    {-4.8756135054214638e-07, 5.0037464226104235e-07, -4.9882940242255014e-07, -3.7381076174397116e-07, -1.4885261673069427e-06, -1.1618149171249793e-06, 1.1748126288917074e-06, 1.0000038200739660e+00, 3.4896210242896361e-07, 1.0711797805394471e-06, 2.2735088766677988e-07, -3.2380382306758378e-07, 2.1311688096515193e-07, 3.4979594653966055e-07, -6.4576417902026717e-07, 1.2142000718393058e-06, 1.2491302776770053e-06, 1.3112130995431016e-07},
    {8.6671595720367984e-07, -3.5591398742749369e-07, 8.3441222771311704e-07, 2.9618757855920730e-07, -6.2700212644666099e-07, 5.9152788851237946e-07, -5.0284525544360526e-07, 3.4896210242863057e-07, 1.0000050839547765e+00, -3.5571337058139779e-08, -1.6347654173329234e-07, -7.7087098612636058e-07, 6.8780021488726832e-07, -5.3222206575798475e-07, 9.6553571784206328e-08, 5.3063709664111039e-07, -2.8108800305119858e-07, -3.8642525638495000e-07},
    {-9.9315406997279575e-07, -3.3592499467786503e-07, 1.4004217902212539e-07, -1.3505116390750162e-07, -5.7251196479483233e-07, -1.2209179112182847e-06, 1.3819159127595566e-06, 1.0711797805359958e-06, -3.5571337059671188e-08, 1.0000040538135500e+00, -3.0184614521042200e-07, -1.2132259706935779e-07, -1.1429848079326515e-09, 7.8326645856146422e-07, 3.2689312067033909e-07, -8.7575581548726053e-07, -5.7453396989476669e-07, -5.0170652170724964e-08},
    {-1.1490962800245898e-06, -2.0070114445623467e-07, 1.2565610208293243e-06, -9.5901346737193107e-08, -5.4467291167369913e-07, -9.9710557170777918e-07, -5.4382856889342863e-08, 2.2735088767296251e-07, -1.6347654172057064e-07, -3.0184614521655500e-07, 1.0000074911672996e+00, -4.4074133828449655e-07, -3.3382410276396317e-07, 3.9933271177865606e-07, 5.5325206858372348e-07, -7.0371593148261440e-07, 6.9594783988054187e-07, -1.3537615597906304e-06},
    {-9.5545108499684873e-07, 5.7298908134965118e-08, 1.1403006389275579e-06, 8.8590750851314398e-07, -6.8859883073992029e-08, -3.5073925887274001e-07, -9.9778071781333060e-07, -3.2380382306427791e-07, -7.7087098613160298e-07, -1.2132259707585927e-07, -4.4074133825894702e-07, 1.0000051874810651e+00, 1.1735862509317502e-06, -1.3670517410447371e-06, 7.5381474035317956e-08, -1.1878562155667801e-07, 2.1629671768311526e-07, -6.5973030657299306e-07},
    {-3.5931609886510439e-07, 1.3210419821293161e-06, -1.3383603725201476e-07, 2.9881428494792536e-07, -1.2318159488047851e-06, 1.3639254136117697e-06, 1.0758728111638122e-06, 2.1311688099506993e-07, 6.8780021488790201e-07, -1.1429848233359773e-09, -3.3382410276703138e-07, 1.1735862509176769e-06, 1.0000040063702389e+00, -9.8684434333849882e-08, -4.9831470974089787e-07, 4.3638883313794684e-07, -1.4706952025400173e-06, -7.1762469235438087e-08},
    {-2.7213828769269156e-07, 1.3423184184181005e-07, 3.9047358686241910e-07, -1.0575497298571375e-06, -7.6364753691453866e-07, 7.0233420266509229e-07, 4.7862611898759387e-07, 3.4979594653954488e-07, -5.3222206578451446e-07, 7.8326645859005794e-07, 3.9933271174343690e-07, -1.3670517410541897e-06, -9.8684434351236821e-08, 1.0000052128151098e+00, 2.5401580790750584e-07, 8.1722944454763111e-07, 1.6162228439715170e-06, 7.9533398522491482e-08},
    {7.5199754063050732e-07, -4.7514614040320573e-07, -4.4395047036494230e-07, -1.9146377159420287e-07, -2.1332720392713919e-07, 1.2000262681637251e-07, -1.6075771311375809e-07, -6.4576417905222403e-07, 9.6553571780006818e-08, 3.2689312067751336e-07, 5.5325206855158303e-07, 7.5381474029356313e-08, -4.9831470975861939e-07, 2.5401580789763044e-07, 1.0000041602588390e+00, -5.3725340944560434e-07, 1.2900648885457562e-07, 2.6197950582801835e-07},
    {-5.8257192717535472e-08, -1.8699587594460769e-07, -1.2350530046831522e-06, -4.0467889481370252e-07, -2.6305111062440047e-07, -4.0898277368641687e-07, -5.4769559486540855e-07, 1.2142000718111623e-06, 5.3063709663403131e-07, -8.7575581551335910e-07, -7.0371593146967057e-07, -1.1878562157530564e-07, 4.3638883311108758e-07, 8.1722944454750226e-07, -5.3725340943884735e-07, 1.0000050038420143e+00, 3.8485810055605819e-07, 9.1870826445891314e-07},
    {8.4661557645096324e-07, 4.0901246616429674e-07, -2.1186094671216525e-07, -8.7539778682781391e-07, 3.7949958333993820e-07, 1.5270764611249384e-07, -1.1715209498136766e-06, 1.2491302776661163e-06, -2.8108800306463978e-07, -5.7453396991088382e-07, 6.9594783989359094e-07, 2.1629671769804096e-07, -1.4706952025508667e-06, 1.6162228439739958e-06, 1.2900648886160727e-07, 3.8485810058879940e-07, 1.0000050246991659e+00, 5.6871652521172136e-07},
    {4.5821694825760879e-07, -4.8715544434261796e-07, -7.5680151828968866e-07, 1.2330121871226778e-06, -1.0135886438939079e-06, -1.3943035785993813e-06, 5.7433137546191475e-07, 1.3112130993975313e-07, -3.8642525636863334e-07, -5.0170652169111327e-08, -1.3537615597742456e-06, -6.5973030656473459e-07, -7.1762469213311746e-08, 7.9533398508293820e-08, 2.6197950585556603e-07, 9.1870826443084119e-07, 5.6871652519155287e-07, 1.0000059071037346e+00}
}}};

static constexpr auto result = eigvals(mat);

int main() { return 0; }
