#include "../../consteig.hpp"

using namespace consteig;

static constexpr Matrix<double, 14, 14> mat
{{{
    {-7.5189369916915894e-01, -1.7540174722671509e+00, 1.5783318877220154e-01, 1.1235395669937134e+00, 9.7310751676559448e-01, 7.1685194969177246e-01, 1.1271299123764038e+00, 1.5501581132411957e-01, -3.2524347305297852e-02, -8.2343277335166931e-01, 6.3329371809959412e-01, -2.7554377913475037e+00, -1.0275906622409821e+00, 1.6882061362266541e+00},
    {8.1009250879287720e-01, -1.4108434319496155e-01, 5.8378738164901733e-01, -8.6416624486446381e-02, -6.2116420269012451e-01, -1.0514014959335327e+00, 1.1786701679229736e+00, -3.2524347305297852e-02, 8.7056607007980347e-03, -5.7035496830940247e-01, -1.0369456112384796e+00, 1.2355815619230270e+00, -2.1758913770318031e+00, 1.2946020364761353e+00},
    {6.6994708776473999e-01, 5.3597837686538696e-01, 7.1414482593536377e-01, 7.9145586490631104e-01, 1.7233117818832397e+00, -8.1566202640533447e-01, -4.5449411869049072e-01, -8.2343277335166931e-01, -5.7035496830940247e-01, -2.0213145017623901e-01, -1.3934604972600937e+00, 1.8538910150527954e-01, -1.1227872967720032e+00, -8.5868740081787109e-01},
    {-4.0497940778732300e-01, 1.0154895484447479e-01, 9.2142172157764435e-02, -4.6667137742042542e-01, -1.3927173614501953e+00, 1.3144112825393677e+00, -7.8851297497749329e-02, 6.3329371809959412e-01, -1.0369456112384796e+00, -1.3934604972600937e+00, 1.3855770230293274e-01, -3.0924267768859863e+00, -6.9691734015941620e-01, 1.0637223720550537e-01},
    {9.3712139129638672e-01, -5.1200270652770996e-01, -2.6204457879066467e-01, 3.3127447962760925e-01, 4.5180004835128784e-01, 8.5464221239089966e-01, -2.0832131803035736e-01, -2.7554377913475037e+00, 1.2355815619230270e+00, 1.8538910150527954e-01, -3.0924267768859863e+00, -8.6195981502532959e-01, 1.8563099503517151e+00, 1.3974230885505676e+00},
    {-1.2299026250839233e+00, -2.4724857509136200e-01, -7.9892843961715698e-01, -9.5643490552902222e-01, -9.9366539716720581e-01, 2.1819024085998535e+00, 4.9108189344406128e-01, -1.0275906622409821e+00, -2.1758913770318031e+00, -1.1227872967720032e+00, -6.9691734015941620e-01, 1.8563099503517151e+00, 8.7859439849853516e-01, -6.0147285461425781e-02},
    {-2.3565317690372467e-01, -2.5554519891738892e-01, 9.2871719598770142e-01, -1.1866563558578491e+00, 5.5596756935119629e-01, 1.4959917068481445e+00, 8.4029757976531982e-01, 1.6882061362266541e+00, 1.2946020364761353e+00, -8.5868740081787109e-01, 1.0637223720550537e-01, 1.3974230885505676e+00, -6.0147285461425781e-02, 1.2060176134109497e+00},
    {1.5864381790161133e+00, 3.9911732077598572e-02, 4.1590452194213867e-01, -9.9721994996070862e-01, -9.9644869565963745e-01, 8.9979919791221619e-01, 1.4947412908077240e+00, 7.5189369916915894e-01, -8.1009250879287720e-01, -6.6994708776473999e-01, 4.0497940778732300e-01, -9.3712139129638672e-01, 1.2299026250839233e+00, 2.3565317690372467e-01},
    {3.9911732077598572e-02, 1.9222575426101685e+00, -1.8846038579940796e+00, -8.2399401068687439e-01, -1.6120634693652391e-01, 1.0728330016136169e+00, -1.6695726849138737e-01, 1.7540174722671509e+00, 1.4108434319496155e-01, -5.3597837686538696e-01, -1.0154895484447479e-01, 5.1200270652770996e-01, 2.4724857509136200e-01, 2.5554519891738892e-01},
    {4.1590452194213867e-01, -1.8846038579940796e+00, -3.8089797496795654e+00, 6.0070574656128883e-01, -7.0161557197570801e-01, -3.2919719815254211e-02, -5.5420964956283569e-01, -1.5783318877220154e-01, -5.8378738164901733e-01, -7.1414482593536377e-01, -9.2142172157764435e-02, 2.6204457879066467e-01, 7.9892843961715698e-01, -9.2871719598770142e-01},
    {-9.9721994996070862e-01, -8.2399401068687439e-01, 6.0070574656128883e-01, 1.5122666358947754e+00, 2.3869082927703857e+00, -1.6450597345829010e-01, 8.0639757215976715e-01, -1.1235395669937134e+00, 8.6416624486446381e-02, -7.9145586490631104e-01, 4.6667137742042542e-01, -3.3127447962760925e-01, 9.5643490552902222e-01, 1.1866563558578491e+00},
    {-9.9644869565963745e-01, -1.6120634693652391e-01, -7.0161557197570801e-01, 2.3869082927703857e+00, 9.1537237167358398e-02, -3.1968206167221069e-02, -7.5040870904922485e-01, -9.7310751676559448e-01, 6.2116420269012451e-01, -1.7233117818832397e+00, 1.3927173614501953e+00, -4.5180004835128784e-01, 9.9366539716720581e-01, -5.5596756935119629e-01},
    {8.9979919791221619e-01, 1.0728330016136169e+00, -3.2919719815254211e-02, -1.6450597345829010e-01, -3.1968206167221069e-02, 1.0626713037490845e+00, -1.1134245693683624e+00, -7.1685194969177246e-01, 1.0514014959335327e+00, 8.1566202640533447e-01, -1.3144112825393677e+00, -8.5464221239089966e-01, -2.1819024085998535e+00, -1.4959917068481445e+00},
    {1.4947412908077240e+00, -1.6695726849138737e-01, -5.5420964956283569e-01, 8.0639757215976715e-01, -7.5040870904922485e-01, -1.1134245693683624e+00, -4.1072923690080643e-02, -1.1271299123764038e+00, -1.1786701679229736e+00, 4.5449411869049072e-01, 7.8851297497749329e-02, 2.0832131803035736e-01, -4.9108189344406128e-01, -8.4029757976531982e-01}
}}};

static constexpr auto result = eigvals(mat);

int main() { return 0; }
