#include "../../consteig.hpp"

using namespace consteig;

static constexpr Matrix<double, 4, 4> mat
{{{
    {9.9999999999999956e-01, -1.8297255292406434e-16, -3.9997470881820404e-16, -2.7718769745846775e-17},
    {-1.8297255292406434e-16, 1.0000000000000000e+00, -1.1750815985847229e-16, -8.8225840353291815e-18},
    {-3.9997470881820404e-16, -1.1750815985847229e-16, 9.9999999999999978e-01, -4.9738147357016061e-17},
    {-2.7718769745846775e-17, -8.8225840353291815e-18, -4.9738147357016061e-17, 1.0000000000000000e+00}
}}};

static constexpr auto result = eigvals(mat);

int main() { return 0; }
