#include "../../consteig.hpp"

using namespace consteig;

static constexpr Matrix<double, 12, 12> mat
{{{
    {1.0000000000000000e+00, 1.4520761302905699e-16, 7.5541087493484765e-17, -1.3953740070945675e-16, 3.4079710588117421e-16, 1.7083680627459978e-16, -8.1598818801146487e-17, -1.5204342679387617e-17, 1.0474700313821143e-17, -1.4765601753938853e-16, -1.5988376095737114e-16, -5.6645785747742579e-17},
    {1.4520761302905699e-16, 1.0000000000000007e+00, -8.9357372102880558e-17, -2.3209438179970731e-16, 7.1455497875290324e-17, -2.3749790412166682e-17, 2.1457218840277772e-16, 9.7435062336363391e-17, 6.4405714742365722e-17, 1.4241066664587652e-16, 2.3271153620213605e-17, 5.3631226299562852e-17},
    {7.5541087493484765e-17, -8.9357372102880558e-17, 1.0000000000000002e+00, 7.8814335880824339e-17, -8.5285045267223285e-17, -3.1268110234731746e-17, -7.3647558725981990e-17, -3.7040344652441819e-17, -1.0606029176104271e-16, -2.5646689048199085e-18, -8.1879741354391106e-17, -1.5166953419439502e-16},
    {-1.3953740070945675e-16, -2.3209438179970731e-16, 7.8814335880824339e-17, 9.9999999999999989e-01, 2.6227746739296214e-17, 3.0744906362298842e-17, -1.3174917584977990e-16, 1.4094505115084512e-16, -4.0996095256628508e-17, 6.6376702752012182e-19, 5.3143048166797837e-17, 1.7935988426656334e-16},
    {3.4079710588117421e-16, 7.1455497875290324e-17, -8.5285045267223285e-17, 2.6227746739296214e-17, 9.9999999999999956e-01, -1.1755868796952340e-16, -6.8182543611571504e-18, -1.0308427749050772e-16, -8.7177456943068082e-18, -5.9778016818714177e-17, 6.6589981138125760e-17, -1.6943123873338205e-16},
    {1.7083680627459978e-16, -2.3749790412166682e-17, -3.1268110234731746e-17, 3.0744906362298842e-17, -1.1755868796952340e-16, 1.0000000000000002e+00, -4.2652495833705060e-17, -2.3988031760995137e-17, 8.9058713400680863e-17, -8.2718352671499548e-17, -9.3842908333671712e-17, -5.1803108656862169e-17},
    {-8.1598818801146487e-17, 2.1457218840277772e-16, -7.3647558725981990e-17, -1.3174917584977990e-16, -6.8182543611571504e-18, -4.2652495833705060e-17, 9.9999999999999978e-01, -1.5706015256896372e-17, 2.3899715306485188e-17, -3.5565217446812486e-17, -7.1308874215414425e-17, -4.7095172184058173e-17},
    {-1.5204342679387617e-17, 9.7435062336363391e-17, -3.7040344652441819e-17, 1.4094505115084512e-16, -1.0308427749050772e-16, -2.3988031760995137e-17, -1.5706015256896372e-17, 9.9999999999999989e-01, 8.3016424912082740e-17, 1.4631251511257242e-16, -7.2319488724665846e-18, -8.9935926883731871e-17},
    {1.0474700313821143e-17, 6.4405714742365722e-17, -1.0606029176104271e-16, -4.0996095256628508e-17, -8.7177456943068082e-18, 8.9058713400680863e-17, 2.3899715306485188e-17, 8.3016424912082740e-17, 9.9999999999999978e-01, -2.1895603615069820e-16, -1.0811969682113334e-16, 6.7830861863231554e-17},
    {-1.4765601753938853e-16, 1.4241066664587652e-16, -2.5646689048199085e-18, 6.6376702752012182e-19, -5.9778016818714177e-17, -8.2718352671499548e-17, -3.5565217446812486e-17, 1.4631251511257242e-16, -2.1895603615069820e-16, 1.0000000000000000e+00, 1.5200210006445590e-17, -6.6204376995927949e-17},
    {-1.5988376095737114e-16, 2.3271153620213605e-17, -8.1879741354391106e-17, 5.3143048166797837e-17, 6.6589981138125760e-17, -9.3842908333671712e-17, -7.1308874215414425e-17, -7.2319488724665846e-18, -1.0811969682113334e-16, 1.5200210006445590e-17, 1.0000000000000000e+00, 1.5069494178807882e-17},
    {-5.6645785747742579e-17, 5.3631226299562852e-17, -1.5166953419439502e-16, 1.7935988426656334e-16, -1.6943123873338205e-16, -5.1803108656862169e-17, -4.7095172184058173e-17, -8.9935926883731871e-17, 6.7830861863231554e-17, -6.6204376995927949e-17, 1.5069494178807882e-17, 9.9999999999999978e-01}
}}};

static constexpr auto result = eigvals(mat);

int main() { return 0; }
