#include "../../consteig.hpp"

using namespace consteig;

static constexpr Matrix<double, 12, 12> mat
{{{
    {1.0000000000000000e+00, 8.6272896980518814e-17, -3.8443696966054050e-17, -2.2186370955399091e-16, 2.4357793541651743e-17, -9.2685270611301809e-17, 1.1416919656360597e-16, -1.0456905086897683e-16, -7.8109679523165270e-17, 1.3805543267290808e-17, -1.0985110946745102e-16, 2.6713044230457966e-19},
    {8.6272896980518814e-17, 9.9999999999999978e-01, 8.1400477565304631e-17, -3.0127798127400563e-17, 9.1883007195447011e-17, 1.9011366240532434e-16, -2.0999437553704811e-17, 2.4741416348151829e-16, -5.1835695435180893e-17, 4.9767601750853169e-17, 1.1369559978652838e-16, 4.6489175694018173e-17},
    {-3.8443696966054050e-17, 8.1400477565304631e-17, 1.0000000000000000e+00, 5.6674503326048345e-17, 9.5174043287459716e-17, 1.0541377812335632e-16, 7.0295349224837235e-17, -5.7840057789495481e-17, 1.7789428422593878e-16, 2.5443138839386072e-17, -7.6422647270716490e-17, -1.8521575215645303e-16},
    {-2.2186370955399091e-16, -3.0127798127400563e-17, 5.6674503326048345e-17, 9.9999999999999989e-01, 8.5038835019169761e-18, 1.8568296521519857e-18, -1.6472925030152320e-16, 5.7703715794035022e-17, 1.5675406308415539e-16, 4.7344909142097569e-17, -7.0526533210987889e-17, -1.4805382173323471e-16},
    {2.4357793541651743e-17, 9.1883007195447011e-17, 9.5174043287459716e-17, 8.5038835019169761e-18, 9.9999999999999967e-01, -6.6636592111997796e-17, 1.4944167944092650e-16, -1.8567695456997111e-16, -2.6883375097030441e-17, 9.1032229025769431e-17, 8.6138295547976094e-18, 2.2699771638792651e-17},
    {-9.2685270611301809e-17, 1.9011366240532434e-16, 1.0541377812335632e-16, 1.8568296521519857e-18, -6.6636592111997796e-17, 9.9999999999999989e-01, 1.4471855168792956e-17, -1.2209073438337548e-16, 2.0110334928480031e-16, 9.3433340992764476e-18, 3.9693396083686264e-17, -1.4633436193181647e-17},
    {1.1416919656360597e-16, -2.0999437553704811e-17, 7.0295349224837235e-17, -1.6472925030152320e-16, 1.4944167944092650e-16, 1.4471855168792956e-17, 9.9999999999999989e-01, 1.0459336943392957e-16, -6.6159000651150709e-18, -8.7744868247575520e-17, -3.3082607260722160e-17, 1.1253274373118693e-16},
    {-1.0456905086897683e-16, 2.4741416348151829e-16, -5.7840057789495481e-17, 5.7703715794035022e-17, -1.8567695456997111e-16, -1.2209073438337548e-16, 1.0459336943392957e-16, 1.0000000000000002e+00, 1.8562354297177538e-16, 9.4866745791707259e-17, -1.5693010527465999e-16, -6.9559679181420657e-17},
    {-7.8109679523165270e-17, -5.1835695435180893e-17, 1.7789428422593878e-16, 1.5675406308415539e-16, -2.6883375097030441e-17, 2.0110334928480031e-16, -6.6159000651150709e-18, 1.8562354297177538e-16, 1.0000000000000002e+00, 6.9865846984702619e-17, -3.8808694466322245e-17, -2.1993824861608697e-16},
    {1.3805543267290808e-17, 4.9767601750853169e-17, 2.5443138839386072e-17, 4.7344909142097569e-17, 9.1032229025769431e-17, 9.3433340992764476e-18, -8.7744868247575520e-17, 9.4866745791707259e-17, 6.9865846984702619e-17, 9.9999999999999967e-01, -6.7188463165018193e-17, 1.6050045254689094e-19},
    {-1.0985110946745102e-16, 1.1369559978652838e-16, -7.6422647270716490e-17, -7.0526533210987889e-17, 8.6138295547976094e-18, 3.9693396083686264e-17, -3.3082607260722160e-17, -1.5693010527465999e-16, -3.8808694466322245e-17, -6.7188463165018193e-17, 1.0000000000000000e+00, 5.6798170978959450e-17},
    {2.6713044230457966e-19, 4.6489175694018173e-17, -1.8521575215645303e-16, -1.4805382173323471e-16, 2.2699771638792651e-17, -1.4633436193181647e-17, 1.1253274373118693e-16, -6.9559679181420657e-17, -2.1993824861608697e-16, 1.6050045254689094e-19, 5.6798170978959450e-17, 1.0000000000000002e+00}
}}};

static constexpr auto result = eigvals(mat);

int main() { return 0; }
