#include "../../consteig.hpp"

using namespace consteig;

static constexpr Matrix<double, 10, 10> mat
{{{
    {-9.7376853227615356e-01, 7.7948969602584839e-01, -9.2013823986053467e-01, 8.6860632896423340e-01, -2.9525429010391235e-01, -3.3210768699645996e+00, 2.8022144436836243e+00, 1.4181761741638184e+00, -8.1972904503345490e-01, 2.5048032402992249e-02},
    {1.6441346704959869e-01, -7.0138674974441528e-01, -1.6020922660827637e+00, -2.3041708767414093e-01, -8.1988368183374405e-03, 2.8022144436836243e+00, -2.3772690296173096e+00, 9.0301853418350220e-01, 9.8586478829383850e-01, -1.5923199355602264e+00},
    {-5.1987475156784058e-01, 4.1720688343048096e-01, 2.4279479980468750e+00, 1.5109761953353882e+00, -2.6491594314575195e-01, 1.4181761741638184e+00, 9.0301853418350220e-01, 9.9819630384445190e-01, 9.0146501362323761e-01, -1.4591181799769402e+00},
    {-1.3005943298339844e+00, 5.8077192306518555e-01, -6.0055315494537354e-01, 6.3838087022304535e-02, -2.9001635313034058e-01, -8.1972904503345490e-01, 9.8586478829383850e-01, 9.0146501362323761e-01, -1.8252758979797363e+00, 1.8269264698028564e-01},
    {8.0724906921386719e-01, -7.3726505041122437e-01, -7.0913451910018921e-01, 5.0178050994873047e-01, -2.4249555170536041e-01, 2.5048032402992249e-02, -1.5923199355602264e+00, -1.4591181799769402e+00, 1.8269264698028564e-01, 1.2468974590301514e+00},
    {-6.6670626401901245e-01, -1.5825967788696289e+00, -5.1829216629266739e-01, 3.4463307857513428e+00, -1.1587785631418228e+00, 9.7376853227615356e-01, -1.6441346704959869e-01, 5.1987475156784058e-01, 1.3005943298339844e+00, -8.0724906921386719e-01},
    {-1.5825967788696289e+00, 2.1313638687133789e+00, 3.6726218461990356e-01, 9.0938556194305420e-01, 1.2447417685762048e+00, -7.7948969602584839e-01, 7.0138674974441528e-01, -4.1720688343048096e-01, -5.8077192306518555e-01, 7.3726505041122437e-01},
    {-5.1829216629266739e-01, 3.6726218461990356e-01, -1.4833860397338867e+00, -6.3854900002479553e-01, 1.3747632503509521e-01, 9.2013823986053467e-01, 1.6020922660827637e+00, -2.4279479980468750e+00, 6.0055315494537354e-01, 7.0913451910018921e-01},
    {3.4463307857513428e+00, 9.0938556194305420e-01, -6.3854900002479553e-01, -3.7240190505981445e+00, -1.1382483243942261e+00, -8.6860632896423340e-01, 2.3041708767414093e-01, -1.5109761953353882e+00, -6.3838087022304535e-02, -5.0178050994873047e-01},
    {-1.1587785631418228e+00, 1.2447417685762048e+00, 1.3747632503509521e-01, -1.1382483243942261e+00, 4.4881813228130341e-02, 2.9525429010391235e-01, 8.1988368183374405e-03, 2.6491594314575195e-01, 2.9001635313034058e-01, 2.4249555170536041e-01}
}}};

static constexpr auto result = eigvals(mat);

int main() { return 0; }
