#include "../../consteig.hpp"

using namespace consteig;

static constexpr Matrix<double, 16, 16> mat
{{{
    {1.5135732889175415e+00, 2.4723677635192871e+00, -3.1493192911148071e-01, -6.0699456930160522e-01, 9.6812885999679565e-01, 9.4594407081604004e-01, 3.5618442296981812e-01, -6.8940557539463043e-02, 1.0322899371385574e-01, -7.2320123761892319e-01, 5.5178701877593994e-02, 4.0693068318068981e-01, 7.6270386576652527e-01, -5.1949874009005725e-01, -8.8583741709589958e-01, 1.6460191309452057e+00},
    {1.5778842568397522e-01, 8.4310954809188843e-01, -1.0510454177856445e+00, -1.1530393362045288e+00, -1.0650837421417236e+00, 1.7825874090194702e+00, 2.1913704872131348e+00, -2.1889286041259766e+00, -7.2320123761892319e-01, 3.3481149673461914e+00, 5.6536126136779785e-01, -8.8471261411905289e-01, 1.4556313753128052e+00, 1.6963794082403183e+00, 2.3250851184129715e+00, -1.2000079751014709e+00},
    {-2.6468722820281982e+00, -6.1776643991470337e-01, -1.6732411459088326e-02, -2.0587077140808105e+00, -9.9241888523101807e-01, -2.0671937465667725e+00, 1.2456305027008057e+00, 5.9605205059051514e-01, 5.5178701877593994e-02, 5.6536126136779785e-01, 3.1019737720489502e+00, 3.9803212881088257e-01, -7.2862297296524048e-01, -1.6198373436927795e+00, 1.9916633963584900e+00, -1.9525619149208069e+00},
    {1.4926894903182983e+00, 9.7875900566577911e-02, -6.9279021024703979e-01, 8.0363065004348755e-01, 1.3811517953872681e+00, 1.4566340446472168e+00, 3.0683401226997375e-01, -1.8340033292770386e+00, 4.0693068318068981e-01, -8.8471261411905289e-01, 3.9803212881088257e-01, 1.2362830638885498e+00, 8.7593117356300354e-01, -1.3127706050872803e+00, -6.7005209624767303e-01, 1.3728418350219727e+00},
    {9.8485577106475830e-01, -2.6195389032363892e-01, -4.7910529375076294e-01, 8.6637842655181885e-01, 3.2462456226348877e+00, -9.5229141414165497e-02, 1.2804698944091797e+00, -6.4305150508880615e-01, 7.6270386576652527e-01, 1.4556313753128052e+00, -7.2862297296524048e-01, 8.7593117356300354e-01, 5.9896075725555420e-01, 2.4056022167205811e+00, -7.3093558847904205e-01, 9.5312402397394180e-01},
    {1.6942343711853027e+00, 5.6375926733016968e-01, 1.4898395538330078e+00, -1.2630549669265747e+00, -7.8428983688354492e-01, 2.1609601974487305e+00, 2.5847962498664856e-01, 2.0676021277904510e-01, -5.1949874009005725e-01, 1.6963794082403183e+00, -1.6198373436927795e+00, -1.3127706050872803e+00, 2.4056022167205811e+00, 8.9030779898166656e-02, 1.0334322368726134e+00, 3.4599785804748535e+00},
    {-1.3192340731620789e-01, -6.4204555749893188e-01, -1.2569307088851929e+00, -1.3984936475753784e-01, 6.2218636274337769e-01, -4.8334798216819763e-01, 1.9869023561477661e-01, -5.7910871505737305e-01, -8.8583741709589958e-01, 2.3250851184129715e+00, 1.9916633963584900e+00, -6.7005209624767303e-01, -7.3093558847904205e-01, 1.0334322368726134e+00, -1.8785908222198486e+00, 1.2611338496208191e+00},
    {-1.2626883983612061e+00, 6.0146480798721313e-02, 3.2315754890441895e-01, 8.9918822050094604e-01, 5.1189219951629639e-01, 1.4924325048923492e-01, -1.7413257360458374e+00, -3.4386634826660156e-01, 1.6460191309452057e+00, -1.2000079751014709e+00, -1.9525619149208069e+00, 1.3728418350219727e+00, 9.5312402397394180e-01, 3.4599785804748535e+00, 1.2611338496208191e+00, -4.4912219047546387e+00},
    {4.3531540781259537e-02, -1.9420776516199112e+00, 2.2128393650054932e+00, 1.0612252652645111e+00, 1.6130824685096741e+00, 1.1089024022221565e+00, -8.1365541368722916e-01, -8.5634869337081909e-01, -1.5135732889175415e+00, -1.5778842568397522e-01, 2.6468722820281982e+00, -1.4926894903182983e+00, -9.8485577106475830e-01, -1.6942343711853027e+00, 1.3192340731620789e-01, 1.2626883983612061e+00},
    {-1.9420776516199112e+00, -7.5916218757629395e-01, -1.4304973483085632e+00, -1.2666546106338501e+00, -1.8666681051254272e+00, -1.0145443081855774e+00, -2.5309956073760986e+00, 6.5591871738433838e-01, -2.4723677635192871e+00, -8.4310954809188843e-01, 6.1776643991470337e-01, -9.7875900566577911e-02, 2.6195389032363892e-01, -5.6375926733016968e-01, 6.4204555749893188e-01, -6.0146480798721313e-02},
    {2.2128393650054932e+00, -1.4304973483085632e+00, -9.4039335846900940e-02, -1.9164872169494629e-01, -2.6823055744171143e-01, 6.9543421268463135e-02, 1.1638693809509277e+00, 1.7597703188657761e+00, 3.1493192911148071e-01, 1.0510454177856445e+00, 1.6732411459088326e-02, 6.9279021024703979e-01, 4.7910529375076294e-01, -1.4898395538330078e+00, 1.2569307088851929e+00, -3.2315754890441895e-01},
    {1.0612252652645111e+00, -1.2666546106338501e+00, -1.9164872169494629e-01, 1.9009394645690918e+00, -5.0626463443040848e-01, 3.1857877969741821e-02, 3.3768415078520775e-01, 7.0000019669532776e-01, 6.0699456930160522e-01, 1.1530393362045288e+00, 2.0587077140808105e+00, -8.0363065004348755e-01, -8.6637842655181885e-01, 1.2630549669265747e+00, 1.3984936475753784e-01, -8.9918822050094604e-01},
    {1.6130824685096741e+00, -1.8666681051254272e+00, -2.6823055744171143e-01, -5.0626463443040848e-01, -1.3769909739494324e-02, -2.6617381572723389e+00, 1.7308000922203064e+00, 2.4968237280845642e+00, -9.6812885999679565e-01, 1.0650837421417236e+00, 9.9241888523101807e-01, -1.3811517953872681e+00, -3.2462456226348877e+00, 7.8428983688354492e-01, -6.2218636274337769e-01, -5.1189219951629639e-01},
    {1.1089024022221565e+00, -1.0145443081855774e+00, 6.9543421268463135e-02, 3.1857877969741821e-02, -2.6617381572723389e+00, -3.3372638225555420e+00, -1.5406773686408997e+00, -1.4298654198646545e+00, -9.4594407081604004e-01, -1.7825874090194702e+00, 2.0671937465667725e+00, -1.4566340446472168e+00, 9.5229141414165497e-02, -2.1609601974487305e+00, 4.8334798216819763e-01, -1.4924325048923492e-01},
    {-8.1365541368722916e-01, -2.5309956073760986e+00, 1.1638693809509277e+00, 3.3768415078520775e-01, 1.7308000922203064e+00, -1.5406773686408997e+00, 9.3483585119247437e-01, -1.6337640285491943e+00, -3.5618442296981812e-01, -2.1913704872131348e+00, -1.2456305027008057e+00, -3.0683401226997375e-01, -1.2804698944091797e+00, -2.5847962498664856e-01, -1.9869023561477661e-01, 1.7413257360458374e+00},
    {-8.5634869337081909e-01, 6.5591871738433838e-01, 1.7597703188657761e+00, 7.0000019669532776e-01, 2.4968237280845642e+00, -1.4298654198646545e+00, -1.6337640285491943e+00, 1.7052427530288696e+00, 6.8940557539463043e-02, 2.1889286041259766e+00, -5.9605205059051514e-01, 1.8340033292770386e+00, 6.4305150508880615e-01, -2.0676021277904510e-01, 5.7910871505737305e-01, 3.4386634826660156e-01}
}}};

static constexpr auto result = eigvals(mat);

int main() { return 0; }
