#include "../../consteig.hpp"

using namespace consteig;

static constexpr Matrix<double, 4, 4> mat
{{{
    {9.9999999999999978e-01, 2.8089525110664125e-16, 2.1901904886754410e-16, 1.0487149946036547e-17},
    {2.8089525110664125e-16, 1.0000000000000002e+00, 1.1417081159118763e-16, -3.6969253971436952e-17},
    {2.1901904886754410e-16, 1.1417081159118763e-16, 9.9999999999999978e-01, 1.7606968257799576e-17},
    {1.0487149946036547e-17, -3.6969253971436952e-17, 1.7606968257799576e-17, 1.0000000000000002e+00}
}}};

static constexpr auto result = eigvals(mat);

int main() { return 0; }
