#include "../../consteig.hpp"

using namespace consteig;

static constexpr Matrix<double, 12, 12> mat
{{{
    {8.8329273462295532e-01, -6.0874390602111816e-01, -1.7211999893188477e+00, 7.1943865763023496e-01, 7.4631524085998535e-01, -3.3427593111991882e-01, -1.8479039669036865e+00, 1.0683649778366089e+00, -6.3611328601837158e-01, -7.0082092285156250e-01, -1.5876658111810684e+00, 1.0132555197924376e+00},
    {-6.0874390602111816e-01, -2.1620993614196777e+00, -5.3290040791034698e-01, -8.7393364310264587e-01, -1.3210144340991974e+00, 2.6859962940216064e-01, -5.5992144346237183e-01, -1.4760988950729370e-01, -1.3086476922035217e+00, 7.3945793509483337e-01, -4.9059015512466431e-01, -1.0354425907135010e+00},
    {-1.7211999893188477e+00, -5.3290040791034698e-01, -2.5400140285491943e+00, -2.7697949483990669e-01, -4.8715537786483765e-01, 1.6748005151748657e+00, 2.2044924227520823e+00, -1.2365198433399200e+00, -6.0045681288465858e-01, -4.5064565725624561e-02, 2.7771664857864380e+00, 4.2717898637056351e-01},
    {7.1943865763023496e-01, -8.7393364310264587e-01, -2.7697949483990669e-01, 1.6504691839218140e+00, -2.5322884321212769e+00, 1.4243835806846619e+00, -1.6646268367767334e+00, 8.0592215061187744e-02, 3.3745136857032776e-01, 1.7435718178749084e+00, -3.3055430650711060e-01, 4.9059083871543407e-01},
    {7.4631524085998535e-01, -1.3210144340991974e+00, -4.8715537786483765e-01, -2.5322884321212769e+00, 3.1019079685211182e-01, 7.8032216429710388e-01, -1.5123090147972107e-01, -1.1666234135627747e+00, -1.0876927897334099e-01, 3.3435285091400146e-01, -3.1812458038330078e+00, 2.2668135166168213e-01},
    {-3.3427593111991882e-01, 2.6859962940216064e-01, 1.6748005151748657e+00, 1.4243835806846619e+00, 7.8032216429710388e-01, -1.1181046962738037e+00, 8.3408054709434509e-01, -1.4472916126251221e+00, -1.2180877774953842e+00, -1.6242185831069946e+00, -1.5217624604701996e+00, -7.6182650029659271e-01},
    {-1.8479039669036865e+00, -5.5992144346237183e-01, 2.2044924227520823e+00, -1.6646268367767334e+00, -1.5123090147972107e-01, 8.3408054709434509e-01, 3.6796448230743408e+00, -1.0474377274513245e+00, -7.1235436201095581e-01, -7.2648228704929352e-01, 3.4226974844932556e-01, -2.1104180812835693e-01},
    {1.0683649778366089e+00, -1.4760988950729370e-01, -1.2365198433399200e+00, 8.0592215061187744e-02, -1.1666234135627747e+00, -1.4472916126251221e+00, -1.0474377274513245e+00, -6.7297255992889404e-01, -3.6532181501388550e-01, 3.7863820791244507e-01, -1.2636367976665497e+00, 1.6529511809349060e+00},
    {-6.3611328601837158e-01, -1.3086476922035217e+00, -6.0045681288465858e-01, 3.3745136857032776e-01, -1.0876927897334099e-01, -1.2180877774953842e+00, -7.1235436201095581e-01, -3.6532181501388550e-01, 3.1597714424133301e+00, 9.5399436354637146e-01, -1.6037794202566147e-01, -4.3843320012092590e-01},
    {-7.0082092285156250e-01, 7.3945793509483337e-01, -4.5064565725624561e-02, 1.7435718178749084e+00, 3.3435285091400146e-01, -1.6242185831069946e+00, -7.2648228704929352e-01, 3.7863820791244507e-01, 9.5399436354637146e-01, 1.0503338575363159e+00, 5.2148613333702087e-01, 1.0874789133667946e+00},
    {-1.5876658111810684e+00, -4.9059015512466431e-01, 2.7771664857864380e+00, -3.3055430650711060e-01, -3.1812458038330078e+00, -1.5217624604701996e+00, 3.4226974844932556e-01, -1.2636367976665497e+00, -1.6037794202566147e-01, 5.2148613333702087e-01, -6.5103393793106079e-01, -1.4512415528297424e+00},
    {1.0132555197924376e+00, -1.0354425907135010e+00, 4.2717898637056351e-01, 4.9059083871543407e-01, 2.2668135166168213e-01, -7.6182650029659271e-01, -2.1104180812835693e-01, 1.6529511809349060e+00, -4.3843320012092590e-01, 1.0874789133667946e+00, -1.4512415528297424e+00, -1.5304889678955078e+00}
}}};

static constexpr auto result = eigvals(mat);

int main() { return 0; }
