#include "../../consteig.hpp"

using namespace consteig;

static constexpr Matrix<double, 10, 10> mat
{{{
    {1.0000061169771777e+00, -1.2269088563359216e-07, -7.8081202174131454e-07, -2.0445961008002898e-07, -7.3901236435960339e-07, -7.6815101922798167e-07, 8.0310955395382571e-07, 9.5633098327015322e-07, 1.2871223132446326e-07, -2.1050771067739282e-06},
    {-1.2269088567818765e-07, 1.0000056071933705e+00, 8.2353053069585428e-08, -1.7624447691114325e-08, 4.3012250218800623e-07, 2.5561422529868623e-07, 1.1105913768676879e-06, 2.6419423114582075e-06, 9.5896173685459309e-07, -1.6048054156694440e-07},
    {-7.8081202174118749e-07, 8.2353053071990683e-08, 1.0000031445440718e+00, -5.2781407982196789e-08, 4.0700261791167495e-07, 1.1619609886183084e-06, 3.7482281836938940e-07, -1.2998089041534044e-07, -7.9414735900974438e-07, 3.2792357967942503e-07},
    {-2.0445961006551904e-07, -1.7624447709957708e-08, -5.2781407984684141e-08, 1.0000051297467609e+00, -6.5063950802475911e-07, 4.0802818149208321e-07, -1.0388877418221473e-06, -1.9772612719980723e-07, 2.4245363153013404e-06, 1.9802250566584149e-07},
    {-7.3901236435634295e-07, 4.3012250220257710e-07, 4.0700261791133503e-07, -6.5063950799173235e-07, 1.0000052027329123e+00, -2.4873175705266062e-07, -9.3883895265557837e-07, -2.3253169177184244e-06, 1.6014370206834091e-07, -1.3051041179589508e-06},
    {-7.6815101923098948e-07, 2.5561422533023684e-07, 1.1619609885693038e-06, 4.0802818150731535e-07, -2.4873175704848681e-07, 1.0000040850939544e+00, -1.4340957725992418e-06, 1.5902297660884985e-07, 3.9742405065665736e-07, -8.8304616286491171e-07},
    {8.0310955396710147e-07, 1.1105913768668460e-06, 3.7482281834766104e-07, -1.0388877418147521e-06, -9.3883895261847452e-07, -1.4340957726288926e-06, 1.0000052954761789e+00, -5.7162713011542614e-07, -8.5777432985589272e-07, 4.7544622592660005e-08},
    {9.5633098321257807e-07, 2.6419423114504681e-06, -1.2998089043690444e-07, -1.9772612720476221e-07, -2.3253169176694536e-06, 1.5902297659200488e-07, -5.7162713014088234e-07, 1.0000039063495216e+00, 9.4716197241113690e-07, 2.7313138998126636e-07},
    {1.2871223135224205e-07, 9.5896173685121237e-07, -7.9414735901616563e-07, 2.4245363152862378e-06, 1.6014370211370106e-07, 3.9742405062942446e-07, -8.5777432987642236e-07, 9.4716197238101948e-07, 1.0000040354589790e+00, 1.8368453966739816e-06},
    {-2.1050771068023034e-06, -1.6048054159104802e-07, 3.2792357965792723e-07, 1.9802250563551339e-07, -1.3051041179973650e-06, -8.8304616284641325e-07, 4.7544622592912798e-08, 2.7313138999148020e-07, 1.8368453967063389e-06, 1.0000074764270750e+00}
}}};

static constexpr auto result = eigvals(mat);

int main() { return 0; }
