#include "../../consteig.hpp"

using namespace consteig;

static constexpr Matrix<double, 12, 12> mat
{{{
    {1.0000040828528127e+00, 2.0323921943918151e-06, -1.5299288157168916e-06, 2.6294027897739322e-07, -1.4298550764432671e-07, 1.1374267054851631e-07, -7.8450824836152968e-07, -6.5903891662452924e-07, 1.6019208776813678e-06, -5.8130417766881082e-07, 1.1002308393335232e-07, 7.5803447999818059e-07},
    {2.0323921943960380e-06, 1.0000042349830691e+00, 7.2866775627681488e-08, -3.3249148943653302e-07, -1.2407448626494881e-06, 3.6509782384232863e-07, -7.5288676103637431e-07, 3.2487457081022832e-08, -6.2733056563580636e-07, -9.7348449100194356e-07, -4.7596072225207426e-07, 3.4339617010162320e-07},
    {-1.5299288157323796e-06, 7.2866775615189261e-08, 1.0000052565099424e+00, -1.9275639730357242e-07, -1.1430453953921967e-06, 1.1916898535054244e-06, 8.6912626156610604e-07, -1.8771208528022888e-07, 1.9107448346905186e-06, 3.6048645733996152e-07, 3.9539623817362372e-07, 1.2204209291581595e-06},
    {2.6294027899537944e-07, -3.3249148937762119e-07, -1.9275639731226160e-07, 1.0000046372897520e+00, -1.2062302819712582e-06, -4.8323183433935766e-07, -1.1702892228197224e-06, -1.3236738612491000e-06, -8.1217773339863842e-07, -1.3146254585217762e-06, -1.7745445375252006e-07, -8.4052155475828368e-07},
    {-1.4298550763328902e-07, -1.2407448626527407e-06, -1.1430453953748508e-06, -1.2062302819561924e-06, 1.0000041377834705e+00, 1.0846011120232241e-06, 1.1378477720106857e-07, 1.1161170758790734e-06, -5.6231061619891030e-07, 1.1784545409160344e-06, -2.8976286055315489e-07, 1.4282687474450729e-07},
    {1.1374267058594224e-07, 3.6509782383476208e-07, 1.1916898534633904e-06, -4.8323183429076169e-07, 1.0846011120203902e-06, 1.0000066185542931e+00, 5.5307742267405208e-07, 8.6829040845798696e-07, 4.9574140242527716e-07, -6.3631744846570023e-07, 4.0546343273165778e-07, -9.9928092708244458e-09},
    {-7.8450824836424473e-07, -7.5288676104498842e-07, 8.6912626157057615e-07, -1.1702892228262947e-06, 1.1378477720527732e-07, 5.5307742270019681e-07, 1.0000032839849680e+00, -9.3259762896761206e-07, -1.4824678307973643e-08, -7.3299980336249202e-07, 1.3698613646985672e-06, 8.5523550554960609e-08},
    {-6.5903891662079181e-07, 3.2487457084280799e-08, -1.8771208527241244e-07, -1.3236738613063253e-06, 1.1161170758947042e-06, 8.6829040847110993e-07, -9.3259762895424556e-07, 1.0000051998794051e+00, 4.7915781346630208e-07, 4.3372259577106324e-07, -1.1007187156417733e-06, -2.3780020725356893e-07},
    {1.6019208776790372e-06, -6.2733056562539124e-07, 1.9107448347263070e-06, -8.1217773337123923e-07, -5.6231061621154751e-07, 4.9574140244557524e-07, -1.4824678307629309e-08, 4.7915781349279336e-07, 1.0000043866041772e+00, 1.3614390203327420e-06, 3.9828915014384201e-07, 6.6246021643603277e-07},
    {-5.8130417768272323e-07, -9.7348449097986755e-07, 3.6048645731419706e-07, -1.3146254585417340e-06, 1.1784545408993166e-06, -6.3631744847762285e-07, -7.3299980333477213e-07, 4.3372259579141140e-07, 1.3614390203115735e-06, 1.0000038361920625e+00, -2.9697225446659992e-07, 1.6047521982581499e-06},
    {1.1002308395185125e-07, -4.7596072224368556e-07, 3.9539623815557149e-07, -1.7745445372634377e-07, -2.8976286053227865e-07, 4.0546343270742338e-07, 1.3698613646758639e-06, -1.1007187156464680e-06, 3.9828915013159545e-07, -2.9697225446998419e-07, 1.0000072555225588e+00, -1.1267601110032098e-06},
    {7.5803447999330602e-07, 3.4339617010789558e-07, 1.2204209291762745e-06, -8.4052155476336259e-07, 1.4282687473513373e-07, -9.9928092565432932e-09, 8.5523550514169382e-08, -2.3780020725257393e-07, 6.6246021643998534e-07, 1.6047521982755704e-06, -1.1267601110089423e-06, 1.0000070698434915e+00}
}}};

static constexpr auto result = eigvals(mat);

int main() { return 0; }
