#include "../../consteig.hpp"

using namespace consteig;

static constexpr Matrix<double, 14, 14> mat
{{{
    {-7.5987762212753296e-01, -2.0107330381870270e-01, -9.9616963416337967e-03, 1.6809191554784775e-02, 1.1614767313003540e+00, 1.9467663764953613e+00, 1.8211948871612549e-01, -6.0232943296432495e-01, 1.1702731028199196e+00, -2.7487756013870239e+00, 1.9481595754623413e+00, -2.5126361250877380e+00, 6.1682552099227905e-02, 1.9299266338348389e+00},
    {8.4596413373947144e-01, -1.0513211041688919e-01, -2.2507956251502037e-02, 1.7841482162475586e+00, 5.7412445545196533e-01, -3.3044841885566711e-01, -3.3257550001144409e-01, 1.1702731028199196e+00, -1.8659230470657349e+00, -9.9561339616775513e-01, -1.0656749308109283e+00, -5.8647847175598145e-01, -1.4601138681173325e+00, 3.5359191894531250e-01},
    {-1.6338281631469727e+00, -4.5059606432914734e-01, 9.8700600862503052e-01, -7.8863465785980225e-01, 1.2485338449478149e+00, 3.6061942577362061e-01, -9.9470400810241699e-01, -2.7487756013870239e+00, -9.9561339616775513e-01, 1.5775261446833611e-02, -1.5077075064182281e+00, 1.1690259873867035e+00, 1.8810632079839706e-01, 1.2224681079387665e+00},
    {-6.7694485187530518e-01, 1.2294719927012920e-02, 3.1378969550132751e-01, -1.3589178323745728e+00, 1.6267939805984497e+00, -3.3656156063079834e-01, 1.2489573955535889e+00, 1.9481595754623413e+00, -1.0656749308109283e+00, -1.5077075064182281e+00, 7.2982311248779297e-01, 1.6499627381563187e+00, 1.9636993706226349e+00, -1.0626977682113647e-01},
    {-4.6911138296127319e-01, -1.4321663379669189e+00, 9.7101473808288574e-01, -1.9410767555236816e+00, -2.9482372105121613e-02, -1.3732931613922119e+00, -7.2286897897720337e-01, -2.5126361250877380e+00, -5.8647847175598145e-01, 1.1690259873867035e+00, 1.6499627381563187e+00, 3.1413297653198242e+00, 1.6190185695886612e+00, -2.0131947100162506e-01},
    {7.7685749530792236e-01, 3.7470820546150208e-01, 2.5387752056121826e-01, -1.4780915975570679e+00, -2.5868413448333740e+00, 3.5503196716308594e-01, 7.1395337581634521e-01, 6.1682552099227905e-02, -1.4601138681173325e+00, 1.8810632079839706e-01, 1.9636993706226349e+00, 1.6190185695886612e+00, -2.0992729663848877e+00, -4.6240768581628799e-01},
    {1.7811128869652748e-02, -7.2446399927139282e-01, 1.8048833608627319e+00, 9.3022567033767700e-01, -3.2669880986213684e-01, 1.5177114009857178e+00, -6.2175220251083374e-01, 1.9299266338348389e+00, 3.5359191894531250e-01, 1.2224681079387665e+00, -1.0626977682113647e-01, -2.0131947100162506e-01, -4.6240768581628799e-01, -1.8432807922363281e+00},
    {-2.7648181915283203e+00, 2.4579188823699951e+00, 4.5469734817743301e-01, 2.1505653858184814e-01, -1.2932063788175583e+00, -6.6101614385843277e-01, -6.0992115736007690e-01, 7.5987762212753296e-01, -8.4596413373947144e-01, 1.6338281631469727e+00, 6.7694485187530518e-01, 4.6911138296127319e-01, -7.7685749530792236e-01, -1.7811128869652748e-02},
    {2.4579188823699951e+00, -4.6704173088073730e-01, -4.4636845588684082e-01, -1.9890272263437510e+00, -6.6665148735046387e-01, 1.1191511154174805e+00, -2.7258774042129517e+00, 2.0107330381870270e-01, 1.0513211041688919e-01, 4.5059606432914734e-01, -1.2294719927012920e-02, 1.4321663379669189e+00, -3.7470820546150208e-01, 7.2446399927139282e-01},
    {4.5469734817743301e-01, -4.4636845588684082e-01, 2.6475470066070557e+00, 7.6488173007965088e-01, -9.4611855596303940e-01, -1.5328758470714092e+00, -7.9791367053985596e-01, 9.9616963416337967e-03, 2.2507956251502037e-02, -9.8700600862503052e-01, -3.1378969550132751e-01, -9.7101473808288574e-01, -2.5387752056121826e-01, -1.8048833608627319e+00},
    {2.1505653858184814e-01, -1.9890272263437510e+00, 7.6488173007965088e-01, -3.4682673215866089e-01, 1.1849551796913147e+00, 4.1512762196362019e-01, -1.1470872163772583e-01, -1.6809191554784775e-02, -1.7841482162475586e+00, 7.8863465785980225e-01, 1.3589178323745728e+00, 1.9410767555236816e+00, 1.4780915975570679e+00, -9.3022567033767700e-01},
    {-1.2932063788175583e+00, -6.6665148735046387e-01, -9.4611855596303940e-01, 1.1849551796913147e+00, -3.1729984283447266e+00, -1.5697087049484253e+00, 2.3323208093643188e+00, -1.1614767313003540e+00, -5.7412445545196533e-01, -1.2485338449478149e+00, -1.6267939805984497e+00, 2.9482372105121613e-02, 2.5868413448333740e+00, 3.2669880986213684e-01},
    {-6.6101614385843277e-01, 1.1191511154174805e+00, -1.5328758470714092e+00, 4.1512762196362019e-01, -1.5697087049484253e+00, -1.1299897432327271e+00, -1.7310934364795685e+00, -1.9467663764953613e+00, 3.3044841885566711e-01, -3.6061942577362061e-01, 3.3656156063079834e-01, 1.3732931613922119e+00, -3.5503196716308594e-01, -1.5177114009857178e+00},
    {-6.0992115736007690e-01, -2.7258774042129517e+00, -7.9791367053985596e-01, -1.1470872163772583e-01, 2.3323208093643188e+00, -1.7310934364795685e+00, -1.4664316177368164e+00, -1.8211948871612549e-01, 3.3257550001144409e-01, 9.9470400810241699e-01, -1.2489573955535889e+00, 7.2286897897720337e-01, -7.1395337581634521e-01, 6.2175220251083374e-01}
}}};

static constexpr auto result = eigvals(mat);

int main() { return 0; }
