#include "../../consteig.hpp"

using namespace consteig;

static constexpr Matrix<double, 16, 16> mat
{{{
    {1.0000061009800316e+00, 2.2128439364522725e-07, 6.0812709273456049e-07, 2.8147403608712699e-07, -7.7109848872233287e-08, 7.7153282902251108e-07, -2.9080196297794536e-08, 9.4342874414134039e-07, 3.7107666158663000e-07, 6.4830875045294555e-07, 7.3917195153697289e-07, 1.6948959224547620e-07, -1.0637810441447172e-06, -8.5595893587568124e-07, -4.1046328485549310e-07, 1.7520662061721450e-07},
    {2.2128439366343446e-07, 1.0000047838756496e+00, 1.0753552444584276e-07, -1.2079602292178098e-07, -5.8048739718768663e-07, -2.1817004818188985e-06, 3.4326791467495114e-07, -1.4862311613658968e-06, 9.8554917345706925e-07, 4.7211999041063351e-07, 5.5173860235009905e-07, -4.6959662053469986e-07, -1.5952310418265111e-07, 4.0509226540796415e-07, 9.2460523658291764e-07, 3.7892417629042141e-07},
    {6.0812709272494741e-07, 1.0753552445893289e-07, 1.0000053225801921e+00, 1.9864481568328476e-07, 9.4360988074052459e-07, -7.6983517576201385e-07, -1.3078297562063147e-06, -9.0004953272702051e-07, 9.4606585925426837e-08, -1.2152636544863688e-06, -8.8044713523461302e-09, 1.0192918209270103e-06, -2.4917139724476937e-07, -1.0633996760733905e-06, -9.8664495579563385e-07, -9.8319256861628032e-07},
    {2.8147403611713552e-07, -1.2079602295526424e-07, 1.9864481570084391e-07, 1.0000063979318963e+00, -6.8167311729968054e-07, 7.0830759801405605e-08, -5.8060382408937288e-07, -2.4719812080421315e-07, -4.8406647676168717e-07, -4.3102523213312714e-07, 3.6783619913276502e-07, 7.3383665265437598e-07, -3.0335111162719008e-07, 2.0528781849234204e-07, 1.3987519674029109e-06, -2.4036018639996626e-07},
    {-7.7109848885904161e-08, -5.8048739717749968e-07, 9.4360988075528923e-07, -6.8167311731724112e-07, 1.0000050814070973e+00, 8.1669613886342014e-08, 1.0154407337844401e-06, -8.4795591928379939e-07, 9.3651054456619195e-07, 4.6658472904243036e-07, 2.9037637021369819e-08, 5.6510740630862585e-07, 6.5313173460364985e-07, 1.0052506817122309e-07, 1.4150728948082078e-07, 1.1396577215774581e-06},
    {7.7153282906026557e-07, -2.1817004818184462e-06, -7.6983517573931707e-07, 7.0830759831491223e-08, 8.1669613890999888e-08, 1.0000052501959560e+00, 7.1341458064416810e-07, -4.1861254877463206e-07, -6.8333327307019521e-08, 7.5465040957870874e-07, -1.1581214440656703e-06, 1.1027359605317512e-07, -1.8446791194659023e-06, -1.4666051683649998e-06, 5.9782849509876663e-07, -6.8403078265931498e-08},
    {-2.9080196304475422e-08, 3.4326791467465473e-07, -1.3078297562661360e-06, -5.8060382408319462e-07, 1.0154407337873731e-06, 7.1341458063342106e-07, 1.0000047877736140e+00, 7.6585733972548434e-07, 1.3392188862210323e-07, 1.7019765680928063e-06, -6.9674978562348772e-07, 1.3874002531580477e-06, 1.0689704454704193e-06, 4.3269279163489233e-07, -6.5072773583364633e-07, 5.4002671725194238e-07},
    {9.4342874411055709e-07, -1.4862311613368488e-06, -9.0004953270565718e-07, -2.4719812081324448e-07, -8.4795591928127650e-07, -4.1861254878598150e-07, 7.6585733969525363e-07, 1.0000048079911226e+00, 3.0686685440520576e-07, -1.0285345226305701e-06, 7.8829526393005743e-07, -4.6669703062896515e-07, -3.5095019387261198e-07, -1.1031314701596404e-07, -9.4079326920698086e-07, 8.5970434671244914e-07},
    {3.7107666158038747e-07, 9.8554917350318744e-07, 9.4606585912975546e-08, -4.8406647682101728e-07, 9.3651054456963471e-07, -6.8333327314359155e-08, 1.3392188865758129e-07, 3.0686685439283405e-07, 1.0000045123891843e+00, 3.3495567969524925e-08, -1.4793604088224295e-06, -4.0688121216430052e-07, 5.0430591604842239e-07, 3.5569758262282137e-07, 1.3514465509630282e-06, -6.9968747859126452e-07},
    {6.4830875046872620e-07, 4.7211999041217437e-07, -1.2152636544852052e-06, -4.3102523214709831e-07, 4.6658472907790553e-07, 7.5465040959590001e-07, 1.7019765680958241e-06, -1.0285345226566024e-06, 3.3495567998571306e-08, 1.0000052622624982e+00, 8.3596212828036597e-07, 2.4181212783370965e-07, 4.4450744642014200e-07, 1.6230517620486606e-07, 1.8507741434213214e-06, 1.3706620198143808e-07},
    {7.3917195160647099e-07, 5.5173860234299667e-07, -8.8044713602490948e-09, 3.6783619909541833e-07, 2.9037636995469289e-08, -1.1581214440125404e-06, -6.9674978564882121e-07, 7.8829526391942304e-07, -1.4793604088026712e-06, 8.3596212824068099e-07, 1.0000061386360781e+00, -7.8773545340083077e-07, 1.1914199234352749e-06, 2.7056414337010994e-07, -1.0100336028448035e-06, -2.3791598856382572e-07},
    {1.6948959223907451e-07, -4.6959662053006490e-07, 1.0192918209778046e-06, 7.3383665265025019e-07, 5.6510740629423825e-07, 1.1027359603053566e-07, 1.3874002531856360e-06, -4.6669703062690787e-07, -4.0688121216158419e-07, 2.4181212786577917e-07, -7.8773545337765065e-07, 1.0000044280559588e+00, -9.6482449529993403e-07, 1.4863751972320138e-07, -6.9874942288564587e-08, 6.6922519627055075e-08},
    {-1.0637810441722261e-06, -1.5952310422100662e-07, -2.4917139727643242e-07, -3.0335111159477762e-07, 6.5313173459774646e-07, -1.8446791194651643e-06, 1.0689704454017362e-06, -3.5095019386920543e-07, 5.0430591603609234e-07, 4.4450744639718466e-07, 1.1914199234198517e-06, -9.6482449525795275e-07, 1.0000046078824010e+00, -1.3150754323843398e-07, -8.2324963861202352e-07, -7.2390943720051620e-07},
    {-8.5595893590241275e-07, 4.0509226538308647e-07, -1.0633996760332009e-06, 2.0528781845400866e-07, 1.0052506818468459e-07, -1.4666051683502750e-06, 4.3269279162863011e-07, -1.1031314701244074e-07, 3.5569758262909948e-07, 1.6230517620753329e-07, 2.7056414339672837e-07, 1.4863751972232562e-07, -1.3150754328204228e-07, 1.0000042067041337e+00, 3.0174641407140917e-09, -4.4106097825369442e-07},
    {-4.1046328485681505e-07, 9.2460523658771291e-07, -9.8664495576965471e-07, 1.3987519673554709e-06, 1.4150728946989263e-07, 5.9782849506351608e-07, -6.5072773586761097e-07, -9.4079326922093658e-07, 1.3514465509954746e-06, 1.8507741435100217e-06, -1.0100336028351152e-06, -6.9874942254440263e-08, -8.2324963860906738e-07, 3.0174641235004060e-09, 1.0000055783555415e+00, 4.0939337017812556e-07},
    {1.7520662062262040e-07, 3.7892417629453936e-07, -9.8319256859082761e-07, -2.4036018640203583e-07, 1.1396577215251898e-06, -6.8403078284644216e-08, 5.4002671725544582e-07, 8.5970434672049363e-07, -6.9968747858812446e-07, 1.3706620198011374e-07, -2.3791598853784780e-07, 6.6922519634096949e-08, -7.2390943715924653e-07, -4.4106097822026140e-07, 4.0939337018163815e-07, 1.0000027329786458e+00}
}}};

static constexpr auto result = eigvals(mat);

int main() { return 0; }
