#include "../../consteig.hpp"

using namespace consteig;

static constexpr Matrix<double, 6, 6> mat
{{{
    {9.9999999999999989e-01, 3.6895750006743732e-17, 9.3077239551790981e-18, -2.7949788074221891e-17, 7.7214939058945688e-17, 1.0074062559558716e-16},
    {3.6895750006743732e-17, 1.0000000000000002e+00, -4.4657870912547549e-17, -4.0583698618095983e-19, -1.4577383754237191e-17, -1.4022271707238007e-17},
    {9.3077239551790981e-18, -4.4657870912547549e-17, 1.0000000000000002e+00, 4.4500107810603900e-17, -1.0375448378621424e-16, -1.3513020741633356e-16},
    {-2.7949788074221891e-17, -4.0583698618095983e-19, 4.4500107810603900e-17, 1.0000000000000000e+00, 1.7335074961428570e-17, 3.4482454174397587e-17},
    {7.7214939058945688e-17, -1.4577383754237191e-17, -1.0375448378621424e-16, 1.7335074961428570e-17, 9.9999999999999989e-01, 3.3431644865424515e-17},
    {1.0074062559558716e-16, -1.4022271707238007e-17, -1.3513020741633356e-16, 3.4482454174397587e-17, 3.3431644865424515e-17, 1.0000000000000000e+00}
}}};

static constexpr auto result = eigvals(mat);

int main() { return 0; }
