#include "../../consteig.hpp"

using namespace consteig;

static constexpr Matrix<double, 20, 20> mat
{{{
    {-3.9406234025955200e-01, -4.9509988166391850e-03, 1.8496310710906982e+00, 1.9393758475780487e-01, 1.1101032793521881e-01, -8.4501743316650391e-02, 1.2877423763275146e+00, -6.2871807813644409e-01, -2.3247130215167999e-01, 1.1800557374954224e-01, 5.6748610734939575e-01, -1.5304350852966309e-01, -2.5344547629356384e-01, 2.7332700490951538e+00, 3.5584584474563599e+00, 2.5545737743377686e+00, 1.3032584190368652e+00, -1.0275856256484985e+00, -8.0894020199775696e-01, 2.5385189056396484e-01},
    {1.0378029346466064e+00, -3.1284704804420471e-01, -1.3270046710968018e+00, -1.1353769302368164e+00, -2.8479769825935364e-01, 7.9619628190994263e-01, 4.1054174304008484e-01, -1.9685620069503784e-01, -4.5332813262939453e-01, 3.2953923940658569e-01, -1.5304350852966309e-01, 4.0630453824996948e-01, 1.6365593075752258e+00, -5.0001472234725952e-02, -1.8419730663299561e-01, 2.7839356660842896e+00, -9.0245616436004639e-01, 1.8597024679183960e-01, -1.4875003695487976e+00, -3.2813696563243866e-01},
    {-9.2968410253524780e-01, 9.5327146351337433e-02, -6.9347947835922241e-01, -3.6886355280876160e-01, 2.1093630790710449e+00, -7.6554816961288452e-01, 2.3824514448642731e-01, -6.3545918464660645e-01, -1.5047273635864258e+00, -1.0106016397476196e+00, -2.5344547629356384e-01, 1.6365593075752258e+00, -9.0514153242111206e-02, -8.0886667966842651e-01, 2.8502514958381653e-01, 4.9798890948295593e-01, 6.1674952507019043e-02, 7.7076017856597900e-02, -1.7360663414001465e+00, -3.3978688716888428e-01},
    {4.8105323314666748e-01, -5.6429558992385864e-01, 5.7208222150802612e-01, 2.2997623682022095e-01, 8.2192271947860718e-01, 2.1426553726196289e+00, -7.9806288704276085e-03, 9.6728898584842682e-02, -1.0342829227447510e+00, 1.5347282896982506e-05, 2.7332700490951538e+00, -5.0001472234725952e-02, -8.0886667966842651e-01, 5.7777667045593262e-01, 2.1911516189575195e+00, -6.7597031593322754e-02, 1.1889542937278748e+00, 6.9039803743362427e-01, -1.2460731863975525e+00, -1.4794129729270935e+00},
    {8.8642805814743042e-01, -7.6324081420898438e-01, 1.1922295391559601e-01, -1.2331027537584305e-01, -7.1240848302841187e-01, 1.9214911460876465e+00, 6.8148308992385864e-01, 1.2389580011367798e+00, 8.9689254760742188e-01, 7.0796197652816772e-01, 3.5584584474563599e+00, -1.8419730663299561e-01, 2.8502514958381653e-01, 2.1911516189575195e+00, 1.2811158895492554e+00, -1.2570483684539795e+00, -5.5937701463699341e-01, 5.9101283550262451e-03, -7.0302191376686096e-01, -5.9448719024658203e-02},
    {-1.7044804096221924e+00, -3.4080833196640015e-01, -4.5385643839836121e-02, 1.2117420881986618e-01, 2.6045146584510803e-01, 1.1988894939422607e+00, 9.3750363588333130e-01, -2.1624028682708740e+00, 9.2427432537078857e-01, -6.4651077985763550e-01, 2.5545737743377686e+00, 2.7839356660842896e+00, 4.9798890948295593e-01, -6.7597031593322754e-02, -1.2570483684539795e+00, 2.0759048461914062e+00, -7.6867341995239258e-02, 2.4689316749572754e-02, 2.1518641710281372e-01, 1.6200028657913208e+00},
    {1.5070593357086182e+00, -7.6212815940380096e-02, -7.8255802392959595e-02, 1.1680403351783752e-01, -2.7045544981956482e-01, 2.6451089382171631e+00, 7.0881748199462891e-01, -4.7433428466320038e-02, 8.9106124639511108e-01, -8.9597773551940918e-01, 1.3032584190368652e+00, -9.0245616436004639e-01, 6.1674952507019043e-02, 1.1889542937278748e+00, -5.5937701463699341e-01, -7.6867341995239258e-02, 1.1988537311553955e+00, -2.5379475355148315e+00, 2.0196913480758667e+00, 6.0848444700241089e-01},
    {-7.4683988094329834e-01, 6.8039613962173462e-01, 6.6298234462738037e-01, -8.9627039432525635e-01, -1.4606224298477173e+00, 1.8542182445526123e+00, -1.1542182415723801e-01, 2.4657194316387177e-01, -8.2517409324645996e-01, 1.2713408470153809e-01, -1.0275856256484985e+00, 1.8597024679183960e-01, 7.7076017856597900e-02, 6.9039803743362427e-01, 5.9101283550262451e-03, 2.4689316749572754e-02, -2.5379475355148315e+00, -3.9568891525268555e+00, -1.0798435211181641e+00, -3.3775728940963745e-01},
    {-4.5756211876869202e-01, -7.2079497575759888e-01, -9.7662138938903809e-01, 9.5045840740203857e-01, -8.1332159042358398e-01, -1.0625720024108887e+00, -1.1627364158630371e+00, 1.6982177272439003e-02, -1.5148898363113403e+00, -1.4905817508697510e+00, -8.0894020199775696e-01, -1.4875003695487976e+00, -1.7360663414001465e+00, -1.2460731863975525e+00, -7.0302191376686096e-01, 2.1518641710281372e-01, 2.0196913480758667e+00, -1.0798435211181641e+00, 3.2108526229858398e+00, -4.3362128734588623e+00},
    {8.5268938541412354e-01, 5.2292895317077637e-01, -1.3332855701446533e+00, -1.8911854028701782e+00, -1.1351429224014282e+00, -2.3650720715522766e-01, -4.7325420379638672e-01, 9.7121492028236389e-02, -6.9053786993026733e-01, -1.7656286060810089e-01, 2.5385189056396484e-01, -3.2813696563243866e-01, -3.3978688716888428e-01, -1.4794129729270935e+00, -5.9448719024658203e-02, 1.6200028657913208e+00, 6.0848444700241089e-01, -3.3775728940963745e-01, -4.3362128734588623e+00, 2.2398223876953125e+00},
    {-1.4726700782775879e+00, 7.6021534204483032e-01, 3.2179437875747681e+00, 4.6621887385845184e-01, 6.3226766884326935e-01, 1.0824434161186218e+00, 7.2905719280242920e-02, 5.1955541595816612e-01, -6.7325288988649845e-01, -2.3326532840728760e+00, 3.9406234025955200e-01, -1.0378029346466064e+00, 9.2968410253524780e-01, -4.8105323314666748e-01, -8.8642805814743042e-01, 1.7044804096221924e+00, -1.5070593357086182e+00, 7.4683988094329834e-01, 4.5756211876869202e-01, -8.5268938541412354e-01},
    {7.6021534204483032e-01, -3.4636433124542236e+00, 1.4017431885004044e+00, -9.8308679461479187e-01, -1.4912160634994507e+00, -1.4805855154991150e+00, 8.4076136350631714e-01, 1.1187147796154022e+00, -1.3630274534225464e+00, -6.7548364400863647e-01, 4.9509988166391850e-03, 3.1284704804420471e-01, -9.5327146351337433e-02, 5.6429558992385864e-01, 7.6324081420898438e-01, 3.4080833196640015e-01, 7.6212815940380096e-02, -6.8039613962173462e-01, 7.2079497575759888e-01, -5.2292895317077637e-01},
    {3.2179437875747681e+00, 1.4017431885004044e+00, 9.1711902618408203e-01, 2.6807284355163574e-01, 1.1159434169530869e+00, -9.5684242248535156e-01, -1.7831202745437622e+00, 7.1891269087791443e-01, 2.2692331671714783e+00, -5.0351649522781372e-01, -1.8496310710906982e+00, 1.3270046710968018e+00, 6.9347947835922241e-01, -5.7208222150802612e-01, -1.1922295391559601e-01, 4.5385643839836121e-02, 7.8255802392959595e-02, -6.6298234462738037e-01, 9.7662138938903809e-01, 1.3332855701446533e+00},
    {4.6621887385845184e-01, -9.8308679461479187e-01, 2.6807284355163574e-01, 8.4508121013641357e-01, -2.6280152797698975e-01, 1.5816252827644348e+00, 1.1673385743051767e-01, -7.5580327212810516e-01, -2.5877769291400909e-01, 2.3380448818206787e+00, -1.9393758475780487e-01, 1.1353769302368164e+00, 3.6886355280876160e-01, -2.2997623682022095e-01, 1.2331027537584305e-01, -1.2117420881986618e-01, -1.1680403351783752e-01, 8.9627039432525635e-01, -9.5045840740203857e-01, 1.8911854028701782e+00},
    {6.3226766884326935e-01, -1.4912160634994507e+00, 1.1159434169530869e+00, -2.6280152797698975e-01, 1.5061149597167969e+00, 1.2051719427108765e-01, -5.0178545713424683e-01, 6.3762354850769043e-01, -8.4845901280641556e-01, -2.7393717765808105e+00, -1.1101032793521881e-01, 2.8479769825935364e-01, -2.1093630790710449e+00, -8.2192271947860718e-01, 7.1240848302841187e-01, -2.6045146584510803e-01, 2.7045544981956482e-01, 1.4606224298477173e+00, 8.1332159042358398e-01, 1.1351429224014282e+00},
    {1.0824434161186218e+00, -1.4805855154991150e+00, -9.5684242248535156e-01, 1.5816252827644348e+00, 1.2051719427108765e-01, -4.9475467205047607e-01, 1.6847454011440277e-01, -2.1506713628768921e+00, 9.7753027081489563e-01, 1.5876923054456711e+00, 8.4501743316650391e-02, -7.9619628190994263e-01, 7.6554816961288452e-01, -2.1426553726196289e+00, -1.9214911460876465e+00, -1.1988894939422607e+00, -2.6451089382171631e+00, -1.8542182445526123e+00, 1.0625720024108887e+00, 2.3650720715522766e-01},
    {7.2905719280242920e-02, 8.4076136350631714e-01, -1.7831202745437622e+00, 1.1673385743051767e-01, -5.0178545713424683e-01, 1.6847454011440277e-01, 2.5084037780761719e+00, 9.2747683078050613e-01, 8.9930716156959534e-01, 2.7143562436103821e+00, -1.2877423763275146e+00, -4.1054174304008484e-01, -2.3824514448642731e-01, 7.9806288704276085e-03, -6.8148308992385864e-01, -9.3750363588333130e-01, -7.0881748199462891e-01, 1.1542182415723801e-01, 1.1627364158630371e+00, 4.7325420379638672e-01},
    {5.1955541595816612e-01, 1.1187147796154022e+00, 7.1891269087791443e-01, -7.5580327212810516e-01, 6.3762354850769043e-01, -2.1506713628768921e+00, 9.2747683078050613e-01, 8.5714161396026611e-02, -1.9979674965143204e+00, -1.3109017014503479e+00, 6.2871807813644409e-01, 1.9685620069503784e-01, 6.3545918464660645e-01, -9.6728898584842682e-02, -1.2389580011367798e+00, 2.1624028682708740e+00, 4.7433428466320038e-02, -2.4657194316387177e-01, -1.6982177272439003e-02, -9.7121492028236389e-02},
    {-6.7325288988649845e-01, -1.3630274534225464e+00, 2.2692331671714783e+00, -2.5877769291400909e-01, -8.4845901280641556e-01, 9.7753027081489563e-01, 8.9930716156959534e-01, -1.9979674965143204e+00, -8.7860278785228729e-02, 1.4039600491523743e+00, 2.3247130215167999e-01, 4.5332813262939453e-01, 1.5047273635864258e+00, 1.0342829227447510e+00, -8.9689254760742188e-01, -9.2427432537078857e-01, -8.9106124639511108e-01, 8.2517409324645996e-01, 1.5148898363113403e+00, 6.9053786993026733e-01},
    {-2.3326532840728760e+00, -6.7548364400863647e-01, -5.0351649522781372e-01, 2.3380448818206787e+00, -2.7393717765808105e+00, 1.5876923054456711e+00, 2.7143562436103821e+00, -1.3109017014503479e+00, 1.4039600491523743e+00, -1.6085405349731445e+00, -1.1800557374954224e-01, -3.2953923940658569e-01, 1.0106016397476196e+00, -1.5347282896982506e-05, -7.0796197652816772e-01, 6.4651077985763550e-01, 8.9597773551940918e-01, -1.2713408470153809e-01, 1.4905817508697510e+00, 1.7656286060810089e-01}
}}};

static constexpr auto result = eigvals(mat);

int main() { return 0; }
