#include "../../consteig.hpp"

using namespace consteig;

static constexpr Matrix<double, 6, 6> mat
{{{
    {-2.6878917217254639e-01, -4.8266163468360901e-01, 4.6431237459182739e-01, 9.7167962789535522e-01, 5.2021020650863647e-01, 2.2467284202575684e+00},
    {-4.8266163468360901e-01, -2.6878917217254639e-01, -4.8266163468360901e-01, 4.6431237459182739e-01, 9.7167962789535522e-01, 5.2021020650863647e-01},
    {4.6431237459182739e-01, -4.8266163468360901e-01, -2.6878917217254639e-01, -4.8266163468360901e-01, 4.6431237459182739e-01, 9.7167962789535522e-01},
    {9.7167962789535522e-01, 4.6431237459182739e-01, -4.8266163468360901e-01, -2.6878917217254639e-01, -4.8266163468360901e-01, 4.6431237459182739e-01},
    {5.2021020650863647e-01, 9.7167962789535522e-01, 4.6431237459182739e-01, -4.8266163468360901e-01, -2.6878917217254639e-01, -4.8266163468360901e-01},
    {2.2467284202575684e+00, 5.2021020650863647e-01, 9.7167962789535522e-01, 4.6431237459182739e-01, -4.8266163468360901e-01, -2.6878917217254639e-01}
}}};

static constexpr auto result = eigvals(mat);

int main() { return 0; }
