#include "../../consteig.hpp"

using namespace consteig;

static constexpr Matrix<double, 8, 8> mat
{{{
    {4.9683329463005066e-01, -7.7970993518829346e-01, 1.0392991304397583e+00, -2.1604335308074951e+00, -5.9208852052688599e-01, 5.7522982358932495e-02, 2.2639956474304199e+00, -1.4885318279266357e-01},
    {-7.7970993518829346e-01, 4.9683329463005066e-01, -7.7970993518829346e-01, 1.0392991304397583e+00, -2.1604335308074951e+00, -5.9208852052688599e-01, 5.7522982358932495e-02, 2.2639956474304199e+00},
    {1.0392991304397583e+00, -7.7970993518829346e-01, 4.9683329463005066e-01, -7.7970993518829346e-01, 1.0392991304397583e+00, -2.1604335308074951e+00, -5.9208852052688599e-01, 5.7522982358932495e-02},
    {-2.1604335308074951e+00, 1.0392991304397583e+00, -7.7970993518829346e-01, 4.9683329463005066e-01, -7.7970993518829346e-01, 1.0392991304397583e+00, -2.1604335308074951e+00, -5.9208852052688599e-01},
    {-5.9208852052688599e-01, -2.1604335308074951e+00, 1.0392991304397583e+00, -7.7970993518829346e-01, 4.9683329463005066e-01, -7.7970993518829346e-01, 1.0392991304397583e+00, -2.1604335308074951e+00},
    {5.7522982358932495e-02, -5.9208852052688599e-01, -2.1604335308074951e+00, 1.0392991304397583e+00, -7.7970993518829346e-01, 4.9683329463005066e-01, -7.7970993518829346e-01, 1.0392991304397583e+00},
    {2.2639956474304199e+00, 5.7522982358932495e-02, -5.9208852052688599e-01, -2.1604335308074951e+00, 1.0392991304397583e+00, -7.7970993518829346e-01, 4.9683329463005066e-01, -7.7970993518829346e-01},
    {-1.4885318279266357e-01, 2.2639956474304199e+00, 5.7522982358932495e-02, -5.9208852052688599e-01, -2.1604335308074951e+00, 1.0392991304397583e+00, -7.7970993518829346e-01, 4.9683329463005066e-01}
}}};

static constexpr auto result = eigvals(mat);

int main() { return 0; }
