#include "../../consteig.hpp"

using namespace consteig;

static constexpr Matrix<double, 14, 14> mat
{{{
    {7.9459154605865479e-01, -8.9641501009464264e-01, 5.2290707826614380e-01, 2.4501103162765503e-01, 2.3434166312217712e+00, 6.9997489452362061e-01, -6.2463319301605225e-01, -6.2465409934520721e-01, -3.7783168628811836e-01, -5.0168581306934357e-01, 9.6340420842170715e-01, 5.3754098014906049e-01, 1.1541793644428253e+00, -6.5824237465858459e-01},
    {-8.9641501009464264e-01, -4.4939500093460083e-01, 2.2029079198837280e+00, -5.9526831656694412e-01, -1.0978342387825251e+00, -2.0900667458772659e+00, -1.0578264445066452e+00, -4.0158551931381226e-01, 2.4981749057769775e+00, -1.1554626822471619e+00, 8.1538936495780945e-01, 1.4445465207099915e+00, -5.9985624253749847e-01, 1.4972586631774902e+00},
    {5.2290707826614380e-01, 2.2029079198837280e+00, 2.5215508937835693e+00, 1.6255850195884705e+00, 2.0946931838989258e-01, 1.0504995584487915e+00, 1.9428697228431702e-01, 1.4478113129734993e-01, 1.8978245854377747e+00, -1.3489412963390350e+00, -1.3885997235774994e-01, 7.5687730312347412e-01, -1.4571642875671387e+00, 2.4878932237625122e+00},
    {2.4501103162765503e-01, -5.9526831656694412e-01, 1.6255850195884705e+00, -1.6127938032150269e+00, 2.2063390910625458e-01, 1.6920125484466553e-01, 1.4644255042076111e+00, -1.4835083484649658e+00, -3.1447913646697998e+00, -8.7266296148300171e-01, 6.6391861438751221e-01, 3.3718562126159668e-01, 2.7587662935256958e+00, 1.2645680308341980e+00},
    {2.3434166312217712e+00, -1.0978342387825251e+00, 2.0946931838989258e-01, 2.2063390910625458e-01, 2.2591722011566162e+00, 2.0251315236091614e+00, -8.5222890973091125e-01, 2.0472949147224426e+00, 1.4962093234062195e+00, 8.2664199173450470e-01, -3.3611649274826050e-01, 1.4603754281997681e+00, -1.6464883089065552e-01, 9.2761275172233582e-01},
    {6.9997489452362061e-01, -2.0900667458772659e+00, 1.0504995584487915e+00, 1.6920125484466553e-01, 2.0251315236091614e+00, 1.2999185323715210e+00, -3.6214192211627960e-01, 8.8258522748947144e-01, 2.1461260914802551e+00, 1.5437799468636513e+00, -4.6814290247857571e-01, 9.1911467909812927e-01, -2.3792208731174469e-01, 1.1556819900870323e+00},
    {-6.2463319301605225e-01, -1.0578264445066452e+00, 1.9428697228431702e-01, 1.4644255042076111e+00, -8.5222890973091125e-01, -3.6214192211627960e-01, -1.5919792652130127e+00, 3.7366408109664917e-01, -8.5670578479766846e-01, 8.5834031179547310e-01, 1.0556159615516663e+00, 7.3252176493406296e-01, 1.2455268502235413e+00, -1.0005745589733124e+00},
    {-6.2465409934520721e-01, -4.0158551931381226e-01, 1.4478113129734993e-01, -1.4835083484649658e+00, 2.0472949147224426e+00, 8.8258522748947144e-01, 3.7366408109664917e-01, -5.1978750228881836e+00, 1.2593848705291748e+00, -3.5359515249729156e-01, 2.2818008661270142e+00, 1.0668328404426575e+00, 9.7995609045028687e-02, 9.1970533877611160e-01},
    {-3.7783168628811836e-01, 2.4981749057769775e+00, 1.8978245854377747e+00, -3.1447913646697998e+00, 1.4962093234062195e+00, 2.1461260914802551e+00, -8.5670578479766846e-01, 1.2593848705291748e+00, -1.4662935733795166e+00, -1.0575746335089207e+00, 1.7741588354110718e+00, -6.0965898633003235e-01, 8.8477176427841187e-01, -4.3506092019379139e-01},
    {-5.0168581306934357e-01, -1.1554626822471619e+00, -1.3489412963390350e+00, -8.7266296148300171e-01, 8.2664199173450470e-01, 1.5437799468636513e+00, 8.5834031179547310e-01, -3.5359515249729156e-01, -1.0575746335089207e+00, -1.0175405740737915e+00, 1.9568067789077759e-01, 2.9716643691062927e-01, -1.1303202509880066e+00, 2.0123507678508759e+00},
    {9.6340420842170715e-01, 8.1538936495780945e-01, -1.3885997235774994e-01, 6.6391861438751221e-01, -3.3611649274826050e-01, -4.6814290247857571e-01, 1.0556159615516663e+00, 2.2818008661270142e+00, 1.7741588354110718e+00, 1.9568067789077759e-01, 6.0916101932525635e-01, -1.2890633940696716e-01, -3.6651983261108398e+00, -3.0483305454254150e+00},
    {5.3754098014906049e-01, 1.4445465207099915e+00, 7.5687730312347412e-01, 3.3718562126159668e-01, 1.4603754281997681e+00, 9.1911467909812927e-01, 7.3252176493406296e-01, 1.0668328404426575e+00, -6.0965898633003235e-01, 2.9716643691062927e-01, -1.2890633940696716e-01, -9.5457462593913078e-03, -4.1309489011764526e+00, 2.7981204390525818e+00},
    {1.1541793644428253e+00, -5.9985624253749847e-01, -1.4571642875671387e+00, 2.7587662935256958e+00, -1.6464883089065552e-01, -2.3792208731174469e-01, 1.2455268502235413e+00, 9.7995609045028687e-02, 8.8477176427841187e-01, -1.1303202509880066e+00, -3.6651983261108398e+00, -4.1309489011764526e+00, -1.6780921220779419e+00, 3.9297575950622559e+00},
    {-6.5824237465858459e-01, 1.4972586631774902e+00, 2.4878932237625122e+00, 1.2645680308341980e+00, 9.2761275172233582e-01, 1.1556819900870323e+00, -1.0005745589733124e+00, 9.1970533877611160e-01, -4.3506092019379139e-01, 2.0123507678508759e+00, -3.0483305454254150e+00, 2.7981204390525818e+00, 3.9297575950622559e+00, -1.4268169403076172e+00}
}}};

static constexpr auto result = eigvals(mat);

int main() { return 0; }
