#include "../../consteig.hpp"

using namespace consteig;

static constexpr Matrix<double, 14, 14> mat
{{{
    {1.0000000000000000e+00, 2.9071492859195738e-16, 5.5673760175199585e-18, -2.0648340785064059e-16, -1.3774412085804262e-16, -1.9067553661823424e-16, 4.3270452818280184e-18, 1.8198610805812063e-16, 6.3023936712768455e-17, -1.0679722910459087e-17, -2.4525235119624668e-16, -4.6211128313546357e-17, 9.7601972600539374e-17, 1.2095449039298302e-16},
    {2.9071492859195738e-16, 9.9999999999999967e-01, 1.1234194638159631e-16, 3.3208232179261170e-16, 1.2728292047384546e-16, 2.2021107105956620e-16, 7.7353066214366665e-17, -2.8655216550761207e-16, -1.9542389076636049e-17, 2.2965701500211633e-17, -8.7903389674976607e-18, 1.1848357847196726e-16, 2.7437025316516837e-16, 1.9842569637652053e-16},
    {5.5673760175199585e-18, 1.1234194638159631e-16, 1.0000000000000004e+00, 8.5534868850303410e-17, 2.8236558853954828e-16, 2.6983000129920420e-16, -9.3115313782468778e-17, -8.6711458771645620e-17, -1.9196612146256247e-17, 3.9354642034698768e-17, -2.1002487047965067e-17, 1.3749252637667517e-16, -1.8584884872847313e-16, -4.0470590455664289e-17},
    {-2.0648340785064059e-16, 3.3208232179261170e-16, 8.5534868850303410e-17, 1.0000000000000002e+00, 9.2761983348392876e-17, 1.5125932676588317e-16, 5.3289634513957396e-17, 2.5459567828028877e-17, 6.8230196637943739e-17, -1.0944021883566065e-16, -3.9287160544626869e-17, 6.2536779739820758e-17, -7.8498056242760573e-17, 1.2109972506531540e-16},
    {-1.3774412085804262e-16, 1.2728292047384546e-16, 2.8236558853954828e-16, 9.2761983348392876e-17, 1.0000000000000002e+00, 3.9048906364649433e-16, -1.4751174980315197e-17, -2.2445877338617195e-16, -1.9903305083212398e-16, -1.2394758440085177e-16, -1.2878130673515853e-16, 9.7948016747213661e-17, 7.6134111173144133e-18, 4.0382969971960572e-17},
    {-1.9067553661823424e-16, 2.2021107105956620e-16, 2.6983000129920420e-16, 1.5125932676588317e-16, 3.9048906364649433e-16, 9.9999999999999989e-01, 3.2605999916626244e-16, -2.8490502757126100e-16, -1.7149160391315903e-16, -3.3422774715316288e-16, 4.5700666735956331e-17, 2.9178660908695496e-16, -4.4123947620726645e-17, 8.5615698850219179e-17},
    {4.3270452818280184e-18, 7.7353066214366665e-17, -9.3115313782468778e-17, 5.3289634513957396e-17, -1.4751174980315197e-17, 3.2605999916626244e-16, 9.9999999999999989e-01, -2.6705415210272044e-16, 2.1062539886537023e-17, 1.4955373286794078e-16, 4.2180279306729341e-17, 1.2418234606437420e-16, -3.0931351226220740e-16, -1.8345669516823702e-16},
    {1.8198610805812063e-16, -2.8655216550761207e-16, -8.6711458771645620e-17, 2.5459567828028877e-17, -2.2445877338617195e-16, -2.8490502757126100e-16, -2.6705415210272044e-16, 1.0000000000000002e+00, 2.3315879692535619e-16, 1.6820816247907410e-16, 7.5625465300959469e-17, 1.4938674820056887e-17, 7.5938663839120897e-17, 3.6346273087948665e-17},
    {6.3023936712768455e-17, -1.9542389076636049e-17, -1.9196612146256247e-17, 6.8230196637943739e-17, -1.9903305083212398e-16, -1.7149160391315903e-16, 2.1062539886537023e-17, 2.3315879692535619e-16, 1.0000000000000002e+00, -2.7142167142058395e-17, -9.4817174319224375e-17, -1.0769568270470176e-16, 6.4983851539777300e-17, -1.5000393543215632e-17},
    {-1.0679722910459087e-17, 2.2965701500211633e-17, 3.9354642034698768e-17, -1.0944021883566065e-16, -1.2394758440085177e-16, -3.3422774715316288e-16, 1.4955373286794078e-16, 1.6820816247907410e-16, -2.7142167142058395e-17, 1.0000000000000000e+00, -1.6593458519335159e-16, -3.4837326965379409e-17, 5.6619509797492218e-17, 5.6419619524714812e-17},
    {-2.4525235119624668e-16, -8.7903389674976607e-18, -2.1002487047965067e-17, -3.9287160544626869e-17, -1.2878130673515853e-16, 4.5700666735956331e-17, 4.2180279306729341e-17, 7.5625465300959469e-17, -9.4817174319224375e-17, -1.6593458519335159e-16, 1.0000000000000002e+00, -1.2999454001687454e-16, -9.9333642511583043e-17, -2.5501113985038964e-16},
    {-4.6211128313546357e-17, 1.1848357847196726e-16, 1.3749252637667517e-16, 6.2536779739820758e-17, 9.7948016747213661e-17, 2.9178660908695496e-16, 1.2418234606437420e-16, 1.4938674820056887e-17, -1.0769568270470176e-16, -3.4837326965379409e-17, -1.2999454001687454e-16, 1.0000000000000000e+00, -5.6005521270358530e-17, -2.7402497672159265e-17},
    {9.7601972600539374e-17, 2.7437025316516837e-16, -1.8584884872847313e-16, -7.8498056242760573e-17, 7.6134111173144133e-18, -4.4123947620726645e-17, -3.0931351226220740e-16, 7.5938663839120897e-17, 6.4983851539777300e-17, 5.6619509797492218e-17, -9.9333642511583043e-17, -5.6005521270358530e-17, 1.0000000000000002e+00, 3.1394699743010467e-17},
    {1.2095449039298302e-16, 1.9842569637652053e-16, -4.0470590455664289e-17, 1.2109972506531540e-16, 4.0382969971960572e-17, 8.5615698850219179e-17, -1.8345669516823702e-16, 3.6346273087948665e-17, -1.5000393543215632e-17, 5.6419619524714812e-17, -2.5501113985038964e-16, -2.7402497672159265e-17, 3.1394699743010467e-17, 1.0000000000000000e+00}
}}};

static constexpr auto result = eigvals(mat);

int main() { return 0; }
