#include "../../consteig.hpp"

using namespace consteig;

static constexpr Matrix<double, 10, 10> mat
{{{
    {1.0000050683102859e+00, -3.8639994408443524e-07, -7.9887379517994729e-07, -1.8316478705389041e-07, -4.2327715278369083e-07, 1.0392704665112004e-06, 1.8678948406634979e-06, 9.3293984376163826e-07, -1.6162443683148585e-07, 1.0669274316005819e-06},
    {-3.8639994402321159e-07, 1.0000036285445182e+00, -1.0730378283914645e-06, -2.3318232190527179e-07, -5.8512793068257621e-07, 8.6496529190380696e-08, 4.2275532140207233e-07, 1.7701118031785209e-07, 3.6502126930662701e-07, 3.4664031283779968e-06},
    {-7.9887379512837505e-07, -1.0730378283934141e-06, 1.0000027095628690e+00, 1.5404718381312723e-07, -2.6765731570517759e-07, 7.0085411120639071e-07, 1.4485521688236486e-06, -1.0810114706077798e-06, 4.2877729987548992e-07, -5.2678885910023080e-07},
    {-1.8316478703049941e-07, -2.3318232190931663e-07, 1.5404718383761159e-07, 1.0000066379912358e+00, 7.0751854394717239e-07, 1.6868419886961998e-06, -1.3486210671855811e-06, -1.3148374495431689e-06, -3.2748565889471058e-07, 1.0105381311439323e-06},
    {-4.2327715275614658e-07, -5.8512793070620970e-07, -2.6765731572543931e-07, 7.0751854390724697e-07, 1.0000044580146823e+00, -2.0292614034644346e-06, 1.8115400355299363e-07, -1.6063018069078805e-08, 3.7035892288659113e-07, 1.2762844603598848e-07},
    {1.0392704665233172e-06, 8.6496529203286010e-08, 7.0085411114664048e-07, 1.6868419887021384e-06, -2.0292614034487365e-06, 1.0000047585816993e+00, -8.9734478362304027e-07, 2.1249614468344353e-07, -4.1813571251744609e-08, 1.2456833950005789e-06},
    {1.8678948406502641e-06, 4.2275532142511882e-07, 1.4485521688175464e-06, -1.3486210671809933e-06, 1.8115400352443417e-07, -8.9734478361031487e-07, 1.0000058644811631e+00, -9.2493892312278026e-07, 1.0015831601494987e-06, -1.8662880626436055e-07},
    {9.3293984378018776e-07, 1.7701118031645195e-07, -1.0810114705566476e-06, -1.3148374495404918e-06, -1.6063018051581427e-08, 2.1249614472377543e-07, -9.2493892315819185e-07, 1.0000064557826966e+00, -5.3951692369326530e-07, 1.1803895585231466e-06},
    {-1.6162443682813473e-07, 3.6502126930395419e-07, 4.2877729987957781e-07, -3.2748565889151658e-07, 3.7035892290315671e-07, -4.1813571260247450e-08, 1.0015831601480171e-06, -5.3951692368245282e-07, 1.0000047718792973e+00, -1.7871283788740173e-07},
    {1.0669274315822070e-06, 3.4664031283504293e-06, -5.2678885905500146e-07, 1.0105381311005693e-06, 1.2762844608188684e-07, 1.2456833949973867e-06, -1.8662880626025025e-07, 1.1803895584994995e-06, -1.7871283785831422e-07, 1.0000056468515521e+00}
}}};

static constexpr auto result = eigvals(mat);

int main() { return 0; }
