#include "../../consteig.hpp"

using namespace consteig;

static constexpr Matrix<double, 18, 18> mat
{{{
    {1.5881101787090302e-01, 4.4434213638305664e-01, -7.3033893108367920e-01, -1.4326238632202148e+00, -1.2397063970565796e+00, 1.5814497470855713e+00, -2.4258446693420410e+00, -5.4691267013549805e-01, 6.7093324661254883e-01, -4.0417013168334961e+00, -3.5434639453887939e-01, 1.5008291602134705e+00, -5.7661780714988708e-01, -1.1781920790672302e+00, 7.7697546593844891e-01, -4.1474223136901855e-02, -1.9963487386703491e+00, -5.1199378967285156e+00},
    {4.7494810819625854e-01, 1.2998191118240356e+00, -1.3075827360153198e+00, -1.1532136201858521e+00, -1.5991550683975220e-01, 6.3209342956542969e-01, 8.2994663715362549e-01, 6.6461724042892456e-01, 4.2566686868667603e-01, -3.5434639453887939e-01, 1.9562170505523682e+00, -9.9153220653533936e-02, 3.1279921531677246e-02, 3.3170258998870850e-01, -1.3650355637073517e+00, 4.9554938077926636e-01, -2.3049908988032257e+00, -4.7760945558547974e-01},
    {-1.3651330471038818e+00, -2.7882942557334900e-01, -8.2891356945037842e-01, -7.4418669939041138e-01, -1.3601107597351074e+00, -6.4821487665176392e-01, 8.6406600475311279e-01, 4.5152023434638977e-01, -6.3853859901428223e-01, 1.5008291602134705e+00, -9.9153220653533936e-02, 2.5240950584411621e+00, 9.1901451349258423e-01, -2.3926744461059570e+00, 1.5038254857063293e-01, 4.4574268162250519e-01, -2.3126734793186188e-01, 2.7292894721031189e+00},
    {-1.5480685234069824e+00, 4.2701539397239685e-01, -6.5218895673751831e-01, 2.8468528389930725e-01, -9.3803030252456665e-01, 1.4931596517562866e+00, -2.2938232421875000e+00, -2.4149134755134583e-01, 3.2324388027191162e+00, -5.7661780714988708e-01, 3.1279921531677246e-02, 9.1901451349258423e-01, 2.8148510456085205e+00, -1.3251539394259453e+00, -5.4764866828918457e-02, -2.4073131084442139e+00, -3.1664359569549561e+00, 2.6515942215919495e+00},
    {-2.0235790312290192e-01, -3.5179692506790161e-01, -1.1985468864440918e+00, 1.4635657072067261e+00, -7.1249169111251831e-01, -2.9007997512817383e+00, -2.6169091463088989e-01, -4.7232633829116821e-01, -1.1257975101470947e+00, -1.1781920790672302e+00, 3.3170258998870850e-01, -2.3926744461059570e+00, -1.3251539394259453e+00, -4.5495104789733887e+00, -9.1156822443008423e-01, 9.7349816560745239e-01, -2.5045237541198730e+00, 5.6315273046493530e-01},
    {-1.8278920650482178e+00, -5.9425538778305054e-01, 1.5927504301071167e+00, -5.3643620014190674e-01, -3.9536803960800171e-01, 2.4070959091186523e+00, -1.0917282104492188e+00, 1.6592898368835449e+00, -1.3702982664108276e+00, 7.7697546593844891e-01, -1.3650355637073517e+00, 1.5038254857063293e-01, -5.4764866828918457e-02, -9.1156822443008423e-01, -4.9736615270376205e-02, 1.4688232094049454e+00, 6.8967771530151367e-01, 1.0770989656448364e+00},
    {-8.6473172903060913e-01, -1.6712381839752197e+00, -2.8019490838050842e-01, 1.9049251079559326e-01, 1.7295600473880768e-01, -9.2127746343612671e-01, 1.9696255922317505e+00, -9.3134725093841553e-01, -1.9534491300582886e+00, -4.1474223136901855e-02, 4.9554938077926636e-01, 4.4574268162250519e-01, -2.4073131084442139e+00, 9.7349816560745239e-01, 1.4688232094049454e+00, 2.3625826835632324e+00, -7.7685329690575600e-01, 1.4365908801555634e+00},
    {4.7372189164161682e-01, -8.6371302604675293e-01, 1.6245032548904419e+00, -9.3748629093170166e-02, -1.6331087350845337e+00, -2.4951972961425781e+00, 3.7028795480728149e-01, 6.0708701610565186e-01, 3.7500682473182678e-01, -1.9963487386703491e+00, -2.3049908988032257e+00, -2.3126734793186188e-01, -3.1664359569549561e+00, -2.5045237541198730e+00, 6.8967771530151367e-01, -7.7685329690575600e-01, -2.8171451091766357e+00, 7.7406924962997437e-01},
    {-3.4410861134529114e-01, 2.6617625355720520e-01, -8.5700386762619019e-01, -1.0447120666503906e-01, 4.4380486011505127e-01, -1.5082758665084839e+00, -1.1782876253128052e+00, 1.1679623126983643e+00, 4.2988497018814087e-01, -5.1199378967285156e+00, -4.7760945558547974e-01, 2.7292894721031189e+00, 2.6515942215919495e+00, 5.6315273046493530e-01, 1.0770989656448364e+00, 1.4365908801555634e+00, 7.7406924962997437e-01, 1.0942415893077850e-01},
    {-4.8938998579978943e-01, 2.0823783501982689e+00, 1.0673541426658630e+00, -2.6902592182159424e+00, 2.3673942089080811e+00, -2.1321616768836975e+00, -1.8997592926025391e+00, -1.7729730010032654e+00, -9.1206687688827515e-01, -1.5881101787090302e-01, -4.7494810819625854e-01, 1.3651330471038818e+00, 1.5480685234069824e+00, 2.0235790312290192e-01, 1.8278920650482178e+00, 8.6473172903060913e-01, -4.7372189164161682e-01, 3.4410861134529114e-01},
    {2.0823783501982689e+00, -1.2402448654174805e+00, -4.7831176221370697e-01, -1.4237733483314514e+00, -7.3848225176334381e-01, 5.0666645169258118e-01, -7.5074501335620880e-01, -6.0642075538635254e-01, 6.1501507461071014e-01, -4.4434213638305664e-01, -1.2998191118240356e+00, 2.7882942557334900e-01, -4.2701539397239685e-01, 3.5179692506790161e-01, 5.9425538778305054e-01, 1.6712381839752197e+00, 8.6371302604675293e-01, -2.6617625355720520e-01},
    {1.0673541426658630e+00, -4.7831176221370697e-01, -5.1970839500427246e-01, 1.2451633512973785e+00, -1.9690885543823242e+00, -1.9103364050388336e+00, -1.0197687149047852e-01, -2.4622949361801147e+00, 2.0191827416419983e+00, 7.3033893108367920e-01, 1.3075827360153198e+00, 8.2891356945037842e-01, 6.5218895673751831e-01, 1.1985468864440918e+00, -1.5927504301071167e+00, 2.8019490838050842e-01, -1.6245032548904419e+00, 8.5700386762619019e-01},
    {-2.6902592182159424e+00, -1.4237733483314514e+00, 1.2451633512973785e+00, -3.7711748480796814e-01, -2.8500773906707764e+00, 3.1477826833724976e-01, -9.8526422679424286e-01, 7.8486777842044830e-01, 3.2551119327545166e+00, 1.4326238632202148e+00, 1.1532136201858521e+00, 7.4418669939041138e-01, -2.8468528389930725e-01, -1.4635657072067261e+00, 5.3643620014190674e-01, -1.9049251079559326e-01, 9.3748629093170166e-02, 1.0447120666503906e-01},
    {2.3673942089080811e+00, -7.3848225176334381e-01, -1.9690885543823242e+00, -2.8500773906707764e+00, 5.8906137943267822e-01, -3.1565291285514832e+00, -3.6384229362010956e-01, -2.4196046590805054e+00, 1.2991487253457308e+00, 1.2397063970565796e+00, 1.5991550683975220e-01, 1.3601107597351074e+00, 9.3803030252456665e-01, 7.1249169111251831e-01, 3.9536803960800171e-01, -1.7295600473880768e-01, 1.6331087350845337e+00, -4.4380486011505127e-01},
    {-2.1321616768836975e+00, 5.0666645169258118e-01, -1.9103364050388336e+00, 3.1477826833724976e-01, -3.1565291285514832e+00, -1.3187966346740723e+00, 4.1595399379730225e-02, 5.3545725345611572e-01, -5.6396481394767761e-01, -1.5814497470855713e+00, -6.3209342956542969e-01, 6.4821487665176392e-01, -1.4931596517562866e+00, 2.9007997512817383e+00, -2.4070959091186523e+00, 9.2127746343612671e-01, 2.4951972961425781e+00, 1.5082758665084839e+00},
    {-1.8997592926025391e+00, -7.5074501335620880e-01, -1.0197687149047852e-01, -9.8526422679424286e-01, -3.6384229362010956e-01, 4.1595399379730225e-02, 2.0747365951538086e+00, 4.5570561289787292e-01, 5.5965781211853027e-02, 2.4258446693420410e+00, -8.2994663715362549e-01, -8.6406600475311279e-01, 2.2938232421875000e+00, 2.6169091463088989e-01, 1.0917282104492188e+00, -1.9696255922317505e+00, -3.7028795480728149e-01, 1.1782876253128052e+00},
    {-1.7729730010032654e+00, -6.0642075538635254e-01, -2.4622949361801147e+00, 7.8486777842044830e-01, -2.4196046590805054e+00, 5.3545725345611572e-01, 4.5570561289787292e-01, -2.1321661472320557e+00, 2.4019060134887695e+00, 5.4691267013549805e-01, -6.6461724042892456e-01, -4.5152023434638977e-01, 2.4149134755134583e-01, 4.7232633829116821e-01, -1.6592898368835449e+00, 9.3134725093841553e-01, -6.0708701610565186e-01, -1.1679623126983643e+00},
    {-9.1206687688827515e-01, 6.1501507461071014e-01, 2.0191827416419983e+00, 3.2551119327545166e+00, 1.2991487253457308e+00, -5.6396481394767761e-01, 5.5965781211853027e-02, 2.4019060134887695e+00, 5.4428019523620605e+00, -6.7093324661254883e-01, -4.2566686868667603e-01, 6.3853859901428223e-01, -3.2324388027191162e+00, 1.1257975101470947e+00, 1.3702982664108276e+00, 1.9534491300582886e+00, -3.7500682473182678e-01, -4.2988497018814087e-01}
}}};

static constexpr auto result = eigvals(mat);

int main() { return 0; }
