#include "../../consteig.hpp"

using namespace consteig;

static constexpr Matrix<double, 16, 16> mat
{{{
    {9.9999999999999989e-01, 6.1665991013446234e-17, -8.9596126497325506e-17, 8.3476013365155162e-17, 5.5654770351852492e-17, 3.7712307199536284e-17, 6.1878264979320663e-17, 7.7857837051974169e-17, 1.0696212520568752e-16, -1.9588430122775520e-17, 1.0993430081111469e-16, -1.4338012788081309e-16, -6.9009458880372143e-17, -7.8800934191870019e-17, -3.0389509227297297e-17, 3.8467927618585025e-17},
    {6.1665991013446234e-17, 9.9999999999999989e-01, 1.9657312771186557e-16, 2.9294386503775681e-17, 6.6072162326768080e-17, 4.8404060307357697e-17, 5.5654475111178716e-18, -2.5162527640432730e-16, -3.3295774873574917e-17, 9.4137733355798035e-17, -7.3324791410163688e-17, -5.8124903513703606e-17, 6.7128180963931472e-18, -9.2484980299398997e-17, 1.0335819719933545e-16, -1.2704217902701180e-16},
    {-8.9596126497325506e-17, 1.9657312771186557e-16, 1.0000000000000000e+00, 4.9742666422298509e-18, 1.4096746901729434e-16, 1.9221296088529568e-16, 4.3076410270210869e-17, 1.3341001718169712e-16, 4.7602856417442941e-17, -1.8548954465964763e-19, -9.4480788696833317e-18, 5.1066674514090085e-17, 5.1049185756437259e-17, 1.5511196495947287e-16, -1.1759614102890088e-16, -1.2465941236610249e-16},
    {8.3476013365155162e-17, 2.9294386503775681e-17, 4.9742666422298509e-18, 1.0000000000000004e+00, -5.3007775405986862e-18, 5.3683513740072900e-17, 1.8813276054418717e-16, -6.7948089287640519e-18, 4.0444910851328848e-17, 2.4205696559937990e-16, -3.2400998871640600e-17, -1.4524582231126246e-17, 7.3724484363850584e-17, -1.3575951496857277e-16, 4.3142146647644314e-17, -3.6274696016205183e-18},
    {5.5654770351852492e-17, 6.6072162326768080e-17, 1.4096746901729434e-16, -5.3007775405986862e-18, 1.0000000000000002e+00, -1.0504681938698614e-16, -5.9039904557869654e-17, -2.9256143117877750e-16, 1.6713704289487037e-16, -1.2109647693164949e-16, 8.6801948718279626e-17, 1.3654817360425943e-16, -5.7558814582795992e-17, -2.5938696424531730e-16, 3.6507130809435692e-18, 3.5540257909118929e-17},
    {3.7712307199536284e-17, 4.8404060307357697e-17, 1.9221296088529568e-16, 5.3683513740072900e-17, -1.0504681938698614e-16, 1.0000000000000002e+00, 1.1230587946135623e-16, -1.1643445033562835e-16, 1.3603931235733988e-19, 9.1516469745672687e-17, 1.3878259298455871e-16, -7.3193878779435597e-17, 1.4299254772346925e-16, -1.0322056171151420e-16, -1.2564113771060779e-16, -1.0807476119372812e-16},
    {6.1878264979320663e-17, 5.5654475111178716e-18, 4.3076410270210869e-17, 1.8813276054418717e-16, -5.9039904557869654e-17, 1.1230587946135623e-16, 1.0000000000000002e+00, 1.6785031192259274e-16, -6.6886621535022957e-17, 1.1701462362650763e-16, 7.6578899710840624e-17, -5.9736155715852531e-17, 1.6590269057753020e-16, -1.0221053730848173e-16, -1.2249735168286277e-16, 1.3414051425542249e-17},
    {7.7857837051974169e-17, -2.5162527640432730e-16, 1.3341001718169712e-16, -6.7948089287640519e-18, -2.9256143117877750e-16, -1.1643445033562835e-16, 1.6785031192259274e-16, 1.0000000000000002e+00, 7.3291114679405240e-17, 2.1907525728646575e-16, 5.9423676933328465e-17, -1.0557664112763841e-16, -4.2208808437432350e-18, 1.1826759320437751e-16, -5.7054464180467611e-17, -9.3356312761659271e-17},
    {1.0696212520568752e-16, -3.3295774873574917e-17, 4.7602856417442941e-17, 4.0444910851328848e-17, 1.6713704289487037e-16, 1.3603931235733988e-19, -6.6886621535022957e-17, 7.3291114679405240e-17, 9.9999999999999989e-01, -2.8879708128798018e-17, 9.3424004501330753e-17, 1.9466307102029181e-18, 6.4142276826675197e-17, -1.6663429712733419e-16, -1.0225310157914736e-16, 1.2891571814146110e-17},
    {-1.9588430122775520e-17, 9.4137733355798035e-17, -1.8548954465964763e-19, 2.4205696559937990e-16, -1.2109647693164949e-16, 9.1516469745672687e-17, 1.1701462362650763e-16, 2.1907525728646575e-16, -2.8879708128798018e-17, 1.0000000000000004e+00, -9.3484191397853958e-17, -2.4762122190797110e-17, 8.9101982089114596e-17, -7.2369991324236860e-17, -8.1346273987193031e-17, 7.4979137791003326e-17},
    {1.0993430081111469e-16, -7.3324791410163688e-17, -9.4480788696833317e-18, -3.2400998871640600e-17, 8.6801948718279626e-17, 1.3878259298455871e-16, 7.6578899710840624e-17, 5.9423676933328465e-17, 9.3424004501330753e-17, -9.3484191397853958e-17, 1.0000000000000002e+00, 2.0942475401995535e-17, 6.0601390424784129e-17, -7.9790273645062146e-17, -2.5722464926776611e-16, 6.2451047841046897e-17},
    {-1.4338012788081309e-16, -5.8124903513703606e-17, 5.1066674514090085e-17, -1.4524582231126246e-17, 1.3654817360425943e-16, -7.3193878779435597e-17, -5.9736155715852531e-17, -1.0557664112763841e-16, 1.9466307102029181e-18, -2.4762122190797110e-17, 2.0942475401995535e-17, 1.0000000000000000e+00, -5.3734263833212890e-17, -1.5567839966219525e-16, 5.0342851995428381e-18, -5.1971589774587033e-17},
    {-6.9009458880372143e-17, 6.7128180963931472e-18, 5.1049185756437259e-17, 7.3724484363850584e-17, -5.7558814582795992e-17, 1.4299254772346925e-16, 1.6590269057753020e-16, -4.2208808437432350e-18, 6.4142276826675197e-17, 8.9101982089114596e-17, 6.0601390424784129e-17, -5.3734263833212890e-17, 1.0000000000000000e+00, 1.7559989326881156e-17, -1.3338684325091932e-16, 3.0178798811590949e-17},
    {-7.8800934191870019e-17, -9.2484980299398997e-17, 1.5511196495947287e-16, -1.3575951496857277e-16, -2.5938696424531730e-16, -1.0322056171151420e-16, -1.0221053730848173e-16, 1.1826759320437751e-16, -1.6663429712733419e-16, -7.2369991324236860e-17, -7.9790273645062146e-17, -1.5567839966219525e-16, 1.7559989326881156e-17, 1.0000000000000004e+00, 1.0822519129799893e-16, -1.6938132104914084e-16},
    {-3.0389509227297297e-17, 1.0335819719933545e-16, -1.1759614102890088e-16, 4.3142146647644314e-17, 3.6507130809435692e-18, -1.2564113771060779e-16, -1.2249735168286277e-16, -5.7054464180467611e-17, -1.0225310157914736e-16, -8.1346273987193031e-17, -2.5722464926776611e-16, 5.0342851995428381e-18, -1.3338684325091932e-16, 1.0822519129799893e-16, 1.0000000000000002e+00, 5.4436648240265042e-17},
    {3.8467927618585025e-17, -1.2704217902701180e-16, -1.2465941236610249e-16, -3.6274696016205183e-18, 3.5540257909118929e-17, -1.0807476119372812e-16, 1.3414051425542249e-17, -9.3356312761659271e-17, 1.2891571814146110e-17, 7.4979137791003326e-17, 6.2451047841046897e-17, -5.1971589774587033e-17, 3.0178798811590949e-17, -1.6938132104914084e-16, 5.4436648240265042e-17, 1.0000000000000000e+00}
}}};

static constexpr auto result = eigvals(mat);

int main() { return 0; }
