#include "../../consteig.hpp"

using namespace consteig;

static constexpr Matrix<double, 12, 12> mat
{{{
    {1.0769999027252197e+00, 4.7408580780029297e-01, 1.4775081872940063e+00, -8.4523594379425049e-01, 2.3514696955680847e-01, 1.0471148490905762e+00, 2.3537108898162842e+00, 4.4757076771929860e-01, -2.9195082783699036e+00, 1.2497347891330719e+00, 1.6157686710357666e+00, 1.8719103038311005e+00},
    {-3.0515423417091370e-01, -2.2858926653862000e-01, 1.9827768802642822e+00, -1.3897902965545654e+00, -1.2947553396224976e+00, -7.9163300991058350e-01, 4.4757076771929860e-01, 2.6917883753776550e-01, 1.8017973303794861e+00, 4.1561388969421387e-01, 1.1379201263189316e+00, 1.1484333872795105e-01},
    {8.6383551359176636e-01, 6.0835999250411987e-01, 1.0233745574951172e+00, 5.6155979633331299e-01, 4.2649567127227783e-01, 9.7670310735702515e-01, -2.9195082783699036e+00, 1.8017973303794861e+00, 2.8454012870788574e+00, 4.6428570337593555e-01, 2.2778153419494629e-01, 2.5189459323883057e-01},
    {1.1248171329498291e+00, 1.8474433422088623e+00, -6.6509321331977844e-02, -1.9979441165924072e-01, -2.4938091635704041e-01, -1.3174277544021606e-01, 1.2497347891330719e+00, 4.1561388969421387e-01, 4.6428570337593555e-01, -3.2007522583007812e+00, -1.4387410879135132e-01, -2.5260800123214722e-01},
    {1.2237732410430908e+00, 6.5037655830383301e-01, -1.6853634119033813e+00, 1.0816427469253540e+00, -1.5327703952789307e+00, -1.2017043828964233e+00, 1.6157686710357666e+00, 1.1379201263189316e+00, 2.2778153419494629e-01, -1.4387410879135132e-01, 1.0551760196685791e+00, 2.7039761841297150e-01},
    {4.5006129145622253e-01, 4.1990719735622406e-02, -1.9211051464080811e+00, 4.8070308566093445e-01, -9.1797047853469849e-01, 4.1308170557022095e-01, 1.8719103038311005e+00, 1.1484333872795105e-01, 2.5189459323883057e-01, -2.5260800123214722e-01, 2.7039761841297150e-01, 2.4100186824798584e+00},
    {-3.8634443283081055e+00, 6.5722086839377880e-01, 1.4384772107005119e+00, 8.3131653070449829e-01, -1.7536187171936035e-01, 2.3349221944808960e+00, -1.0769999027252197e+00, 3.0515423417091370e-01, -8.6383551359176636e-01, -1.1248171329498291e+00, -1.2237732410430908e+00, -4.5006129145622253e-01},
    {6.5722086839377880e-01, 3.6865830421447754e+00, 1.9142940044403076e+00, -1.1013981103897095e+00, -2.7961978614330292e+00, -8.0303283035755157e-01, -4.7408580780029297e-01, 2.2858926653862000e-01, -6.0835999250411987e-01, -1.8474433422088623e+00, -6.5037655830383301e-01, -4.1990719735622406e-02},
    {1.4384772107005119e+00, 1.9142940044403076e+00, 1.3760393485426903e-02, 1.3858919739723206e+00, -1.4086060971021652e+00, -1.0205587148666382e+00, -1.4775081872940063e+00, -1.9827768802642822e+00, -1.0233745574951172e+00, 6.6509321331977844e-02, 1.6853634119033813e+00, 1.9211051464080811e+00},
    {8.3131653070449829e-01, -1.1013981103897095e+00, 1.3858919739723206e+00, -1.9052067399024963e-01, 3.7398115545511246e-01, 1.7585694789886475e-01, 8.4523594379425049e-01, 1.3897902965545654e+00, -5.6155979633331299e-01, 1.9979441165924072e-01, -1.0816427469253540e+00, -4.8070308566093445e-01},
    {-1.7536187171936035e-01, -2.7961978614330292e+00, -1.4086060971021652e+00, 3.7398115545511246e-01, 4.6246318817138672e+00, -1.9651101827621460e+00, -2.3514696955680847e-01, 1.2947553396224976e+00, -4.2649567127227783e-01, 2.4938091635704041e-01, 1.5327703952789307e+00, 9.1797047853469849e-01},
    {2.3349221944808960e+00, -8.0303283035755157e-01, -1.0205587148666382e+00, 1.7585694789886475e-01, -1.9651101827621460e+00, 2.2497231960296631e+00, -1.0471148490905762e+00, 7.9163300991058350e-01, -9.7670310735702515e-01, 1.3174277544021606e-01, 1.2017043828964233e+00, -4.1308170557022095e-01}
}}};

static constexpr auto result = eigvals(mat);

int main() { return 0; }
