#include "../../consteig.hpp"

using namespace consteig;

static constexpr Matrix<double, 14, 14> mat
{{{
    {9.9999999999999944e-01, -3.5090728515375359e-16, -7.4259791308606731e-17, 6.1300100648850173e-17, 7.4773905647732350e-17, -1.4575130344139418e-16, -1.0136513520997766e-16, 3.9104041710195687e-17, 3.4635232052304744e-16, 3.1683168767885819e-17, 2.2761128504941684e-17, -8.4857195166060921e-18, 1.8093348197049793e-16, 1.4398875035681784e-16},
    {-3.5090728515375359e-16, 9.9999999999999967e-01, 5.6419340240457002e-17, -2.7573040696130748e-18, 1.4462675136328894e-16, -9.1300909667792217e-17, -1.0019634577208421e-16, 1.2133830870604457e-16, 9.7358887548671013e-17, 4.7347125949043397e-17, 8.1621810625296109e-17, 5.6179782706864164e-17, 1.6539287643030163e-17, -9.1630095274579020e-18},
    {-7.4259791308606731e-17, 5.6419340240457002e-17, 9.9999999999999956e-01, -1.6584908710299598e-16, -1.6083423217214785e-16, -1.4818630885060469e-16, -6.7231115380866165e-18, -9.8180991356246283e-17, 2.8000211755851199e-17, -1.4549348977695699e-16, -2.2010790584612280e-17, -8.1862616929469524e-17, 1.1610666525740838e-16, -4.9843769217580112e-18},
    {6.1300100648850173e-17, -2.7573040696130748e-18, -1.6584908710299598e-16, 9.9999999999999989e-01, -6.6181746229191234e-17, 1.9997530869994223e-17, 2.6465261142552592e-17, -1.0255514618558790e-16, -1.4316377090223383e-16, -1.5594919977724910e-16, 2.8095561824895439e-16, 1.3453506411248387e-16, 8.3136811127918710e-17, 1.9291458387391054e-17},
    {7.4773905647732350e-17, 1.4462675136328894e-16, -1.6083423217214785e-16, -6.6181746229191234e-17, 1.0000000000000000e+00, 1.0645461530215424e-17, -4.0625538036959033e-17, 2.0963554067169601e-17, 1.8187011256647131e-16, 1.1688481616396161e-17, -1.3767690491311039e-16, 9.2019890348193512e-17, 1.5658500855657028e-16, 5.7094231848559290e-17},
    {-1.4575130344139418e-16, -9.1300909667792217e-17, -1.4818630885060469e-16, 1.9997530869994223e-17, 1.0645461530215424e-17, 1.0000000000000002e+00, 6.8893956578412556e-17, -1.3680540924485285e-16, 3.3192813053082776e-17, -8.5668095906925359e-17, 1.6322248530031537e-16, -7.9835466913509536e-17, 3.7346620735096630e-17, 5.7824852975876986e-17},
    {-1.0136513520997766e-16, -1.0019634577208421e-16, -6.7231115380866165e-18, 2.6465261142552592e-17, -4.0625538036959033e-17, 6.8893956578412556e-17, 9.9999999999999989e-01, 1.5032218076376844e-17, -2.4968777010226453e-17, -4.4190840856998599e-17, 1.0515437979288681e-17, 5.9001859493791034e-17, -2.5695998569927069e-17, -1.8961862361892674e-17},
    {3.9104041710195687e-17, 1.2133830870604457e-16, -9.8180991356246283e-17, -1.0255514618558790e-16, 2.0963554067169601e-17, -1.3680540924485285e-16, 1.5032218076376844e-17, 1.0000000000000000e+00, 7.7122115232618254e-17, -7.1543909432298522e-18, -1.3057573062009481e-16, -6.7606344895604448e-17, 2.1812411396268480e-18, 1.7419680965870551e-17},
    {3.4635232052304744e-16, 9.7358887548671013e-17, 2.8000211755851199e-17, -1.4316377090223383e-16, 1.8187011256647131e-16, 3.3192813053082776e-17, -2.4968777010226453e-17, 7.7122115232618254e-17, 1.0000000000000000e+00, 6.0656565392646245e-17, -5.4755071015398364e-17, 5.9244055802843255e-17, -2.7353213683547202e-18, -1.7723309016191339e-16},
    {3.1683168767885819e-17, 4.7347125949043397e-17, -1.4549348977695699e-16, -1.5594919977724910e-16, 1.1688481616396161e-17, -8.5668095906925359e-17, -4.4190840856998599e-17, -7.1543909432298522e-18, 6.0656565392646245e-17, 9.9999999999999989e-01, -4.8527863003119276e-17, 4.2879735576174087e-17, 4.8584529204140903e-17, -5.5195376845302249e-17},
    {2.2761128504941684e-17, 8.1621810625296109e-17, -2.2010790584612280e-17, 2.8095561824895439e-16, -1.3767690491311039e-16, 1.6322248530031537e-16, 1.0515437979288681e-17, -1.3057573062009481e-16, -5.4755071015398364e-17, -4.8527863003119276e-17, 9.9999999999999989e-01, 5.1925553887293031e-17, -5.1959009537723100e-18, 4.4091517956061921e-17},
    {-8.4857195166060921e-18, 5.6179782706864164e-17, -8.1862616929469524e-17, 1.3453506411248387e-16, 9.2019890348193512e-17, -7.9835466913509536e-17, 5.9001859493791034e-17, -6.7606344895604448e-17, 5.9244055802843255e-17, 4.2879735576174087e-17, 5.1925553887293031e-17, 1.0000000000000002e+00, 1.3060448012164743e-16, 4.2183852286754872e-17},
    {1.8093348197049793e-16, 1.6539287643030163e-17, 1.1610666525740838e-16, 8.3136811127918710e-17, 1.5658500855657028e-16, 3.7346620735096630e-17, -2.5695998569927069e-17, 2.1812411396268480e-18, -2.7353213683547202e-18, 4.8584529204140903e-17, -5.1959009537723100e-18, 1.3060448012164743e-16, 1.0000000000000000e+00, -8.2630018151595726e-17},
    {1.4398875035681784e-16, -9.1630095274579020e-18, -4.9843769217580112e-18, 1.9291458387391054e-17, 5.7094231848559290e-17, 5.7824852975876986e-17, -1.8961862361892674e-17, 1.7419680965870551e-17, -1.7723309016191339e-16, -5.5195376845302249e-17, 4.4091517956061921e-17, 4.2183852286754872e-17, -8.2630018151595726e-17, 9.9999999999999978e-01}
}}};

static constexpr auto result = eigvals(mat);

int main() { return 0; }
