#include "../../consteig.hpp"

using namespace consteig;

static constexpr Matrix<double, 12, 12> mat
{{{
    {1.0000051745969758e+00, 3.9715616569079163e-07, 1.5044425343467552e-06, -2.9343234966587907e-07, 3.5042485642823325e-07, 1.1881639755284636e-06, -3.6017022198396221e-07, -5.2387529236642732e-07, 8.9436166499653460e-07, -4.4091526826801191e-07, -1.0711449617655176e-06, -8.5918372846066969e-07},
    {3.9715616569922284e-07, 1.0000056424190296e+00, 2.0340397331208224e-06, -8.6478873173699189e-07, 1.5768007134850727e-06, 4.2352289216418265e-07, 1.2549892620655859e-07, -1.6307418438307595e-06, -3.9066965767603988e-07, -2.0326614394740156e-07, 1.0914721550110679e-06, 1.1963541185251233e-06},
    {1.5044425343731376e-06, 2.0340397331096344e-06, 1.0000036506971581e+00, -2.0109789485990187e-07, -7.0016767207526822e-07, 6.1320020612965969e-08, 1.9332030210455412e-07, -1.7170827552320678e-06, -9.6851003117584932e-07, -6.4071716536178087e-07, -9.6195473207712804e-07, 1.3776881279564253e-07},
    {-2.9343234966105590e-07, -8.6478873171711065e-07, -2.0109789482898437e-07, 1.0000055852210881e+00, -1.3052915474147255e-06, 5.5832968529065048e-07, 1.5846774902141239e-08, 4.2293593349148009e-07, -7.4544246942639288e-07, 1.1708908355393652e-06, 6.1694849750079206e-07, 1.1135557843273953e-06},
    {3.5042485643608054e-07, 1.5768007134829054e-06, -7.0016767206450212e-07, -1.3052915474344696e-06, 1.0000079775384005e+00, -5.4417383143990409e-08, 2.2390472758905854e-07, -1.1073905512164936e-07, -7.5338803987855057e-08, 9.0787647239112044e-07, -2.9973753006191265e-07, -2.7449085376817565e-07},
    {1.1881639755220594e-06, 4.2352289216351614e-07, 6.1320020638070318e-08, 5.5832968529247753e-07, -5.4417383137534384e-08, 1.0000037391182437e+00, -1.1841549715944786e-07, -2.0397415249271339e-07, -1.2060944472489446e-07, 8.3210020679944806e-07, -3.4480705378021653e-07, 1.1809939860430100e-06},
    {-3.6017022197715842e-07, 1.2549892619703389e-07, 1.9332030208978808e-07, 1.5846774939644390e-08, 2.2390472760695319e-07, -1.1841549715918241e-07, 1.0000053309587846e+00, 1.9687892943298774e-06, 1.8696377320190203e-09, 1.7680802655948386e-06, 7.1046776149446487e-07, 1.3595653085689271e-06},
    {-5.2387529237488220e-07, -1.6307418438099670e-06, -1.7170827552421532e-06, 4.2293593352131169e-07, -1.1073905513030372e-07, -2.0397415248688454e-07, 1.9687892943274151e-06, 1.0000032591292993e+00, 6.7785547166607711e-07, -3.9659051347408105e-07, -2.0345576728687534e-07, 2.0265384819273279e-08},
    {8.9436166490999282e-07, -3.9066965770096293e-07, -9.6851003116709651e-07, -7.4544246944877457e-07, -7.5338803995456926e-08, -1.2060944470637803e-07, 1.8696377258295553e-09, 6.7785547167381031e-07, 1.0000034013170576e+00, -3.1329287031752407e-07, -1.7381279632062378e-07, -3.9179035513179276e-08},
    {-4.4091526828970813e-07, -2.0326614395983892e-07, -6.4071716537359094e-07, 1.1708908355075688e-06, 9.0787647231590720e-07, 8.3210020676824485e-07, 1.7680802656022084e-06, -3.9659051345196581e-07, -3.1329287030653434e-07, 1.0000061782369487e+00, -5.3217232793472401e-08, -1.8997350245987081e-06},
    {-1.0711449617350617e-06, 1.0914721549985138e-06, -9.6195473209571130e-07, 6.1694849749642381e-07, -2.9973753009557289e-07, -3.4480705380534684e-07, 7.1046776147749350e-07, -2.0345576727842944e-07, -1.7381279631745738e-07, -5.3217232795213808e-08, 1.0000050468148023e+00, 3.4048057550368237e-08},
    {-8.5918372844958266e-07, 1.1963541185166246e-06, 1.3776881279189425e-07, 1.1135557843010520e-06, -2.7449085373336694e-07, 1.1809939860517882e-06, 1.3595653086032825e-06, 2.0265384834554620e-08, -3.9179035510440177e-08, -1.8997350246271002e-06, 3.4048057556887115e-08, 1.0000050139522125e+00}
}}};

static constexpr auto result = eigvals(mat);

int main() { return 0; }
