#include "../../consteig.hpp"

using namespace consteig;

static constexpr Matrix<double, 20, 20> mat
{{{
    {-2.6873408933170140e-04, -6.6013878583908081e-01, 2.1856285631656647e-01, -1.0561501979827881e+00, -7.9364991188049316e-01, -3.6725816130638123e-01, -8.8745228946208954e-02, 1.5383579730987549e+00, 5.7169282436370850e-01, 1.2273685932159424e+00, -1.1345742642879486e-01, -2.0336517095565796e+00, 1.9544172883033752e+00, -6.1661790311336517e-01, 2.5387223958969116e+00, 1.3949848730117083e+00, -7.9027941823005676e-01, -2.3573577404022217e-01, 5.4545123875141144e-01, -1.2535395622253418e+00},
    {5.4850943386554718e-02, 9.7487151622772217e-02, -2.0852658748626709e+00, -3.5359087586402893e-01, -4.5668393373489380e-01, -1.3143624067306519e+00, 2.1954977512359619e-01, 2.4901475012302399e-01, -1.2226544618606567e+00, 1.7007325589656830e-01, -2.0336517095565796e+00, 8.1710845232009888e-01, -1.6180602908134460e+00, -1.2766079902648926e+00, -1.5481268614530563e+00, -2.3461107015609741e+00, 4.8809468746185303e-01, -1.5961918234825134e+00, -4.6729356050491333e-01, -1.8180462718009949e+00},
    {8.1926864385604858e-01, -1.5067919492721558e+00, -5.9105730056762695e-01, -5.0498408079147339e-01, -2.6249736547470093e-01, -1.3231828212738037e+00, 1.0076022148132324e+00, -6.3106793165206909e-01, 5.6677550077438354e-01, -7.7876728773117065e-01, 1.9544172883033752e+00, -1.6180602908134460e+00, -3.5822782665491104e-02, -1.4639577269554138e+00, -1.8435685038566589e+00, 5.9495618939399719e-01, -9.7469902038574219e-01, -3.6169021204113960e-01, -8.0582632124423981e-01, -2.6428853273391724e+00},
    {-3.8656441029161215e-03, 3.4190177917480469e-01, 6.5381246805191040e-01, -3.4031805396080017e-01, 2.1544423103332520e+00, 1.3837646245956421e+00, -7.5947070121765137e-01, -1.5646163225173950e+00, 4.8378673195838928e-01, -7.7260702848434448e-01, -6.1661790311336517e-01, -1.2766079902648926e+00, -1.4639577269554138e+00, -2.0741887092590332e+00, -9.9119246006011963e-01, 1.3229851722717285e+00, -1.3209784030914307e+00, 1.8625457584857941e+00, -2.4909647107124329e+00, -1.0360228270292282e+00},
    {3.8001227378845215e-01, 1.8544443845748901e+00, -9.7652864456176758e-01, 9.9757409095764160e-01, 4.5805263519287109e-01, -5.3798371553421021e-01, 1.5337550640106201e+00, 5.0497019290924072e-01, 2.2200891748070717e-02, -1.2083060741424561e+00, 2.5387223958969116e+00, -1.5481268614530563e+00, -1.8435685038566589e+00, -9.9119246006011963e-01, 1.1497267484664917e+00, -1.3010357022285461e+00, 7.0876479148864746e-02, -1.4961573779582977e+00, -7.6749178394675255e-01, -9.4754225015640259e-01},
    {3.0122393369674683e-01, -3.4269028902053833e-01, 4.0119387209415436e-02, -3.8781244307756424e-02, 1.3647265732288361e-01, 6.6396790742874146e-01, 8.9494633674621582e-01, -8.6147201061248779e-01, -1.0993099212646484e+00, -3.1625097990036011e-01, 1.3949848730117083e+00, -2.3461107015609741e+00, 5.9495618939399719e-01, 1.3229851722717285e+00, -1.3010357022285461e+00, -1.0495615005493164e+00, -2.0451049804687500e+00, 9.6814722195267677e-01, 1.1206840723752975e+00, 3.3277204632759094e-01},
    {3.1324341893196106e-01, -1.0517221689224243e+00, -4.9054908752441406e-01, 9.6328592300415039e-01, 2.1792232990264893e-01, -7.7002537250518799e-01, 5.0630134344100952e-01, 1.7532841861248016e-01, -6.9004905223846436e-01, 3.4401048906147480e-03, -7.9027941823005676e-01, 4.8809468746185303e-01, -9.7469902038574219e-01, -1.3209784030914307e+00, 7.0876479148864746e-02, -2.0451049804687500e+00, -1.4106965065002441e+00, -2.9948774576187134e+00, -1.7841011285781860e+00, -5.3952813148498535e-01},
    {2.1303848922252655e-01, 1.8889014720916748e+00, -1.0222640037536621e+00, -7.8709882497787476e-01, 1.4085510969161987e+00, -1.6647479534149170e+00, 2.9044702649116516e-01, -8.1686890125274658e-01, 2.2299261391162872e-01, 4.4017103314399719e-01, -2.3573577404022217e-01, -1.5961918234825134e+00, -3.6169021204113960e-01, 1.8625457584857941e+00, -1.4961573779582977e+00, 9.6814722195267677e-01, -2.9948774576187134e+00, -6.9079375267028809e-01, -1.9199250340461731e+00, -3.1406104564666748e-02},
    {-6.8953526020050049e-01, 5.0800764560699463e-01, -6.6309946775436401e-01, 9.0339273214340210e-01, -2.1384112834930420e+00, 1.5096050500869751e+00, -1.9527931511402130e-01, -1.2113883495330811e+00, -5.2452152967453003e-01, 5.0062388181686401e-01, 5.4545123875141144e-01, -4.6729356050491333e-01, -8.0582632124423981e-01, -2.4909647107124329e+00, -7.6749178394675255e-01, 1.1206840723752975e+00, -1.7841011285781860e+00, -1.9199250340461731e+00, 8.7092578411102295e-01, 2.3299750518490328e+00},
    {8.0670589208602905e-01, -2.5812866687774658e+00, 1.3504256010055542e+00, -1.9761954545974731e+00, -1.1959818601608276e+00, -4.0047892928123474e-01, 2.8965488076210022e-01, 2.7708733081817627e-01, 1.3270002603530884e+00, 6.5011614561080933e-01, -1.2535395622253418e+00, -1.8180462718009949e+00, -2.6428853273391724e+00, -1.0360228270292282e+00, -9.4754225015640259e-01, 3.3277204632759094e-01, -5.3952813148498535e-01, -3.1406104564666748e-02, 2.3299750518490328e+00, -1.9613701105117798e+00},
    {4.9336394667625427e-01, -2.9690289497375488e-01, 1.1574180126190186e+00, -1.2571576833724976e+00, -1.2160927862860262e+00, 2.2616457939147949e-01, -5.3154319524765015e-01, -1.4359748959541321e+00, -2.7843949794769287e+00, 1.0301566570997238e+00, 2.6873408933170140e-04, -5.4850943386554718e-02, -8.1926864385604858e-01, 3.8656441029161215e-03, -3.8001227378845215e-01, -3.0122393369674683e-01, -3.1324341893196106e-01, -2.1303848922252655e-01, 6.8953526020050049e-01, -8.0670589208602905e-01},
    {-2.9690289497375488e-01, -1.8243910074234009e+00, 4.8224563524127007e-01, 1.1665612459182739e+00, -2.4932098388671875e+00, 1.1960820853710175e+00, 9.8961836099624634e-01, 1.2161742150783539e+00, 9.3285721540451050e-01, 8.5979731380939484e-01, 6.6013878583908081e-01, -9.7487151622772217e-02, 1.5067919492721558e+00, -3.4190177917480469e-01, -1.8544443845748901e+00, 3.4269028902053833e-01, 1.0517221689224243e+00, -1.8889014720916748e+00, -5.0800764560699463e-01, 2.5812866687774658e+00},
    {1.1574180126190186e+00, 4.8224563524127007e-01, 6.6543704271316528e-01, 9.7096278890967369e-01, 7.9927146434783936e-01, -2.5808009207248688e+00, -4.0812151134014130e-01, -2.3245294094085693e+00, -2.8045090436935425e+00, 8.3376561850309372e-01, -2.1856285631656647e-01, 2.0852658748626709e+00, 5.9105730056762695e-01, -6.5381246805191040e-01, 9.7652864456176758e-01, -4.0119387209415436e-02, 4.9054908752441406e-01, 1.0222640037536621e+00, 6.6309946775436401e-01, -1.3504256010055542e+00},
    {-1.2571576833724976e+00, 1.1665612459182739e+00, 9.7096278890967369e-01, -2.6687699556350708e-01, 3.5432779788970947e-01, 1.7270212993025780e-01, 4.8901292681694031e-01, -1.5893121659755707e+00, -8.4837935119867325e-01, 1.4760821908712387e+00, 1.0561501979827881e+00, 3.5359087586402893e-01, 5.0498408079147339e-01, 3.4031805396080017e-01, -9.9757409095764160e-01, 3.8781244307756424e-02, -9.6328592300415039e-01, 7.8709882497787476e-01, -9.0339273214340210e-01, 1.9761954545974731e+00},
    {-1.2160927862860262e+00, -2.4932098388671875e+00, 7.9927146434783936e-01, 3.5432779788970947e-01, 1.9398088455200195e+00, 5.5605290830135345e-01, -1.0889283716678619e+00, 1.1467200815677643e+00, -2.1176269650459290e-01, -1.8456784486770630e+00, 7.9364991188049316e-01, 4.5668393373489380e-01, 2.6249736547470093e-01, -2.1544423103332520e+00, -4.5805263519287109e-01, -1.3647265732288361e-01, -2.1792232990264893e-01, -1.4085510969161987e+00, 2.1384112834930420e+00, 1.1959818601608276e+00},
    {2.2616457939147949e-01, 1.1960820853710175e+00, -2.5808009207248688e+00, 1.7270212993025780e-01, 5.5605290830135345e-01, 8.1522202491760254e-01, 5.2910074591636658e-01, 9.5396046899259090e-01, 4.9367681145668030e-01, -2.4339407682418823e+00, 3.6725816130638123e-01, 1.3143624067306519e+00, 1.3231828212738037e+00, -1.3837646245956421e+00, 5.3798371553421021e-01, -6.6396790742874146e-01, 7.7002537250518799e-01, 1.6647479534149170e+00, -1.5096050500869751e+00, 4.0047892928123474e-01},
    {-5.3154319524765015e-01, 9.8961836099624634e-01, -4.0812151134014130e-01, 4.8901292681694031e-01, -1.0889283716678619e+00, 5.2910074591636658e-01, -2.5231075286865234e+00, -1.6635993123054504e+00, 1.0394268631935120e+00, 9.3529108166694641e-01, 8.8745228946208954e-02, -2.1954977512359619e-01, -1.0076022148132324e+00, 7.5947070121765137e-01, -1.5337550640106201e+00, -8.9494633674621582e-01, -5.0630134344100952e-01, -2.9044702649116516e-01, 1.9527931511402130e-01, -2.8965488076210022e-01},
    {-1.4359748959541321e+00, 1.2161742150783539e+00, -2.3245294094085693e+00, -1.5893121659755707e+00, 1.1467200815677643e+00, 9.5396046899259090e-01, -1.6635993123054504e+00, -1.4936800003051758e+00, 2.6315085887908936e+00, -2.8843132257461548e+00, -1.5383579730987549e+00, -2.4901475012302399e-01, 6.3106793165206909e-01, 1.5646163225173950e+00, -5.0497019290924072e-01, 8.6147201061248779e-01, -1.7532841861248016e-01, 8.1686890125274658e-01, 1.2113883495330811e+00, -2.7708733081817627e-01},
    {-2.7843949794769287e+00, 9.3285721540451050e-01, -2.8045090436935425e+00, -8.4837935119867325e-01, -2.1176269650459290e-01, 4.9367681145668030e-01, 1.0394268631935120e+00, 2.6315085887908936e+00, -8.7513133883476257e-02, 6.8561410903930664e-01, -5.7169282436370850e-01, 1.2226544618606567e+00, -5.6677550077438354e-01, -4.8378673195838928e-01, -2.2200891748070717e-02, 1.0993099212646484e+00, 6.9004905223846436e-01, -2.2299261391162872e-01, 5.2452152967453003e-01, -1.3270002603530884e+00},
    {1.0301566570997238e+00, 8.5979731380939484e-01, 8.3376561850309372e-01, 1.4760821908712387e+00, -1.8456784486770630e+00, -2.4339407682418823e+00, 9.3529108166694641e-01, -2.8843132257461548e+00, 6.8561410903930664e-01, 4.0035953521728516e+00, -1.2273685932159424e+00, -1.7007325589656830e-01, 7.7876728773117065e-01, 7.7260702848434448e-01, 1.2083060741424561e+00, 3.1625097990036011e-01, -3.4401048906147480e-03, -4.4017103314399719e-01, -5.0062388181686401e-01, -6.5011614561080933e-01}
}}};

static constexpr auto result = eigvals(mat);

int main() { return 0; }
