#include "../../consteig.hpp"

using namespace consteig;

static constexpr Matrix<double, 20, 20> mat
{{{
    {9.9999999999999989e-01, -7.1014794420538518e-17, -1.9275786897332276e-16, -6.8672671489932428e-17, -9.9064344631412220e-17, -6.7594282713353272e-17, 1.5861863593427898e-16, 1.2227412971283617e-16, -5.6389667695085315e-17, 5.8831159581326150e-17, 1.9479764936127470e-17, 2.1574076023010372e-17, -1.3554893590341088e-18, -6.3437805092926806e-17, -8.9071826080990226e-17, -5.6136866745617723e-17, 7.8515031698501271e-17, 1.2327529194267560e-16, 3.1441579516426895e-17, 4.2672517088650707e-17},
    {-7.1014794420538518e-17, 9.9999999999999933e-01, -2.1210046684875696e-16, 1.2674281195906975e-16, -3.4761888912204556e-16, -1.3361314173409524e-16, -1.4952276267683453e-17, 2.0779672401184400e-16, -2.7212021477119398e-17, 2.3665827858786837e-16, 2.0104923051884636e-16, -2.6097133626116108e-16, -1.4451430099769841e-16, -1.9410716052834467e-17, -8.8970146842356213e-17, -1.4195116864472208e-16, -2.3891266660042068e-16, -1.1346493643770072e-16, 5.1486123293528578e-17, -1.6715512009300279e-16},
    {-1.9275786897332276e-16, -2.1210046684875696e-16, 9.9999999999999967e-01, 1.9490739688076484e-16, -3.2526639633472633e-17, 1.0093367355624170e-16, -3.2061979391266686e-17, 1.2272464890997510e-16, 2.4794035263721300e-17, -2.1478146043413643e-17, 4.4389725357061463e-17, -9.6594641793220550e-17, -2.0118086978018784e-16, 1.9864060743924311e-16, 5.8972216453523077e-17, -1.3710597413653893e-17, -2.3964605627449529e-16, -2.4418678338217045e-16, 1.7908416335163336e-16, -6.2573115228306964e-17},
    {-6.8672671489932428e-17, 1.2674281195906975e-16, 1.9490739688076484e-16, 9.9999999999999967e-01, -2.5393135290311451e-17, 1.8277202492255983e-17, -8.5640658612819149e-17, 1.4597154074308696e-17, 2.5091278797373565e-17, 1.9248995745664813e-16, -1.0810680382103120e-16, 4.3634797082758043e-17, -5.9782273020233767e-17, -3.8374406366575859e-17, -1.3873356308128366e-16, -3.8952624881718152e-18, 8.4456447392374604e-17, -9.0014913034635870e-17, 2.7058914815514250e-17, -5.7064062775855690e-17},
    {-9.9064344631412220e-17, -3.4761888912204556e-16, -3.2526639633472633e-17, -2.5393135290311451e-17, 1.0000000000000000e+00, -3.8643875934905784e-17, -1.5642494589479876e-17, -5.9132906590687240e-18, 1.5366698737620006e-16, -3.4280984818081718e-17, -2.5121535983024435e-16, 9.0516270628650570e-18, -6.4990352993320424e-17, -1.6478507737949680e-16, 3.5285062034364464e-17, -2.1774402722072212e-17, 1.2222263264674320e-16, -7.8582147348465312e-17, 5.1654415016961759e-17, -1.0973661730633586e-16},
    {-6.7594282713353272e-17, -1.3361314173409524e-16, 1.0093367355624170e-16, 1.8277202492255983e-17, -3.8643875934905784e-17, 9.9999999999999989e-01, 1.0031953757041388e-16, -1.6375849167605771e-16, 7.8175497312377919e-17, -1.4156039108225162e-16, 7.1793172475197178e-18, -1.5879794897161638e-17, -9.1047777662184633e-18, -9.6445249600649951e-17, -4.0982827268286936e-17, 1.3223646036135381e-16, 6.6055266609903770e-18, 5.1575325288299271e-18, 5.6578486529596181e-17, 1.0551406249132041e-16},
    {1.5861863593427898e-16, -1.4952276267683453e-17, -3.2061979391266686e-17, -8.5640658612819149e-17, -1.5642494589479876e-17, 1.0031953757041388e-16, 1.0000000000000000e+00, 2.4852236590600915e-17, 6.6803790953885939e-17, -1.2588706145664983e-16, 5.5213724222913777e-17, -6.1529409387285331e-18, -8.9779238845611042e-17, -2.3980733414449439e-17, 2.5037240364233954e-17, 9.6529168013537346e-17, -9.0777462649351627e-17, 1.6557974501503492e-16, 2.7948166104583452e-17, -2.0619631084791370e-17},
    {1.2227412971283617e-16, 2.0779672401184400e-16, 1.2272464890997510e-16, 1.4597154074308696e-17, -5.9132906590687240e-18, -1.6375849167605771e-16, 2.4852236590600915e-17, 1.0000000000000000e+00, 5.4535908895882116e-17, -3.5915908295907618e-17, -7.5093946604558903e-17, -3.0142050893537868e-17, -9.5868924358559968e-17, -9.4095897157790983e-17, -1.6704160104559429e-16, 9.3947100151394421e-17, 1.9410958300192822e-16, -4.9800662440853491e-17, 1.1796367431201683e-16, 1.0099959867275055e-16},
    {-5.6389667695085315e-17, -2.7212021477119398e-17, 2.4794035263721300e-17, 2.5091278797373565e-17, 1.5366698737620006e-16, 7.8175497312377919e-17, 6.6803790953885939e-17, 5.4535908895882116e-17, 9.9999999999999989e-01, -1.9371072152919127e-16, 1.6413498280187072e-16, -2.6021754393228850e-17, 9.5196074443994209e-17, 7.6736788664025084e-17, 1.8624998958079468e-16, -6.5714404668180730e-17, 4.1472365077702323e-17, -3.2379942451640263e-17, -7.9400816026076970e-17, -2.5984299927059645e-17},
    {5.8831159581326150e-17, 2.3665827858786837e-16, -2.1478146043413643e-17, 1.9248995745664813e-16, -3.4280984818081718e-17, -1.4156039108225162e-16, -1.2588706145664983e-16, -3.5915908295907618e-17, -1.9371072152919127e-16, 1.0000000000000002e+00, 8.4277955856323732e-17, -3.0010292566080268e-17, -1.3982131345238103e-16, 1.3066755864808109e-17, 3.9573696121019154e-17, 1.8079161547718832e-17, -1.9559671051897602e-17, -2.2591319816868231e-16, 8.4458362764721254e-17, 1.6643658055363612e-16},
    {1.9479764936127470e-17, 2.0104923051884636e-16, 4.4389725357061463e-17, -1.0810680382103120e-16, -2.5121535983024435e-16, 7.1793172475197178e-18, 5.5213724222913777e-17, -7.5093946604558903e-17, 1.6413498280187072e-16, 8.4277955856323732e-17, 9.9999999999999967e-01, 8.1135098531810360e-18, 1.0092253450522201e-16, -2.0305845289398652e-17, -1.9971885412666378e-16, 1.6263043784756483e-17, 1.2991753746904343e-17, 5.4686186172784992e-17, -1.5434746687784470e-16, 1.5921215341887924e-16},
    {2.1574076023010372e-17, -2.6097133626116108e-16, -9.6594641793220550e-17, 4.3634797082758043e-17, 9.0516270628650570e-18, -1.5879794897161638e-17, -6.1529409387285331e-18, -3.0142050893537868e-17, -2.6021754393228850e-17, -3.0010292566080268e-17, 8.1135098531810360e-18, 1.0000000000000000e+00, 5.7608595999548207e-17, -7.0986750065389631e-17, 9.2334837779976305e-17, -3.1882363343232816e-17, -2.1877863311958437e-16, -2.0608013835214829e-17, 7.0469686394691175e-17, -1.4603721874800969e-16},
    {-1.3554893590341088e-18, -1.4451430099769841e-16, -2.0118086978018784e-16, -5.9782273020233767e-17, -6.4990352993320424e-17, -9.1047777662184633e-18, -8.9779238845611042e-17, -9.5868924358559968e-17, 9.5196074443994209e-17, -1.3982131345238103e-16, 1.0092253450522201e-16, 5.7608595999548207e-17, 1.0000000000000002e+00, 1.9567684124107663e-18, 1.9744623805398667e-17, -1.3357966622955707e-16, -7.0385921784841201e-17, 7.1642325891811658e-17, 3.1212504198451954e-17, -1.0855403327635484e-18},
    {-6.3437805092926806e-17, -1.9410716052834467e-17, 1.9864060743924311e-16, -3.8374406366575859e-17, -1.6478507737949680e-16, -9.6445249600649951e-17, -2.3980733414449439e-17, -9.4095897157790983e-17, 7.6736788664025084e-17, 1.3066755864808109e-17, -2.0305845289398652e-17, -7.0986750065389631e-17, 1.9567684124107663e-18, 9.9999999999999989e-01, -7.4873187227646108e-17, 5.9992715565563441e-17, 5.9717695638699687e-17, -1.2948443536416704e-16, 2.8881024482704018e-17, 8.2019351939940231e-17},
    {-8.9071826080990226e-17, -8.8970146842356213e-17, 5.8972216453523077e-17, -1.3873356308128366e-16, 3.5285062034364464e-17, -4.0982827268286936e-17, 2.5037240364233954e-17, -1.6704160104559429e-16, 1.8624998958079468e-16, 3.9573696121019154e-17, -1.9971885412666378e-16, 9.2334837779976305e-17, 1.9744623805398667e-17, -7.4873187227646108e-17, 9.9999999999999978e-01, -5.1193258853234422e-17, 3.3500060360610978e-17, 4.8285872183836599e-17, 2.2070224249818267e-17, 5.2172712103565370e-17},
    {-5.6136866745617723e-17, -1.4195116864472208e-16, -1.3710597413653893e-17, -3.8952624881718152e-18, -2.1774402722072212e-17, 1.3223646036135381e-16, 9.6529168013537346e-17, 9.3947100151394421e-17, -6.5714404668180730e-17, 1.8079161547718832e-17, 1.6263043784756483e-17, -3.1882363343232816e-17, -1.3357966622955707e-16, 5.9992715565563441e-17, -5.1193258853234422e-17, 9.9999999999999978e-01, -1.3737309774648616e-16, 3.1249129758000313e-17, 2.0890060827337954e-17, -1.4819740973671343e-17},
    {7.8515031698501271e-17, -2.3891266660042068e-16, -2.3964605627449529e-16, 8.4456447392374604e-17, 1.2222263264674320e-16, 6.6055266609903770e-18, -9.0777462649351627e-17, 1.9410958300192822e-16, 4.1472365077702323e-17, -1.9559671051897602e-17, 1.2991753746904343e-17, -2.1877863311958437e-16, -7.0385921784841201e-17, 5.9717695638699687e-17, 3.3500060360610978e-17, -1.3737309774648616e-16, 1.0000000000000000e+00, 5.6292465046088248e-17, -3.4525477943884172e-17, -2.0654007286929262e-16},
    {1.2327529194267560e-16, -1.1346493643770072e-16, -2.4418678338217045e-16, -9.0014913034635870e-17, -7.8582147348465312e-17, 5.1575325288299271e-18, 1.6557974501503492e-16, -4.9800662440853491e-17, -3.2379942451640263e-17, -2.2591319816868231e-16, 5.4686186172784992e-17, -2.0608013835214829e-17, 7.1642325891811658e-17, -1.2948443536416704e-16, 4.8285872183836599e-17, 3.1249129758000313e-17, 5.6292465046088248e-17, 1.0000000000000002e+00, -5.6183149960754510e-17, 7.2213822738608165e-18},
    {3.1441579516426895e-17, 5.1486123293528578e-17, 1.7908416335163336e-16, 2.7058914815514250e-17, 5.1654415016961759e-17, 5.6578486529596181e-17, 2.7948166104583452e-17, 1.1796367431201683e-16, -7.9400816026076970e-17, 8.4458362764721254e-17, -1.5434746687784470e-16, 7.0469686394691175e-17, 3.1212504198451954e-17, 2.8881024482704018e-17, 2.2070224249818267e-17, 2.0890060827337954e-17, -3.4525477943884172e-17, -5.6183149960754510e-17, 9.9999999999999989e-01, -7.3071393200027851e-17},
    {4.2672517088650707e-17, -1.6715512009300279e-16, -6.2573115228306964e-17, -5.7064062775855690e-17, -1.0973661730633586e-16, 1.0551406249132041e-16, -2.0619631084791370e-17, 1.0099959867275055e-16, -2.5984299927059645e-17, 1.6643658055363612e-16, 1.5921215341887924e-16, -1.4603721874800969e-16, -1.0855403327635484e-18, 8.2019351939940231e-17, 5.2172712103565370e-17, -1.4819740973671343e-17, -2.0654007286929262e-16, 7.2213822738608165e-18, -7.3071393200027851e-17, 1.0000000000000002e+00}
}}};

static constexpr auto result = eigvals(mat);

int main() { return 0; }
