#include "../../consteig.hpp"

using namespace consteig;

static constexpr Matrix<double, 20, 20> mat
{{{
    {1.0000000000000000e+00, 8.1683953961567805e-17, 3.0055183553584081e-17, 4.7227542870599018e-17, -4.8349459925537864e-17, 1.1930515772291786e-16, 7.9582774194753742e-18, -8.6690171945781509e-17, 1.9568655445407565e-16, 4.9986411749236219e-17, -1.7275210090936699e-17, -1.4470279802958320e-17, -1.5975020421316848e-16, 2.3394063944056040e-17, -5.0286691808269150e-18, -9.6797677125113664e-17, -1.1122621287754777e-16, -1.2292313541431639e-16, 1.3503507070634677e-17, 4.5350737393034137e-17},
    {8.1683953961567805e-17, 1.0000000000000000e+00, -2.6142051227152571e-17, 8.9236148829923467e-17, 4.3253814789461605e-18, -1.6590711968024570e-16, -2.3226266279778692e-16, -1.3416434100577439e-16, 1.5357689314038673e-17, 3.3090925242849066e-17, -2.0312469439896036e-17, -2.0800631641955245e-17, -4.4110049510954002e-17, 9.1838379611062919e-18, 1.8404822532584767e-17, -1.1044603756445384e-16, 2.1759483886755255e-17, 5.5558345203114894e-17, 1.0576557257965480e-16, -6.6592600298071464e-17},
    {3.0055183553584081e-17, -2.6142051227152571e-17, 9.9999999999999978e-01, -3.2115298676128477e-17, 3.8070711770517206e-17, 1.1781164868304436e-17, 4.2196049667661538e-18, 1.9947122617671565e-17, -2.2323347045900472e-17, -7.5293237776047275e-17, 7.1955108950941714e-17, -8.0967771787424699e-17, 1.3336688975912145e-16, 8.0035813596207337e-18, 9.2228027623176668e-17, -5.2426096348176639e-17, -3.7703631326226761e-17, 5.1673273184482578e-18, -1.5899008412855021e-17, -2.8041481160510349e-17},
    {4.7227542870599018e-17, 8.9236148829923467e-17, -3.2115298676128477e-17, 1.0000000000000004e+00, 2.8495419473802757e-17, -1.2583429718373692e-16, -6.6781405964652448e-17, 5.0494553756918151e-17, -1.2980873696558932e-16, -2.0249848445471710e-17, -4.6234928014932168e-17, 9.4776638132925350e-17, -2.8934388816030180e-17, -8.6049012140064610e-18, 3.0869860326152499e-17, 1.0596875879345042e-17, -2.1801375350424547e-20, 5.8716667210459505e-17, 9.2824536229132750e-17, -1.0159054523975932e-16},
    {-4.8349459925537864e-17, 4.3253814789461605e-18, 3.8070711770517206e-17, 2.8495419473802757e-17, 9.9999999999999989e-01, -1.3027338829259809e-16, 4.9801377756262983e-17, 5.1232056042039264e-17, 1.8032959451082512e-16, -7.8096661655014155e-17, 3.0919458737996283e-17, -8.9627577857730061e-17, 3.3551924391608643e-17, 4.1772855816815223e-17, 2.7769033186108686e-17, 5.0808394620652370e-17, -8.6578113429831755e-17, 8.4981685608376427e-17, -9.7722415832844040e-17, -2.9503886617396949e-17},
    {1.1930515772291786e-16, -1.6590711968024570e-16, 1.1781164868304436e-17, -1.2583429718373692e-16, -1.3027338829259809e-16, 1.0000000000000002e+00, -2.2159996006433538e-17, 2.6425140582411431e-16, 2.1002983760218890e-17, -5.7270605191787968e-17, 8.5224645549427467e-17, -9.7553331549014466e-19, 7.3752559930703710e-18, 9.0779875301679888e-17, 2.3731438616225867e-17, 1.6671599859725415e-16, -6.8140862657840271e-17, -3.0194041681359414e-17, -1.1928047913287403e-16, 1.6946752510757388e-16},
    {7.9582774194753742e-18, -2.3226266279778692e-16, 4.2196049667661538e-18, -6.6781405964652448e-17, 4.9801377756262983e-17, -2.2159996006433538e-17, 1.0000000000000002e+00, 1.5549057707383060e-16, 8.7452179775687227e-17, -1.9109423317469345e-16, 8.1396017223794656e-17, -1.8785952278901561e-17, 3.4171756162029324e-16, -3.3428803567728633e-18, 7.5856712530501666e-17, -4.4683332593619021e-17, -9.9728205799225574e-17, 3.9229522561479571e-17, -1.5564434547196987e-16, -3.9105590301770044e-17},
    {-8.6690171945781509e-17, -1.3416434100577439e-16, 1.9947122617671565e-17, 5.0494553756918151e-17, 5.1232056042039264e-17, 2.6425140582411431e-16, 1.5549057707383060e-16, 9.9999999999999989e-01, 3.6895717649013841e-17, -8.5182198488468435e-17, -8.6524572996968160e-17, -2.3027453320019461e-17, -4.1237826431565923e-17, 5.0239662032956186e-17, -1.1369958665403701e-16, -8.7400412687313567e-17, 1.0998714455438570e-16, -2.9258999367723530e-17, -9.5942205899749798e-18, 1.9270103710831352e-16},
    {1.9568655445407565e-16, 1.5357689314038673e-17, -2.2323347045900472e-17, -1.2980873696558932e-16, 1.8032959451082512e-16, 2.1002983760218890e-17, 8.7452179775687227e-17, 3.6895717649013841e-17, 1.0000000000000002e+00, 3.5459334934794502e-18, -4.9367441236551838e-17, 1.0959727174842509e-16, 1.6506280295156218e-16, 5.6799932515945926e-18, 1.3143894503877840e-17, 1.1407114568466102e-16, 9.2350144098694249e-18, -1.8782981406380984e-17, 7.4525384138408476e-19, 9.6832794057695692e-17},
    {4.9986411749236219e-17, 3.3090925242849066e-17, -7.5293237776047275e-17, -2.0249848445471710e-17, -7.8096661655014155e-17, -5.7270605191787968e-17, -1.9109423317469345e-16, -8.5182198488468435e-17, 3.5459334934794502e-18, 9.9999999999999989e-01, 1.4179582714980630e-16, -1.0095057671649752e-16, -6.7649767820609812e-18, 9.4095632209162158e-17, -8.5377855503471809e-17, 4.4277848173812748e-17, 1.5182557189448119e-17, 1.4899560203815013e-16, -2.2918207444833512e-17, 1.1116175470768199e-16},
    {-1.7275210090936699e-17, -2.0312469439896036e-17, 7.1955108950941714e-17, -4.6234928014932168e-17, 3.0919458737996283e-17, 8.5224645549427467e-17, 8.1396017223794656e-17, -8.6524572996968160e-17, -4.9367441236551838e-17, 1.4179582714980630e-16, 1.0000000000000002e+00, -1.1084826048959969e-17, -6.4712746878473928e-17, 3.3025908518704091e-17, 1.3291970514818094e-16, -9.2011360000770068e-17, 1.3372674264845413e-16, -2.6260568652909378e-17, -5.3147851996484780e-17, -1.5407055389728273e-16},
    {-1.4470279802958320e-17, -2.0800631641955245e-17, -8.0967771787424699e-17, 9.4776638132925350e-17, -8.9627577857730061e-17, -9.7553331549014466e-19, -1.8785952278901561e-17, -2.3027453320019461e-17, 1.0959727174842509e-16, -1.0095057671649752e-16, -1.1084826048959969e-17, 9.9999999999999989e-01, -5.9370270789980390e-17, 9.4417374040875590e-17, 4.5557076253510946e-17, 1.1411907340544042e-17, -6.1588489980245537e-17, -3.5989149911220545e-17, -1.1174400211832985e-16, 2.9611930034849557e-17},
    {-1.5975020421316848e-16, -4.4110049510954002e-17, 1.3336688975912145e-16, -2.8934388816030180e-17, 3.3551924391608643e-17, 7.3752559930703710e-18, 3.4171756162029324e-16, -4.1237826431565923e-17, 1.6506280295156218e-16, -6.7649767820609812e-18, -6.4712746878473928e-17, -5.9370270789980390e-17, 1.0000000000000000e+00, -8.6173302167206257e-17, -4.7079500816584938e-17, 1.0188910255790179e-16, 9.0015517223439634e-18, -1.5828655942936362e-16, -3.8881046216203620e-17, -9.1705385543268360e-17},
    {2.3394063944056040e-17, 9.1838379611062919e-18, 8.0035813596207337e-18, -8.6049012140064610e-18, 4.1772855816815223e-17, 9.0779875301679888e-17, -3.3428803567728633e-18, 5.0239662032956186e-17, 5.6799932515945926e-18, 9.4095632209162158e-17, 3.3025908518704091e-17, 9.4417374040875590e-17, -8.6173302167206257e-17, 1.0000000000000000e+00, 9.5667726821138944e-17, -4.5646645555042933e-17, -1.7180584307424679e-17, 9.1005648552939963e-17, 6.6919178874314850e-17, 7.7524719160020133e-17},
    {-5.0286691808269150e-18, 1.8404822532584767e-17, 9.2228027623176668e-17, 3.0869860326152499e-17, 2.7769033186108686e-17, 2.3731438616225867e-17, 7.5856712530501666e-17, -1.1369958665403701e-16, 1.3143894503877840e-17, -8.5377855503471809e-17, 1.3291970514818094e-16, 4.5557076253510946e-17, -4.7079500816584938e-17, 9.5667726821138944e-17, 9.9999999999999956e-01, -7.3920014128410819e-17, 3.6816816037646539e-17, 1.0563454319359438e-17, 5.9855358168796446e-18, 8.0936702402538988e-17},
    {-9.6797677125113664e-17, -1.1044603756445384e-16, -5.2426096348176639e-17, 1.0596875879345042e-17, 5.0808394620652370e-17, 1.6671599859725415e-16, -4.4683332593619021e-17, -8.7400412687313567e-17, 1.1407114568466102e-16, 4.4277848173812748e-17, -9.2011360000770068e-17, 1.1411907340544042e-17, 1.0188910255790179e-16, -4.5646645555042933e-17, -7.3920014128410819e-17, 1.0000000000000000e+00, 6.4202672535941045e-17, 7.4942347767210925e-18, 9.9590890863131205e-17, 5.3534617634346308e-17},
    {-1.1122621287754777e-16, 2.1759483886755255e-17, -3.7703631326226761e-17, -2.1801375350424547e-20, -8.6578113429831755e-17, -6.8140862657840271e-17, -9.9728205799225574e-17, 1.0998714455438570e-16, 9.2350144098694249e-18, 1.5182557189448119e-17, 1.3372674264845413e-16, -6.1588489980245537e-17, 9.0015517223439634e-18, -1.7180584307424679e-17, 3.6816816037646539e-17, 6.4202672535941045e-17, 1.0000000000000000e+00, 4.7824490819420938e-17, 8.0359587172268601e-17, -6.5639488543583610e-17},
    {-1.2292313541431639e-16, 5.5558345203114894e-17, 5.1673273184482578e-18, 5.8716667210459505e-17, 8.4981685608376427e-17, -3.0194041681359414e-17, 3.9229522561479571e-17, -2.9258999367723530e-17, -1.8782981406380984e-17, 1.4899560203815013e-16, -2.6260568652909378e-17, -3.5989149911220545e-17, -1.5828655942936362e-16, 9.1005648552939963e-17, 1.0563454319359438e-17, 7.4942347767210925e-18, 4.7824490819420938e-17, 1.0000000000000000e+00, 7.4489077914732944e-17, -1.1131844057277013e-17},
    {1.3503507070634677e-17, 1.0576557257965480e-16, -1.5899008412855021e-17, 9.2824536229132750e-17, -9.7722415832844040e-17, -1.1928047913287403e-16, -1.5564434547196987e-16, -9.5942205899749798e-18, 7.4525384138408476e-19, -2.2918207444833512e-17, -5.3147851996484780e-17, -1.1174400211832985e-16, -3.8881046216203620e-17, 6.6919178874314850e-17, 5.9855358168796446e-18, 9.9590890863131205e-17, 8.0359587172268601e-17, 7.4489077914732944e-17, 1.0000000000000002e+00, 1.8942662980377490e-17},
    {4.5350737393034137e-17, -6.6592600298071464e-17, -2.8041481160510349e-17, -1.0159054523975932e-16, -2.9503886617396949e-17, 1.6946752510757388e-16, -3.9105590301770044e-17, 1.9270103710831352e-16, 9.6832794057695692e-17, 1.1116175470768199e-16, -1.5407055389728273e-16, 2.9611930034849557e-17, -9.1705385543268360e-17, 7.7524719160020133e-17, 8.0936702402538988e-17, 5.3534617634346308e-17, -6.5639488543583610e-17, -1.1131844057277013e-17, 1.8942662980377490e-17, 1.0000000000000000e+00}
}}};

static constexpr auto result = eigvals(mat);

int main() { return 0; }
