#include "../../consteig.hpp"

using namespace consteig;

static constexpr Matrix<double, 14, 14> mat
{{{
    {5.7823437452316284e-01, 9.4696015119552612e-01, -9.2260032892227173e-01, -9.7587323188781738e-01, 8.3611142635345459e-01, -1.1876454204320908e-01, 6.9710934162139893e-01, 2.3867590427398682e+00, 1.7375195026397705e+00, -2.7882112264633179e+00, -1.0342958122491837e+00, 1.1439433693885803e+00, 2.5308791995048523e+00, 2.0669358968734741e+00},
    {-1.3469107449054718e-01, -7.5592130422592163e-01, -1.2195017337799072e+00, 6.5390008687973022e-01, 9.9841499328613281e-01, 2.3260618746280670e-01, 3.1514459848403931e-01, 1.7375195026397705e+00, 2.3947625160217285e+00, -2.1364288441836834e+00, 3.3059597015380859e-02, 2.3315030336380005e-01, -5.7829754054546356e-01, 8.9841902256011963e-02},
    {-3.1280925273895264e+00, 1.3735589385032654e-01, -2.8849798440933228e-01, 9.9312591552734375e-01, 3.4309250116348267e-01, -1.5751297473907471e+00, -1.0863100290298462e+00, -2.7882112264633179e+00, -2.1364288441836834e+00, 9.7309005260467529e-01, 1.2859064340591431e+00, 1.6319469213485718e+00, -5.6821815967559814e+00, 1.2270775437355042e-01},
    {2.4387246370315552e-01, -1.5872080326080322e+00, 3.7463632225990295e-01, -1.1170394420623779e+00, -1.8526418507099152e-01, -4.6505138278007507e-01, -1.0285229682922363e+00, -1.0342958122491837e+00, 3.3059597015380859e-02, 1.2859064340591431e+00, -6.4355206489562988e-01, -9.3079233169555664e-01, 6.7230842262506485e-01, -2.0264270901679993e+00},
    {2.3809331655502319e-01, 1.1517536640167236e+00, 2.0489665865898132e-01, 2.0620439052581787e+00, -1.2019381523132324e+00, -3.8000795245170593e-01, -9.5996040105819702e-01, 1.1439433693885803e+00, 2.3315030336380005e-01, 1.6319469213485718e+00, -9.3079233169555664e-01, -6.0313147306442261e-01, 6.0206399857997894e-01, -2.2103026509284973e-01},
    {6.2059289216995239e-01, -1.5491521358489990e-01, 3.0587884783744812e-01, 3.1557825859636068e-03, -1.5441924333572388e+00, -9.9087804555892944e-01, 5.1255428791046143e-01, 2.5308791995048523e+00, -5.7829754054546356e-01, -5.6821815967559814e+00, 6.7230842262506485e-01, 6.0206399857997894e-01, 9.4088494777679443e-01, 2.4559980034828186e+00},
    {4.8669013381004333e-01, 5.3134411573410034e-01, 9.2655628919601440e-01, 1.7707585096359253e+00, -1.0868132114410400e+00, 1.0413308441638947e-01, 9.9714124202728271e-01, 2.0669358968734741e+00, 8.9841902256011963e-02, 1.2270775437355042e-01, -2.0264270901679993e+00, -2.2103026509284973e-01, 2.4559980034828186e+00, 4.4903218746185303e-01},
    {5.1248145103454590e+00, -1.9113281965255737e+00, 6.1326672136783600e-01, 3.1590452790260315e-01, 2.8948548436164856e-01, -1.3108883425593376e+00, -9.3955858051776886e-01, -5.7823437452316284e-01, 1.3469107449054718e-01, 3.1280925273895264e+00, -2.4387246370315552e-01, -2.3809331655502319e-01, -6.2059289216995239e-01, -4.8669013381004333e-01},
    {-1.9113281965255737e+00, -1.5573464632034302e+00, -1.1226231455802917e+00, -1.7887489199638367e+00, 2.3589643239974976e+00, 1.5772056579589844e-01, -2.7203510366380215e+00, -9.4696015119552612e-01, 7.5592130422592163e-01, -1.3735589385032654e-01, 1.5872080326080322e+00, -1.1517536640167236e+00, 1.5491521358489990e-01, -5.3134411573410034e-01},
    {6.1326672136783600e-01, -1.1226231455802917e+00, -2.9442685842514038e-01, -4.5210665464401245e-01, -1.4949747473001480e+00, -7.6383188180625439e-01, 7.2564011812210083e-01, 9.2260032892227173e-01, 1.2195017337799072e+00, 2.8849798440933228e-01, -3.7463632225990295e-01, -2.0489665865898132e-01, -3.0587884783744812e-01, -9.2655628919601440e-01},
    {3.1590452790260315e-01, -1.7887489199638367e+00, -4.5210665464401245e-01, -9.9010449647903442e-01, 3.6805331707000732e-01, 1.7552796564996243e-01, 9.7946381568908691e-01, 9.7587323188781738e-01, -6.5390008687973022e-01, -9.9312591552734375e-01, 1.1170394420623779e+00, -2.0620439052581787e+00, -3.1557825859636068e-03, -1.7707585096359253e+00},
    {2.8948548436164856e-01, 2.3589643239974976e+00, -1.4949747473001480e+00, 3.6805331707000732e-01, -4.9552259445190430e+00, -2.3074358701705933e-01, 9.9455881118774414e-01, -8.3611142635345459e-01, -9.9841499328613281e-01, -3.4309250116348267e-01, 1.8526418507099152e-01, 1.2019381523132324e+00, 1.5441924333572388e+00, 1.0868132114410400e+00},
    {-1.3108883425593376e+00, 1.5772056579589844e-01, -7.6383188180625439e-01, 1.7552796564996243e-01, -2.3074358701705933e-01, 4.2567145079374313e-02, 7.9260584712028503e-01, 1.1876454204320908e-01, -2.3260618746280670e-01, 1.5751297473907471e+00, 4.6505138278007507e-01, 3.8000795245170593e-01, 9.9087804555892944e-01, -1.0413308441638947e-01},
    {-9.3955858051776886e-01, -2.7203510366380215e+00, 7.2564011812210083e-01, 9.7946381568908691e-01, 9.9455881118774414e-01, 7.9260584712028503e-01, 8.8109016418457031e-01, -6.9710934162139893e-01, -3.1514459848403931e-01, 1.0863100290298462e+00, 1.0285229682922363e+00, 9.5996040105819702e-01, -5.1255428791046143e-01, -9.9714124202728271e-01}
}}};

static constexpr auto result = eigvals(mat);

int main() { return 0; }
