#include "../../consteig.hpp"

using namespace consteig;

static constexpr Matrix<double, 4, 4> mat
{{{
    {1.0000000000000000e+00, 6.9059344973463399e-17, -4.0000114449138172e-17, -3.3957688232698728e-17},
    {6.9059344973463399e-17, 1.0000000000000000e+00, -8.8009690276062126e-17, -3.5963279933171776e-17},
    {-4.0000114449138172e-17, -8.8009690276062126e-17, 9.9999999999999989e-01, -2.9024840235255053e-18},
    {-3.3957688232698728e-17, -3.5963279933171776e-17, -2.9024840235255053e-18, 9.9999999999999989e-01}
}}};

static constexpr auto result = eigvals(mat);

int main() { return 0; }
