#include "../../consteig.hpp"

using namespace consteig;

static constexpr Matrix<double, 18, 18> mat
{{{
    {1.0000000000000004e+00, 9.1453843512220262e-17, -3.5189077666004540e-16, -1.1875597088501264e-16, 2.8082612960417728e-16, -7.6039955804224903e-17, 2.4192389580299703e-16, 1.3503762281642414e-16, -2.6062244837684092e-16, -1.5118237419885465e-17, -7.8981034847283803e-17, 2.5311737758663029e-17, 4.8407501820024783e-17, 4.3616752605791017e-17, 4.6786737680534359e-19, 3.3826279581992539e-17, -9.6802646311391726e-17, 1.3464551452833139e-16},
    {9.1453843512220262e-17, 1.0000000000000000e+00, 8.9676392219872392e-17, 2.5855296801495952e-17, -1.7980913978803407e-16, 1.7625152799504229e-16, 8.3064615638302156e-18, 1.0540155783946843e-16, 2.1685132713328652e-16, 1.7418426950284482e-16, -2.2143071581041956e-17, -8.3083656763961559e-17, 6.8221646694711709e-17, 7.5480976140711610e-17, -1.0626986924765158e-16, -2.2586130462154785e-17, -1.8460333694191438e-16, 1.7399341595612133e-17},
    {-3.5189077666004540e-16, 8.9676392219872392e-17, 1.0000000000000002e+00, -2.5922001141569606e-17, 2.1962229105427225e-17, 6.6296359252857710e-17, -8.8715071990073108e-18, 1.2430658161812011e-16, 5.2086226935762234e-17, -1.1193384161357036e-16, 6.8128883817824955e-17, 3.7064857830653445e-17, -1.8868772650672562e-16, 4.0341522484997988e-17, -7.0095303619107853e-18, -4.2950986420132487e-17, 1.3476487735357048e-16, -1.9982310366389489e-17},
    {-1.1875597088501264e-16, 2.5855296801495952e-17, -2.5922001141569606e-17, 1.0000000000000002e+00, -9.5063694601533696e-17, -9.2234063025201162e-17, -5.7433193735026614e-17, -3.2317460532996917e-17, -6.6217276665939735e-17, -2.6746857192060348e-17, -1.0287929551018933e-16, -3.3457142507440353e-17, -2.6561049915865386e-17, -1.3152090904530535e-16, -1.0594299867059495e-16, 4.3327682307727281e-17, 1.5554936957914776e-16, -6.0311719958903107e-17},
    {2.8082612960417728e-16, -1.7980913978803407e-16, 2.1962229105427225e-17, -9.5063694601533696e-17, 1.0000000000000007e+00, -1.4442559352768743e-16, 3.0440106377351997e-16, 2.6599280929799031e-16, -2.6776904175524193e-16, -6.7436098407079112e-17, 2.0497038785371930e-16, 6.2075890274648053e-17, -2.0620574369457015e-16, 1.4924387826938758e-16, 1.0307708196105036e-17, 4.1359568956770575e-17, 6.4254423276268640e-17, 6.6744174871496988e-17},
    {-7.6039955804224903e-17, 1.7625152799504229e-16, 6.6296359252857710e-17, -9.2234063025201162e-17, -1.4442559352768743e-16, 1.0000000000000004e+00, -5.7433949464748170e-17, -7.0841888484442821e-17, -7.6879308313956425e-19, -6.7200633903879987e-17, -1.8978936985083891e-16, -1.5269751878070796e-18, 1.5088077403030664e-16, 1.1158299498000169e-16, 1.0389465914044736e-16, -2.5590717176353972e-17, -2.7514638794650130e-17, 6.8547647966222691e-17},
    {2.4192389580299703e-16, 8.3064615638302156e-18, -8.8715071990073108e-18, -5.7433193735026614e-17, 3.0440106377351997e-16, -5.7433949464748170e-17, 1.0000000000000004e+00, -3.6916966562379996e-17, -2.4615312418322549e-16, -9.7788740778564569e-17, -4.6365041503092248e-17, -2.6523271376280746e-17, -1.3208661030315775e-16, 1.6517404817031394e-16, -5.2138508725512437e-17, 1.0501512176184513e-16, -1.0424555205155116e-16, -3.0367436863894891e-17},
    {1.3503762281642414e-16, 1.0540155783946843e-16, 1.2430658161812011e-16, -3.2317460532996917e-17, 2.6599280929799031e-16, -7.0841888484442821e-17, -3.6916966562379996e-17, 9.9999999999999989e-01, 9.1637370514414059e-18, -1.5503560590418705e-16, 8.9994647452761072e-17, 2.5649104573988197e-16, -1.3651007079285036e-16, -3.8835537519514800e-17, 1.0448189278190538e-16, 8.0295126295078047e-17, -4.4055709522744579e-17, -7.1859245687582374e-18},
    {-2.6062244837684092e-16, 2.1685132713328652e-16, 5.2086226935762234e-17, -6.6217276665939735e-17, -2.6776904175524193e-16, -7.6879308313956425e-19, -2.4615312418322549e-16, 9.1637370514414059e-18, 1.0000000000000004e+00, 2.5501736886537750e-17, -1.9924912361814475e-16, -1.6206607584154886e-17, 1.3795616668875943e-16, -4.1307345830032804e-18, -1.4720180836664305e-17, 4.4952412846171460e-17, -1.1344492672978624e-16, 6.3009287641500512e-17},
    {-1.5118237419885465e-17, 1.7418426950284482e-16, -1.1193384161357036e-16, -2.6746857192060348e-17, -6.7436098407079112e-17, -6.7200633903879987e-17, -9.7788740778564569e-17, -1.5503560590418705e-16, 2.5501736886537750e-17, 1.0000000000000002e+00, 1.9948368936866823e-17, 7.7204669101043164e-17, 9.5077062602648585e-17, -7.6500438390522950e-18, 7.6320879327480267e-17, -2.7518587397387010e-17, -6.1563690696674654e-17, 2.2896534877030385e-17},
    {-7.8981034847283803e-17, -2.2143071581041956e-17, 6.8128883817824955e-17, -1.0287929551018933e-16, 2.0497038785371930e-16, -1.8978936985083891e-16, -4.6365041503092248e-17, 8.9994647452761072e-17, -1.9924912361814475e-16, 1.9948368936866823e-17, 1.0000000000000000e+00, -2.4279500192492003e-17, -1.6193881884096487e-16, 1.1002386962651086e-16, -1.4295064846087143e-16, 5.2281825561277739e-17, -5.9344572896031724e-18, -1.8477096412333959e-17},
    {2.5311737758663029e-17, -8.3083656763961559e-17, 3.7064857830653445e-17, -3.3457142507440353e-17, 6.2075890274648053e-17, -1.5269751878070796e-18, -2.6523271376280746e-17, 2.5649104573988197e-16, -1.6206607584154886e-17, 7.7204669101043164e-17, -2.4279500192492003e-17, 1.0000000000000002e+00, -1.6572518721023161e-16, 1.5306476274184017e-16, -7.1088246804034105e-17, -5.5742004109481626e-17, -4.9071917368963487e-17, -5.1558555818216670e-17},
    {4.8407501820024783e-17, 6.8221646694711709e-17, -1.8868772650672562e-16, -2.6561049915865386e-17, -2.0620574369457015e-16, 1.5088077403030664e-16, -1.3208661030315775e-16, -1.3651007079285036e-16, 1.3795616668875943e-16, 9.5077062602648585e-17, -1.6193881884096487e-16, -1.6572518721023161e-16, 1.0000000000000004e+00, -1.2270722583029376e-16, 3.3790481426929184e-17, -9.1651410231046143e-17, -7.7021263711406951e-17, -1.3167357408143478e-17},
    {4.3616752605791017e-17, 7.5480976140711610e-17, 4.0341522484997988e-17, -1.3152090904530535e-16, 1.4924387826938758e-16, 1.1158299498000169e-16, 1.6517404817031394e-16, -3.8835537519514800e-17, -4.1307345830032804e-18, -7.6500438390522950e-18, 1.1002386962651086e-16, 1.5306476274184017e-16, -1.2270722583029376e-16, 1.0000000000000000e+00, 8.7720314990734043e-17, 6.0001725567856443e-17, 5.6922973528646397e-17, -4.5832350766170991e-17},
    {4.6786737680534359e-19, -1.0626986924765158e-16, -7.0095303619107853e-18, -1.0594299867059495e-16, 1.0307708196105036e-17, 1.0389465914044736e-16, -5.2138508725512437e-17, 1.0448189278190538e-16, -1.4720180836664305e-17, 7.6320879327480267e-17, -1.4295064846087143e-16, -7.1088246804034105e-17, 3.3790481426929184e-17, 8.7720314990734043e-17, 9.9999999999999989e-01, -7.2328523369030895e-17, 5.7054356769642587e-17, -4.6500117655752088e-17},
    {3.3826279581992539e-17, -2.2586130462154785e-17, -4.2950986420132487e-17, 4.3327682307727281e-17, 4.1359568956770575e-17, -2.5590717176353972e-17, 1.0501512176184513e-16, 8.0295126295078047e-17, 4.4952412846171460e-17, -2.7518587397387010e-17, 5.2281825561277739e-17, -5.5742004109481626e-17, -9.1651410231046143e-17, 6.0001725567856443e-17, -7.2328523369030895e-17, 9.9999999999999989e-01, -8.1722467795435003e-17, 1.5421614004615660e-17},
    {-9.6802646311391726e-17, -1.8460333694191438e-16, 1.3476487735357048e-16, 1.5554936957914776e-16, 6.4254423276268640e-17, -2.7514638794650130e-17, -1.0424555205155116e-16, -4.4055709522744579e-17, -1.1344492672978624e-16, -6.1563690696674654e-17, -5.9344572896031724e-18, -4.9071917368963487e-17, -7.7021263711406951e-17, 5.6922973528646397e-17, 5.7054356769642587e-17, -8.1722467795435003e-17, 1.0000000000000000e+00, 9.4616380535156294e-18},
    {1.3464551452833139e-16, 1.7399341595612133e-17, -1.9982310366389489e-17, -6.0311719958903107e-17, 6.6744174871496988e-17, 6.8547647966222691e-17, -3.0367436863894891e-17, -7.1859245687582374e-18, 6.3009287641500512e-17, 2.2896534877030385e-17, -1.8477096412333959e-17, -5.1558555818216670e-17, -1.3167357408143478e-17, -4.5832350766170991e-17, -4.6500117655752088e-17, 1.5421614004615660e-17, 9.4616380535156294e-18, 1.0000000000000002e+00}
}}};

static constexpr auto result = eigvals(mat);

int main() { return 0; }
