#include "../../consteig.hpp"

using namespace consteig;

static constexpr Matrix<double, 18, 18> mat
{{{
    {-1.6575191020965576e+00, -5.8991470932960510e-01, -6.6585600376129150e-02, 1.6881974413990974e-01, -8.6922746896743774e-01, 2.3943990468978882e-01, -3.9516846835613251e-01, -1.2819753885269165e+00, -3.0166852474212646e-01, -5.9887784719467163e-01, 1.4691409096121788e-01, 1.3141016364097595e+00, 1.2234866246581078e-01, -1.4213503003120422e+00, -1.3606414794921875e+00, 5.9557777643203735e-01, -1.5114599466323853e-01, -5.6461507081985474e-01},
    {-5.8991470932960510e-01, -3.1082279682159424e+00, -1.2426328361034393e+00, 2.5815200805664062e-01, -9.6541913971304893e-01, -3.5793478488922119e+00, -3.6073896288871765e-01, -1.5862630307674408e+00, 1.6908556222915649e+00, -1.7225155234336853e+00, 2.3049054145812988e+00, -1.1539285033941269e+00, 1.1510576009750366e+00, -5.0227561593055725e-01, -2.9459214210510254e-01, -5.1119247078895569e-01, -1.4293795824050903e-01, 5.6284189224243164e-01},
    {-6.6585600376129150e-02, -1.2426328361034393e+00, 9.9132519960403442e-01, -3.8723946809768677e+00, 1.2282846868038177e+00, 6.2515044212341309e-01, -1.1736738681793213e-01, 1.9220070913434029e-01, 6.3125458359718323e-01, 1.5242400337010622e+00, -7.3983156681060791e-01, -1.4814641997218132e+00, 4.2352077364921570e-01, -2.0032536685466766e+00, 7.5098164379596710e-01, -1.1307699382305145e+00, 9.1441121697425842e-01, -2.0821805000305176e+00},
    {1.6881974413990974e-01, 2.5815200805664062e-01, -3.8723946809768677e+00, 2.9086822271347046e-01, 2.4765104055404663e-02, -9.1616106033325195e-01, 1.1143064498901367e+00, 9.1340232640504837e-01, -1.0729008167982101e+00, 2.7765608206391335e+00, -2.8680860400199890e+00, 1.5968048125505447e+00, -1.3350464701652527e+00, -8.3107070624828339e-01, -1.1431778073310852e+00, 1.5264303684234619e+00, 7.2900378704071045e-01, 1.2358961105346680e+00},
    {-8.6922746896743774e-01, -9.6541913971304893e-01, 1.2282846868038177e+00, 2.4765104055404663e-02, 2.1234962940216064e+00, -1.0774511694908142e+00, -7.6123884320259094e-01, -3.9597334712743759e-01, 8.3791843056678772e-01, 1.0298079848289490e+00, 7.1151596307754517e-01, 4.0928663127124310e-01, 1.2595788836479187e+00, 3.4758019447326660e-01, -1.9109619259834290e+00, -7.1838617324829102e-02, -4.3805707897990942e-01, -7.3471806943416595e-01},
    {2.3943990468978882e-01, -3.5793478488922119e+00, 6.2515044212341309e-01, -9.1616106033325195e-01, -1.0774511694908142e+00, -1.6663931608200073e+00, 1.7854169756174088e-01, 1.6674870252609253e-01, -1.7938567399978638e+00, 7.7936950325965881e-01, -5.2511405944824219e-01, -1.4048404395580292e+00, -8.5600598156452179e-01, -1.3382415771484375e+00, -3.1897055357694626e-01, -2.2467256188392639e+00, 5.5038166046142578e-01, 1.4857731908559799e+00},
    {-3.9516846835613251e-01, -3.6073896288871765e-01, -1.1736738681793213e-01, 1.1143064498901367e+00, -7.6123884320259094e-01, 1.7854169756174088e-01, -1.3376559019088745e+00, -1.2687772512435913e+00, 3.1178155541419983e+00, -2.7007889747619629e+00, 1.5618443489074707e-01, -9.6498810499906540e-01, -5.7488444447517395e-01, -1.4223264157772064e-01, -1.8323891162872314e+00, 6.8806231021881104e-02, 1.3244029879570007e-01, -8.6578938364982605e-01},
    {-1.2819753885269165e+00, -1.5862630307674408e+00, 1.9220070913434029e-01, 9.1340232640504837e-01, -3.9597334712743759e-01, 1.6674870252609253e-01, -1.2687772512435913e+00, -2.1510951519012451e+00, 1.8606699705123901e+00, -6.2258768081665039e-01, 1.3820857405662537e+00, -4.1784203052520752e-01, -2.2653935253620148e+00, 5.0708831846714020e-01, -1.4579428434371948e+00, 7.4421882629394531e-02, 3.2013652324676514e+00, -1.4989717304706573e-01},
    {-3.0166852474212646e-01, 1.6908556222915649e+00, 6.3125458359718323e-01, -1.0729008167982101e+00, 8.3791843056678772e-01, -1.7938567399978638e+00, 3.1178155541419983e+00, 1.8606699705123901e+00, -2.3256435394287109e+00, -2.9032669216394424e-01, -1.4528334140777588e-02, 2.0394812822341919e+00, -3.1655865907669067e-01, 2.8835122585296631e+00, 3.0428034067153931e-01, 2.1845337152481079e+00, -7.7734272181987762e-01, 1.0397989153862000e+00},
    {-5.9887784719467163e-01, -1.7225155234336853e+00, 1.5242400337010622e+00, 2.7765608206391335e+00, 1.0298079848289490e+00, 7.7936950325965881e-01, -2.7007889747619629e+00, -6.2258768081665039e-01, -2.9032669216394424e-01, 2.6238021850585938e+00, -5.3065806627273560e-01, -7.7695760130882263e-01, -2.4624627828598022e+00, -1.9125391244888306e+00, -4.6104703843593597e-01, -2.8088934421539307e+00, -1.7934247106313705e+00, -4.1820925474166870e-01},
    {1.4691409096121788e-01, 2.3049054145812988e+00, -7.3983156681060791e-01, -2.8680860400199890e+00, 7.1151596307754517e-01, -5.2511405944824219e-01, 1.5618443489074707e-01, 1.3820857405662537e+00, -1.4528334140777588e-02, -5.3065806627273560e-01, 2.7737995982170105e-01, -4.3884772062301636e-01, 1.8571976721286774e+00, -1.5590874552726746e+00, -6.8364781141281128e-01, 1.8485106229782104e+00, 1.0713087320327759e+00, 4.7754919528961182e-01},
    {1.3141016364097595e+00, -1.1539285033941269e+00, -1.4814641997218132e+00, 1.5968048125505447e+00, 4.0928663127124310e-01, -1.4048404395580292e+00, -9.6498810499906540e-01, -4.1784203052520752e-01, 2.0394812822341919e+00, -7.7695760130882263e-01, -4.3884772062301636e-01, -1.6780707836151123e+00, 6.8861585855484009e-01, 7.5224071741104126e-01, 1.2658300101757050e+00, -5.2148815989494324e-01, 6.2685000896453857e-01, -2.4179841279983521e+00},
    {1.2234866246581078e-01, 1.1510576009750366e+00, 4.2352077364921570e-01, -1.3350464701652527e+00, 1.2595788836479187e+00, -8.5600598156452179e-01, -5.7488444447517395e-01, -2.2653935253620148e+00, -3.1655865907669067e-01, -2.4624627828598022e+00, 1.8571976721286774e+00, 6.8861585855484009e-01, -1.0038284063339233e+00, 2.2362479567527771e-01, -1.4375644922256470e-01, 6.3656997680664062e-01, 1.2753320932388306e+00, 3.3399671316146851e+00},
    {-1.4213503003120422e+00, -5.0227561593055725e-01, -2.0032536685466766e+00, -8.3107070624828339e-01, 3.4758019447326660e-01, -1.3382415771484375e+00, -1.4223264157772064e-01, 5.0708831846714020e-01, 2.8835122585296631e+00, -1.9125391244888306e+00, -1.5590874552726746e+00, 7.5224071741104126e-01, 2.2362479567527771e-01, 1.9044520854949951e+00, 7.9899409413337708e-01, 7.7877748012542725e-01, -2.8570780754089355e+00, -1.4471697807312012e+00},
    {-1.3606414794921875e+00, -2.9459214210510254e-01, 7.5098164379596710e-01, -1.1431778073310852e+00, -1.9109619259834290e+00, -3.1897055357694626e-01, -1.8323891162872314e+00, -1.4579428434371948e+00, 3.0428034067153931e-01, -4.6104703843593597e-01, -6.8364781141281128e-01, 1.2658300101757050e+00, -1.4375644922256470e-01, 7.9899409413337708e-01, 1.7290074825286865e+00, 3.3874156475067139e+00, 9.6397809684276581e-01, -1.0157011244446039e+00},
    {5.9557777643203735e-01, -5.1119247078895569e-01, -1.1307699382305145e+00, 1.5264303684234619e+00, -7.1838617324829102e-02, -2.2467256188392639e+00, 6.8806231021881104e-02, 7.4421882629394531e-02, 2.1845337152481079e+00, -2.8088934421539307e+00, 1.8485106229782104e+00, -5.2148815989494324e-01, 6.3656997680664062e-01, 7.7877748012542725e-01, 3.3874156475067139e+00, -1.2288367748260498e+00, 3.2064333558082581e-01, -2.2489283084869385e+00},
    {-1.5114599466323853e-01, -1.4293795824050903e-01, 9.1441121697425842e-01, 7.2900378704071045e-01, -4.3805707897990942e-01, 5.5038166046142578e-01, 1.3244029879570007e-01, 3.2013652324676514e+00, -7.7734272181987762e-01, -1.7934247106313705e+00, 1.0713087320327759e+00, 6.2685000896453857e-01, 1.2753320932388306e+00, -2.8570780754089355e+00, 9.6397809684276581e-01, 3.2064333558082581e-01, -1.1430948972702026e+00, 1.2188194990158081e+00},
    {-5.6461507081985474e-01, 5.6284189224243164e-01, -2.0821805000305176e+00, 1.2358961105346680e+00, -7.3471806943416595e-01, 1.4857731908559799e+00, -8.6578938364982605e-01, -1.4989717304706573e-01, 1.0397989153862000e+00, -4.1820925474166870e-01, 4.7754919528961182e-01, -2.4179841279983521e+00, 3.3399671316146851e+00, -1.4471697807312012e+00, -1.0157011244446039e+00, -2.2489283084869385e+00, 1.2188194990158081e+00, -2.8484883308410645e+00}
}}};

static constexpr auto result = eigvals(mat);

int main() { return 0; }
