#include "../../consteig.hpp"

using namespace consteig;

static constexpr Matrix<double, 10, 10> mat
{{{
    {-6.4590162038803101e-01, 6.1556994915008545e-01, -1.6391764581203461e-01, 8.0546027421951294e-01, 7.1627631783485413e-02, 3.5792753696441650e+00, -1.8578526377677917e-01, -1.5621201992034912e+00, -6.3221284747123718e-01, 7.7269993722438812e-01},
    {1.9301947355270386e+00, -3.6910403519868851e-02, 1.7967687547206879e-01, 1.0566039010882378e-02, 1.2415437698364258e+00, -1.8578526377677917e-01, 1.5205475091934204e+00, 1.4704887866973877e+00, 2.6340349018573761e-01, 2.8616011142730713e+00},
    {-2.6736977100372314e+00, -9.2209810018539429e-01, -3.6702695488929749e-01, -3.5605910420417786e-01, 8.5864788293838501e-01, -1.5621201992034912e+00, 1.4704887866973877e+00, 3.2509145736694336e+00, 7.8856176137924194e-01, 1.4790322482585907e+00},
    {-4.5036625862121582e-01, -6.1137753725051880e-01, -1.9392941892147064e-01, -1.2069813013076782e+00, -1.7009764909744263e+00, -6.3221284747123718e-01, 2.6340349018573761e-01, 7.8856176137924194e-01, -2.5885758399963379e+00, 8.0330666899681091e-01},
    {-2.3394247516989708e-02, -6.6066461801528931e-01, -3.8002487272024155e-02, 7.5026428699493408e-01, -1.7384041547775269e+00, 7.7269993722438812e-01, 2.8616011142730713e+00, 1.4790322482585907e+00, 8.0330666899681091e-01, -1.5751250982284546e+00},
    {7.0760911703109741e-01, 6.5341591835021973e-02, -6.3962590694427490e-01, 1.4357658773660660e+00, 9.3470451235771179e-01, 6.4590162038803101e-01, -1.9301947355270386e+00, 2.6736977100372314e+00, 4.5036625862121582e-01, 2.3394247516989708e-02},
    {6.5341591835021973e-02, 3.7722927331924438e-01, -7.8270733356475830e-01, 9.1104710102081299e-01, 1.4744735434651375e+00, -6.1556994915008545e-01, 3.6910403519868851e-02, 9.2209810018539429e-01, 6.1137753725051880e-01, 6.6066461801528931e-01},
    {-6.3962590694427490e-01, -7.8270733356475830e-01, -8.2526254653930664e-01, -3.6668356657028198e+00, 3.8458085060119629e-01, 1.6391764581203461e-01, -1.7967687547206879e-01, 3.6702695488929749e-01, 1.9392941892147064e-01, 3.8002487272024155e-02},
    {1.4357658773660660e+00, 9.1104710102081299e-01, -3.6668356657028198e+00, -2.9419571161270142e-01, -1.6777101159095764e+00, -8.0546027421951294e-01, -1.0566039010882378e-02, 3.5605910420417786e-01, 1.2069813013076782e+00, -7.5026428699493408e-01},
    {9.3470451235771179e-01, 1.4744735434651375e+00, 3.8458085060119629e-01, -1.6777101159095764e+00, 1.5953698158264160e+00, -7.1627631783485413e-02, -1.2415437698364258e+00, -8.5864788293838501e-01, 1.7009764909744263e+00, 1.7384041547775269e+00}
}}};

static constexpr auto result = eigvals(mat);

int main() { return 0; }
