#include "../../consteig.hpp"

using namespace consteig;

static constexpr Matrix<double, 16, 16> mat
{{{
    {9.9999999999999978e-01, 5.2199967759479761e-17, -2.3346808137359677e-17, 1.0559717744654318e-16, -2.3036444750673317e-16, -1.1372132093072993e-16, 3.3280491630822622e-16, -1.0098653944740616e-16, -1.1629666094290584e-16, 2.7575414234508210e-16, -7.6522308057927139e-17, -2.2393612112718832e-17, 4.6566777274295893e-17, -1.2141802745392620e-16, -9.9542250506948729e-17, 9.3612946732476617e-17},
    {5.2199967759479761e-17, 1.0000000000000000e+00, 2.6776636832810168e-16, -1.4242346424718589e-16, -5.8249835048019507e-17, 7.4791910935269155e-17, -8.5561038212953716e-17, 1.9075025808411697e-17, 2.0796545583787200e-17, -6.6425208454199903e-17, -3.0889608230757174e-17, 7.6063149989507562e-18, 1.0245722490239828e-16, -8.7251507048142446e-17, -8.0085934785279472e-17, -8.4905289226861751e-17},
    {-2.3346808137359677e-17, 2.6776636832810168e-16, 9.9999999999999978e-01, -2.5049577244298497e-17, -1.4107453089955516e-16, 1.2198776578025423e-16, -1.6723240167667817e-16, -6.2077035267577028e-17, -2.3159855311782794e-17, -1.6943266196334289e-16, 1.3810234875404339e-16, -2.0090129426432824e-17, -1.5447548107323414e-16, -2.1229101885615529e-16, -1.0743101594208263e-16, -1.9349705868450914e-16},
    {1.0559717744654318e-16, -1.4242346424718589e-16, -2.5049577244298497e-17, 1.0000000000000000e+00, 9.7345175331046712e-17, -1.6500599288131130e-17, -2.6757611927739010e-17, -5.9203736032458662e-17, 1.1373599755868655e-16, 3.7708634945140954e-17, 5.2588157497261038e-17, -8.3391729802719354e-17, 4.5052028314454220e-17, -2.8604493252618722e-17, 6.0811172654974690e-17, -1.9637990451695285e-17},
    {-2.3036444750673317e-16, -5.8249835048019507e-17, -1.4107453089955516e-16, 9.7345175331046712e-17, 1.0000000000000000e+00, 1.7790489948608084e-17, -5.8304952026670208e-17, -2.2514344382925391e-17, -3.9960726760776680e-17, 1.7209618876241203e-16, -1.4368206923126212e-16, -7.0893374524832999e-18, 4.8486689312363438e-18, 9.1171631706169249e-18, -1.5668114437388105e-16, -8.1567054979751087e-17},
    {-1.1372132093072993e-16, 7.4791910935269155e-17, 1.2198776578025423e-16, -1.6500599288131130e-17, 1.7790489948608084e-17, 1.0000000000000000e+00, -1.3228396402570053e-16, -8.3374132251440154e-17, -4.1743272407243273e-18, 4.7764654924844234e-17, -1.0713161571528593e-16, 1.2480151246168002e-16, -5.9604598874001472e-17, 5.1885140709715029e-18, 6.2839052290329399e-17, -2.9113965380181051e-16},
    {3.3280491630822622e-16, -8.5561038212953716e-17, -1.6723240167667817e-16, -2.6757611927739010e-17, -5.8304952026670208e-17, -1.3228396402570053e-16, 9.9999999999999978e-01, -1.3524914784551423e-16, -7.3898632380989279e-17, 1.0542614187562236e-16, 1.5670163581167547e-16, -1.2561980460118843e-16, 1.5550880861863169e-17, 1.9581051367726328e-16, 1.8582161878878371e-16, 2.4583901098938564e-17},
    {-1.0098653944740616e-16, 1.9075025808411697e-17, -6.2077035267577028e-17, -5.9203736032458662e-17, -2.2514344382925391e-17, -8.3374132251440154e-17, -1.3524914784551423e-16, 1.0000000000000002e+00, -6.6232481282530568e-17, -2.7272525958414180e-17, 2.2732290256806340e-16, 2.6945106290745299e-17, -1.3272797519975537e-16, 1.2358498771247778e-16, -8.0269840937416183e-17, -1.5481321568640358e-16},
    {-1.1629666094290584e-16, 2.0796545583787200e-17, -2.3159855311782794e-17, 1.1373599755868655e-16, -3.9960726760776680e-17, -4.1743272407243273e-18, -7.3898632380989279e-17, -6.6232481282530568e-17, 9.9999999999999956e-01, 3.6739443736648525e-17, 1.3608909607972617e-16, 1.0732382685974878e-16, 2.0982523892300091e-17, 1.5006647076215953e-16, 3.0788886524739848e-19, -7.8482875286799967e-17},
    {2.7575414234508210e-16, -6.6425208454199903e-17, -1.6943266196334289e-16, 3.7708634945140954e-17, 1.7209618876241203e-16, 4.7764654924844234e-17, 1.0542614187562236e-16, -2.7272525958414180e-17, 3.6739443736648525e-17, 9.9999999999999989e-01, 1.1348705065540826e-16, -1.0430946248681018e-16, 1.2632052062941511e-16, -1.7999221612542903e-17, 5.5697162326100597e-17, 2.1027626569679499e-16},
    {-7.6522308057927139e-17, -3.0889608230757174e-17, 1.3810234875404339e-16, 5.2588157497261038e-17, -1.4368206923126212e-16, -1.0713161571528593e-16, 1.5670163581167547e-16, 2.2732290256806340e-16, 1.3608909607972617e-16, 1.1348705065540826e-16, 1.0000000000000002e+00, -2.5077969035497748e-17, -2.3160772773356105e-17, -4.4926109433399411e-17, -1.6368671102291811e-17, -1.9648182594477917e-17},
    {-2.2393612112718832e-17, 7.6063149989507562e-18, -2.0090129426432824e-17, -8.3391729802719354e-17, -7.0893374524832999e-18, 1.2480151246168002e-16, -1.2561980460118843e-16, 2.6945106290745299e-17, 1.0732382685974878e-16, -1.0430946248681018e-16, -2.5077969035497748e-17, 9.9999999999999989e-01, 1.6892972807816404e-16, -5.7059657311058479e-17, 4.5438665478967202e-17, 7.8500722807283928e-17},
    {4.6566777274295893e-17, 1.0245722490239828e-16, -1.5447548107323414e-16, 4.5052028314454220e-17, 4.8486689312363438e-18, -5.9604598874001472e-17, 1.5550880861863169e-17, -1.3272797519975537e-16, 2.0982523892300091e-17, 1.2632052062941511e-16, -2.3160772773356105e-17, 1.6892972807816404e-16, 1.0000000000000000e+00, 1.5649142184594723e-16, -4.8920030059786396e-18, -6.9010485611053208e-17},
    {-1.2141802745392620e-16, -8.7251507048142446e-17, -2.1229101885615529e-16, -2.8604493252618722e-17, 9.1171631706169249e-18, 5.1885140709715029e-18, 1.9581051367726328e-16, 1.2358498771247778e-16, 1.5006647076215953e-16, -1.7999221612542903e-17, -4.4926109433399411e-17, -5.7059657311058479e-17, 1.5649142184594723e-16, 9.9999999999999989e-01, -1.7329608805710892e-16, 1.2800486974935303e-16},
    {-9.9542250506948729e-17, -8.0085934785279472e-17, -1.0743101594208263e-16, 6.0811172654974690e-17, -1.5668114437388105e-16, 6.2839052290329399e-17, 1.8582161878878371e-16, -8.0269840937416183e-17, 3.0788886524739848e-19, 5.5697162326100597e-17, -1.6368671102291811e-17, 4.5438665478967202e-17, -4.8920030059786396e-18, -1.7329608805710892e-16, 1.0000000000000000e+00, 3.4307707774603119e-17},
    {9.3612946732476617e-17, -8.4905289226861751e-17, -1.9349705868450914e-16, -1.9637990451695285e-17, -8.1567054979751087e-17, -2.9113965380181051e-16, 2.4583901098938564e-17, -1.5481321568640358e-16, -7.8482875286799967e-17, 2.1027626569679499e-16, -1.9648182594477917e-17, 7.8500722807283928e-17, -6.9010485611053208e-17, 1.2800486974935303e-16, 3.4307707774603119e-17, 9.9999999999999978e-01}
}}};

static constexpr auto result = eigvals(mat);

int main() { return 0; }
