#include "../../consteig.hpp"

using namespace consteig;

static constexpr Matrix<double, 16, 16> mat
{{{
    {-2.4538776874542236e+00, -1.3191480636596680e+00, -1.2482781708240509e+00, 3.0298691391944885e+00, -6.9869458675384521e-01, -4.8176148533821106e-01, -1.8553711771965027e+00, 2.5473403334617615e+00, 9.8197644017636776e-01, 7.5092238187789917e-01, -1.1111941672861576e+00, -1.6009894609451294e+00, -1.1335384696722031e+00, -7.7998414635658264e-01, -3.0879117548465729e-01, -1.6557453870773315e+00},
    {-1.3191480636596680e+00, -1.7990763187408447e+00, 2.3492695037275553e+00, 5.7482114434242249e-01, 2.1165975332260132e+00, 4.7883825302124023e+00, 3.7070104479789734e-01, 6.6696643829345703e-01, -2.5196219086647034e+00, 1.1602524816989899e+00, 1.7384831905364990e+00, 2.0517468452453613e-01, -9.2482864856719971e-01, -2.1050378680229187e+00, 3.0151656270027161e-01, 5.7859444618225098e-01},
    {-1.2482781708240509e+00, 2.3492695037275553e+00, -1.4984378218650818e-01, -3.3990615606307983e-01, -1.7673396468162537e+00, -7.8561723232269287e-02, -1.4703225493431091e+00, -1.2668364644050598e+00, -7.5698852539062500e-02, -1.3648483827710152e+00, -2.1801537275314331e-01, -9.1707158088684082e-01, 1.2038579285144806e+00, 1.5861364006996155e+00, -3.7744265794754028e-01, -1.7974624857306480e+00},
    {3.0298691391944885e+00, 5.7482114434242249e-01, -3.3990615606307983e-01, -6.3613915443420410e-01, -6.0448285937309265e-01, -2.0897439122200012e-01, 6.8138138204813004e-01, -1.3730936348438263e+00, 3.5840514302253723e-01, -5.8315102756023407e-01, 1.1378147900104523e+00, 5.9815345704555511e-01, -3.7226948142051697e-01, -1.5609845519065857e+00, 1.9698047637939453e-01, -1.2948417663574219e+00},
    {-6.9869458675384521e-01, 2.1165975332260132e+00, -1.7673396468162537e+00, -6.0448285937309265e-01, 1.3478531837463379e+00, -1.2395156025886536e+00, -2.5394458770751953e+00, -7.6023876667022705e-02, 5.0208956003189087e-01, -1.1299494057893753e+00, -1.0475624799728394e+00, -3.4851989150047302e+00, -5.9833669662475586e-01, 2.2924244403839111e-02, 1.1938602328300476e+00, -1.6955892145633698e+00},
    {-4.8176148533821106e-01, 4.7883825302124023e+00, -7.8561723232269287e-02, -2.0897439122200012e-01, -1.2395156025886536e+00, 4.9254493713378906e+00, 1.1635398864746094e+00, 3.0518562793731689e+00, -1.1761118769645691e+00, -1.4166015386581421e+00, -4.4198480248451233e-01, 6.7532092332839966e-01, 1.7795500159263611e+00, 2.6141441464424133e+00, -7.9490769468247890e-01, -2.7674763277173042e-01},
    {-1.8553711771965027e+00, 3.7070104479789734e-01, -1.4703225493431091e+00, 6.8138138204813004e-01, -2.5394458770751953e+00, 1.1635398864746094e+00, -3.3709883689880371e+00, -2.3145878911018372e+00, -2.9756598919630051e-01, -8.1308157742023468e-01, 3.2606915235519409e+00, 1.9788201451301575e+00, -1.0878647267818451e+00, 1.9150394797325134e+00, 7.4714899063110352e-02, 9.2399214208126068e-01},
    {2.5473403334617615e+00, 6.6696643829345703e-01, -1.2668364644050598e+00, -1.3730936348438263e+00, -7.6023876667022705e-02, 3.0518562793731689e+00, -2.3145878911018372e+00, -6.1056905984878540e-01, 1.7303837835788727e+00, -2.2478511333465576e+00, -3.3069095015525818e-01, -2.7293538451194763e+00, -7.3143321275711060e-01, 4.9908334016799927e-01, -2.5862216949462891e-02, -2.5839241743087769e+00},
    {9.8197644017636776e-01, -2.5196219086647034e+00, -7.5698852539062500e-02, 3.5840514302253723e-01, 5.0208956003189087e-01, -1.1761118769645691e+00, -2.9756598919630051e-01, 1.7303837835788727e+00, 6.4983100891113281e+00, 8.6426503956317902e-01, 6.0568125545978546e-01, -9.7572813183069229e-01, -6.1152541637420654e-01, -8.2047885656356812e-01, 1.2311099022626877e+00, -9.4545078277587891e-01},
    {7.5092238187789917e-01, 1.1602524816989899e+00, -1.3648483827710152e+00, -5.8315102756023407e-01, -1.1299494057893753e+00, -1.4166015386581421e+00, -8.1308157742023468e-01, -2.2478511333465576e+00, 8.6426503956317902e-01, -2.2413229942321777e+00, -6.4878033101558685e-01, -9.5302614569664001e-01, 3.9633272588253021e-01, -1.1445927023887634e+00, 8.7343119084835052e-01, -3.2746179103851318e+00},
    {-1.1111941672861576e+00, 1.7384831905364990e+00, -2.1801537275314331e-01, 1.1378147900104523e+00, -1.0475624799728394e+00, -4.4198480248451233e-01, 3.2606915235519409e+00, -3.3069095015525818e-01, 6.0568125545978546e-01, -6.4878033101558685e-01, -2.0735363960266113e+00, 1.6110152006149292e-01, 2.2500787973403931e+00, -2.9645621776580811e-01, -2.2049369215965271e+00, -1.4271734356880188e+00},
    {-1.6009894609451294e+00, 2.0517468452453613e-01, -9.1707158088684082e-01, 5.9815345704555511e-01, -3.4851989150047302e+00, 6.7532092332839966e-01, 1.9788201451301575e+00, -2.7293538451194763e+00, -9.7572813183069229e-01, -9.5302614569664001e-01, 1.6110152006149292e-01, -9.5090603828430176e-01, 4.9568693339824677e-01, 4.1554982662200928e+00, -7.9538789391517639e-01, -9.1843400057405233e-01},
    {-1.1335384696722031e+00, -9.2482864856719971e-01, 1.2038579285144806e+00, -3.7226948142051697e-01, -5.9833669662475586e-01, 1.7795500159263611e+00, -1.0878647267818451e+00, -7.3143321275711060e-01, -6.1152541637420654e-01, 3.9633272588253021e-01, 2.2500787973403931e+00, 4.9568693339824677e-01, 1.6452791690826416e+00, -1.1855601146817207e+00, -1.4471333920955658e+00, 1.1311613023281097e+00},
    {-7.7998414635658264e-01, -2.1050378680229187e+00, 1.5861364006996155e+00, -1.5609845519065857e+00, 2.2924244403839111e-02, 2.6141441464424133e+00, 1.9150394797325134e+00, 4.9908334016799927e-01, -8.2047885656356812e-01, -1.1445927023887634e+00, -2.9645621776580811e-01, 4.1554982662200928e+00, -1.1855601146817207e+00, 2.5972478389739990e+00, 8.9424717426300049e-01, 1.3760566711425781e-02},
    {-3.0879117548465729e-01, 3.0151656270027161e-01, -3.7744265794754028e-01, 1.9698047637939453e-01, 1.1938602328300476e+00, -7.9490769468247890e-01, 7.4714899063110352e-02, -2.5862216949462891e-02, 1.2311099022626877e+00, 8.7343119084835052e-01, -2.2049369215965271e+00, -7.9538789391517639e-01, -1.4471333920955658e+00, 8.9424717426300049e-01, 1.3743604421615601e+00, -7.9958921670913696e-01},
    {-1.6557453870773315e+00, 5.7859444618225098e-01, -1.7974624857306480e+00, -1.2948417663574219e+00, -1.6955892145633698e+00, -2.7674763277173042e-01, 9.2399214208126068e-01, -2.5839241743087769e+00, -9.4545078277587891e-01, -3.2746179103851318e+00, -1.4271734356880188e+00, -9.1843400057405233e-01, 1.1311613023281097e+00, 1.3760566711425781e-02, -7.9958921670913696e-01, 1.5780335664749146e+00}
}}};

static constexpr auto result = eigvals(mat);

int main() { return 0; }
