#include "../../consteig.hpp"

using namespace consteig;

static constexpr Matrix<double, 10, 10> mat
{{{
    {1.0000062316418612e+00, -1.1098685798885382e-06, 2.2158461957520822e-07, 4.3650307761015718e-07, -9.0272320617257413e-07, 6.9291199586439052e-07, 1.7154632953836863e-07, 1.1829447874735603e-06, 1.7244344634132011e-07, -1.8600378385533177e-06},
    {-1.1098685798804435e-06, 1.0000044529668073e+00, -1.4549472085715509e-06, -1.2858213836285321e-06, -1.1355689867613771e-06, 6.5131139091556579e-07, -9.6217668838254656e-07, -1.5055468393281354e-07, 1.6528243115795853e-06, 1.7402679451534307e-06},
    {2.2158461960180804e-07, -1.4549472085731340e-06, 1.0000052195994251e+00, 3.0147226911601311e-07, 6.7822134353298526e-07, -1.0898116907819632e-06, 1.8793195845099186e-07, 2.1212533428582484e-06, 6.9456896705858955e-07, 1.6984959765193460e-07},
    {4.3650307760021847e-07, -1.2858213836527210e-06, 3.0147226912758543e-07, 1.0000042738669437e+00, -1.1684891981805630e-06, -1.8237613161546485e-07, -5.5540587009186487e-07, 1.0245539669203572e-06, -9.5024854732552371e-07, 2.1822850006465623e-06},
    {-9.0272320615505093e-07, -1.1355689867515462e-06, 6.7822134354457087e-07, -1.1684891981141160e-06, 1.0000037201946643e+00, -1.8420201742414497e-06, -9.9195920590108162e-09, -7.7167317091834469e-07, 1.2803506475913868e-06, 5.4469164351597395e-07},
    {6.9291199584819737e-07, 6.5131139088531919e-07, -1.0898116907682802e-06, -1.8237613161357152e-07, -1.8420201742470141e-06, 1.0000049718471238e+00, -9.8380646862269004e-08, 8.0710547013981381e-07, 7.6445614462715917e-07, -1.1241427346650551e-06},
    {1.7154632954967438e-07, -9.6217668836859698e-07, 1.8793195844660201e-07, -5.5540587010255697e-07, -9.9195920601700685e-09, -9.8380646830079516e-08, 1.0000053977361412e+00, 3.1361796546076163e-07, 3.8787822657418926e-07, 1.0728639421279799e-06},
    {1.1829447874217797e-06, -1.5055468392144191e-07, 2.1212533428445053e-06, 1.0245539669778193e-06, -7.7167317091587601e-07, 8.0710547014384643e-07, 3.1361796543131723e-07, 1.0000039716276277e+00, -4.8420103936555064e-07, 9.3243374598412742e-07},
    {1.7244344636698841e-07, 1.6528243115757970e-06, 6.9456896708102258e-07, -9.5024854732408936e-07, 1.2803506475412065e-06, 7.6445614464604314e-07, 3.8787822658096044e-07, -4.8420103939202540e-07, 1.0000047337642486e+00, 4.3764322705072944e-07},
    {-1.8600378385621129e-06, 1.7402679451492283e-06, 1.6984959763004767e-07, 2.1822850006545532e-06, 5.4469164347638458e-07, -1.1241427346806200e-06, 1.0728639421260019e-06, 9.3243374602580452e-07, 4.3764322704969770e-07, 1.0000070267551591e+00}
}}};

static constexpr auto result = eigvals(mat);

int main() { return 0; }
