#include "../../consteig.hpp"

using namespace consteig;

static constexpr Matrix<double, 10, 10> mat
{{{
    {9.9999999999999989e-01, -4.1630727762501585e-17, -1.1561407920839058e-16, 4.6808486606248492e-19, 1.1861426125783432e-16, 2.1387183682883717e-17, 7.2188360784655150e-18, -6.9643205316546953e-17, 2.4825636155206626e-17, -5.4404181109418521e-18},
    {-4.1630727762501585e-17, 9.9999999999999967e-01, 6.5811541419614989e-17, 1.5016431568116162e-16, 5.5866888720138597e-17, 4.6239609753545878e-17, -5.7507930327350762e-17, 8.9833270158998934e-17, -1.2916414049936064e-16, -1.8024778233554595e-16},
    {-1.1561407920839058e-16, 6.5811541419614989e-17, 9.9999999999999978e-01, 1.1455332547554779e-16, -2.2026661686426330e-18, -1.2961071787794081e-16, -8.0418822970877273e-17, -1.4318887889134664e-17, 1.8883748232689252e-17, 2.2349502957342688e-18},
    {4.6808486606248492e-19, 1.5016431568116162e-16, 1.1455332547554779e-16, 9.9999999999999967e-01, 6.3060641270267751e-17, 8.0819916151869379e-17, 1.2446345062803741e-16, 5.2095126392195421e-17, -2.6705092775198912e-17, -2.3119860732733009e-17},
    {1.1861426125783432e-16, 5.5866888720138597e-17, -2.2026661686426330e-18, 6.3060641270267751e-17, 9.9999999999999978e-01, -1.8809839986843770e-16, 7.1950214273454732e-18, 1.6782399861694032e-17, 1.7068006758384670e-16, -7.7081991722914247e-17},
    {2.1387183682883717e-17, 4.6239609753545878e-17, -1.2961071787794081e-16, 8.0819916151869379e-17, -1.8809839986843770e-16, 9.9999999999999978e-01, -3.1862295687472731e-17, 6.5713107259350309e-17, 1.7439121683579883e-16, 3.6639347698516683e-17},
    {7.2188360784655150e-18, -5.7507930327350762e-17, -8.0418822970877273e-17, 1.2446345062803741e-16, 7.1950214273454732e-18, -3.1862295687472731e-17, 9.9999999999999978e-01, 3.4245767332586391e-17, 1.8243750629061079e-17, -5.2987021035637347e-17},
    {-6.9643205316546953e-17, 8.9833270158998934e-17, -1.4318887889134664e-17, 5.2095126392195421e-17, 1.6782399861694032e-17, 6.5713107259350309e-17, 3.4245767332586391e-17, 9.9999999999999989e-01, -5.0336222116712754e-17, -2.1633637273399583e-17},
    {2.4825636155206626e-17, -1.2916414049936064e-16, 1.8883748232689252e-17, -2.6705092775198912e-17, 1.7068006758384670e-16, 1.7439121683579883e-16, 1.8243750629061079e-17, -5.0336222116712754e-17, 9.9999999999999967e-01, -5.4581891117263031e-17},
    {-5.4404181109418521e-18, -1.8024778233554595e-16, 2.2349502957342688e-18, -2.3119860732733009e-17, -7.7081991722914247e-17, 3.6639347698516683e-17, -5.2987021035637347e-17, -2.1633637273399583e-17, -5.4581891117263031e-17, 9.9999999999999978e-01}
}}};

static constexpr auto result = eigvals(mat);

int main() { return 0; }
