#include "../../consteig.hpp"

using namespace consteig;

static constexpr Matrix<double, 8, 8> mat
{{{
    {-1.8011881113052368e+00, -8.6871063709259033e-01, -2.8285596519708633e-02, 1.5491709709167480e+00, -4.5864944458007812e+00, 1.2159006893634796e+00, 3.3174055814743042e-01, -1.1895771324634552e-01},
    {4.3301141262054443e-01, 1.4909383058547974e+00, -6.6761695779860020e-03, 9.8560535907745361e-01, 1.2159006893634796e+00, -1.3127597570419312e+00, -1.1397235393524170e+00, 1.2023431956768036e+00},
    {1.7929625511169434e+00, -3.4492909908294678e-01, -9.8286300897598267e-01, 8.4093534946441650e-01, 3.3174055814743042e-01, -1.1397235393524170e+00, 1.3545594215393066e+00, -1.2403039336204529e+00},
    {-1.5817062556743622e-01, 7.4128568172454834e-02, 2.1293034553527832e+00, -7.8716135025024414e-01, -1.1895771324634552e-01, 1.2023431956768036e+00, -1.2403039336204529e+00, 3.8715347647666931e-01},
    {-9.0609866380691528e-01, 2.5088016688823700e-01, 6.3888311386108398e-02, 2.8134202957153320e-01, 1.8011881113052368e+00, -4.3301141262054443e-01, -1.7929625511169434e+00, 1.5817062556743622e-01},
    {2.5088016688823700e-01, -1.6203440427780151e+00, -2.2461333274841309e+00, 4.8440912365913391e-01, 8.6871063709259033e-01, -1.4909383058547974e+00, 3.4492909908294678e-01, -7.4128568172454834e-02},
    {6.3888311386108398e-02, -2.2461333274841309e+00, -1.2039332389831543e+00, -1.5518477559089661e+00, 2.8285596519708633e-02, 6.6761695779860020e-03, 9.8286300897598267e-01, -2.1293034553527832e+00},
    {2.8134202957153320e-01, 4.8440912365913391e-01, -1.5518477559089661e+00, 3.8209897279739380e-01, -1.5491709709167480e+00, -9.8560535907745361e-01, -8.4093534946441650e-01, 7.8716135025024414e-01}
}}};

static constexpr auto result = eigvals(mat);

int main() { return 0; }
