#include "../../consteig.hpp"

using namespace consteig;

static constexpr Matrix<double, 12, 12> mat
{{{
    {-4.1122245788574219e-01, 1.2180908024311066e-01, 1.7933523654937744e-01, -1.4002273082733154e+00, -1.1428663730621338e+00, -5.5693602561950684e-01, -7.3528057336807251e-01, -7.2544683516025543e-01, -1.0884265899658203e+00, -1.3877879381179810e+00, -2.7080228924751282e-01, 1.8283961415290833e+00},
    {5.5598400533199310e-02, -9.5332533121109009e-02, 1.0170067548751831e+00, 3.5055649280548096e-01, -2.5515799522399902e+00, 1.3982724398374557e-02, -7.2544683516025543e-01, -2.1260335445404053e+00, 2.3840523362159729e+00, 1.0928101539611816e+00, 1.8064354509115219e+00, -2.0142258405685425e+00},
    {3.4268495440483093e-01, -3.9108034223318100e-02, -2.4925587698817253e-02, 6.4516854286193848e-01, 1.5122592449188232e+00, -1.3573904037475586e+00, -1.0884265899658203e+00, 2.3840523362159729e+00, 9.5780968666076660e-01, -1.1341206133365631e+00, -1.2945299819111824e+00, 1.8579472452402115e+00},
    {1.4060367643833160e-01, -1.7001409828662872e-01, -8.7587401270866394e-02, 6.0210639238357544e-01, -1.1072854995727539e+00, 1.1234840154647827e+00, -1.3877879381179810e+00, 1.0928101539611816e+00, -1.1341206133365631e+00, -3.9849743247032166e-01, -3.7685549259185791e-01, -1.5624504238367081e+00},
    {-4.6802601218223572e-01, -3.1749773025512695e-01, 6.9662141799926758e-01, -4.4514334201812744e-01, -4.4368809461593628e-01, 8.9712285995483398e-01, -2.7080228924751282e-01, 1.8064354509115219e+00, -1.2945299819111824e+00, -3.7685549259185791e-01, -8.8231354951858521e-01, 4.1765153408050537e-02},
    {1.1230040788650513e+00, 7.6384320855140686e-02, -7.8722971677780151e-01, -1.2977027893066406e-01, 8.9536118507385254e-01, -1.4366738796234131e+00, 1.8283961415290833e+00, -2.0142258405685425e+00, 1.8579472452402115e+00, -1.5624504238367081e+00, 4.1765153408050537e-02, 2.6057732105255127e+00},
    {-1.6861344575881958e+00, 7.4864843487739563e-01, 9.3151153624057770e-01, -2.2067130133509636e+00, -9.4467979669570923e-01, 2.0996242761611938e-01, 4.1122245788574219e-01, -5.5598400533199310e-02, -3.4268495440483093e-01, -1.4060367643833160e-01, 4.6802601218223572e-01, -1.1230040788650513e+00},
    {7.4864843487739563e-01, 2.2022528648376465e+00, -1.7405913397669792e-01, -5.8717739582061768e-01, -5.3106807172298431e-01, 1.4655246138572693e+00, -1.2180908024311066e-01, 9.5332533121109009e-02, 3.9108034223318100e-02, 1.7001409828662872e-01, 3.1749773025512695e-01, -7.6384320855140686e-02},
    {9.3151153624057770e-01, -1.7405913397669792e-01, -3.8679802417755127e-01, -1.0773870348930359e+00, -5.2064663171768188e-01, 7.7327527105808258e-01, -1.7933523654937744e-01, -1.0170067548751831e+00, 2.4925587698817253e-02, 8.7587401270866394e-02, -6.9662141799926758e-01, 7.8722971677780151e-01},
    {-2.2067130133509636e+00, -5.8717739582061768e-01, -1.0773870348930359e+00, 2.6262924075126648e-01, 8.1866504251956940e-01, -6.3392013311386108e-02, 1.4002273082733154e+00, -3.5055649280548096e-01, -6.4516854286193848e-01, -6.0210639238357544e-01, 4.4514334201812744e-01, 1.2977027893066406e-01},
    {-9.4467979669570923e-01, -5.3106807172298431e-01, -5.2064663171768188e-01, 8.1866504251956940e-01, 1.9013173580169678e+00, 1.2419211864471436e-01, 1.1428663730621338e+00, 2.5515799522399902e+00, -1.5122592449188232e+00, 1.1072854995727539e+00, 4.4368809461593628e-01, -8.9536118507385254e-01},
    {2.0996242761611938e-01, 1.4655246138572693e+00, 7.7327527105808258e-01, -6.3392013311386108e-02, 1.2419211864471436e-01, 1.7260823249816895e+00, 5.5693602561950684e-01, -1.3982724398374557e-02, 1.3573904037475586e+00, -1.1234840154647827e+00, -8.9712285995483398e-01, 1.4366738796234131e+00}
}}};

static constexpr auto result = eigvals(mat);

int main() { return 0; }
