#include "../../consteig.hpp"

using namespace consteig;

static constexpr Matrix<double, 16, 16> mat
{{{
    {1.0000029849730416e+00, -2.6924130726114637e-07, -6.3527591379813803e-07, 3.1363622259022463e-07, -3.7418715903781055e-07, 4.0402087081605374e-07, 3.2941064625780178e-07, -5.8606310520926911e-07, -5.8824849998716682e-07, 2.2361001341164623e-07, 2.0317431392593512e-06, -3.1428597482923731e-07, -5.8379866801896873e-07, 1.2162712160665688e-06, -8.3447849145748326e-08, 1.6360770511878884e-06},
    {-2.6924130725607174e-07, 1.0000052361379259e+00, -5.2782141855494923e-07, -7.0389298777287110e-07, 9.9898725497618156e-07, -7.2918501056590852e-07, -3.8615230661770635e-07, -4.8446435849621601e-07, -1.7318473768933656e-08, -4.7105968935358863e-07, 3.8108849432688126e-07, -1.1575142376392234e-07, -4.3425420181808063e-07, 1.1237604097184273e-06, 2.1878367830711673e-07, -4.3043971206196120e-07},
    {-6.3527591380495241e-07, -5.2782141856398210e-07, 1.0000043150372646e+00, -2.5196915448918726e-07, 1.5885844186589999e-07, -2.8710801359058279e-07, -6.6486887702665597e-07, -1.0843158230957469e-07, 6.3389104145823846e-07, 8.6942819775523257e-07, 1.0295827163920952e-06, -7.6722405148960184e-08, 1.2926356368800859e-06, 5.2424711957373960e-07, -2.3423294113371395e-06, 4.5129112472443696e-07},
    {3.1363622258917039e-07, -7.0389298775782854e-07, -2.5196915446228729e-07, 1.0000036378744888e+00, 7.4325240778289369e-07, 1.0072864915097430e-06, 1.8343554348737517e-07, 8.6855026120483091e-07, -9.0694827805377702e-07, -3.5326591096633148e-07, 1.7062943396467007e-06, -1.0534712257499679e-06, -4.1294094992125537e-07, 1.2899477108488170e-06, -1.2301349009468721e-07, -8.1982958937894099e-07},
    {-3.7418715896750597e-07, 9.9898725490210387e-07, 1.5885844183866971e-07, 7.4325240777779932e-07, 1.0000068201738399e+00, -3.6940556661106607e-07, -1.6325532345681707e-07, -5.0843623330965959e-07, -4.4044013947801142e-07, -1.9524024329122938e-07, 2.2599019529285811e-07, -2.9162575425332503e-07, 7.7977583677079262e-07, 4.5962194798394640e-07, 1.2593270299721379e-07, -1.0826507376654613e-07},
    {4.0402087081554007e-07, -7.2918501055522595e-07, -2.8710801355802041e-07, 1.0072864915338634e-06, -3.6940556663610695e-07, 1.0000056122226044e+00, 4.1348341119568673e-08, -3.3428417921038431e-07, 6.5396557673990453e-07, -7.1934975570042574e-07, 9.1955256734322605e-07, -1.0212464130956677e-06, 1.0381627631203663e-06, -1.4464194916330058e-06, 1.0099299265526346e-07, -1.0004027465360518e-06},
    {3.2941064628317984e-07, -3.8615230661323386e-07, -6.6486887702824543e-07, 1.8343554344286174e-07, -1.6325532345847532e-07, 4.1348341095987832e-08, 1.0000055999604962e+00, 1.6539554456720025e-06, -2.0643841512371804e-07, -9.6226088085063904e-07, 1.3590856307556644e-07, -6.4445865087565320e-08, -5.0865447681966185e-07, -6.7773982495814517e-07, 5.3856534734625363e-08, -4.0034971440109337e-07},
    {-5.8606310518407231e-07, -4.8446435851281923e-07, -1.0843158229740278e-07, 8.6855026116699659e-07, -5.0843623333222613e-07, -3.3428417917508258e-07, 1.6539554456649730e-06, 1.0000053810037415e+00, 1.5479370343736984e-07, -7.3415108052669217e-08, -2.6129033059185618e-07, -1.0022676688019323e-07, -2.8751741171594465e-07, -4.6363522450489249e-07, 6.2207503121232035e-07, -3.0002577525373845e-07},
    {-5.8824849999704597e-07, -1.7318473745312190e-08, 6.3389104142835799e-07, -9.0694827809068425e-07, -4.4044013948123385e-07, 6.5396557668377758e-07, -2.0643841513108426e-07, 1.5479370345463367e-07, 1.0000045528296391e+00, -1.0023395784287360e-06, 1.7305573394179061e-06, -1.4038524589192720e-08, 9.3150035209855038e-07, -4.2892503748819815e-07, -1.8637053344732156e-07, 9.1848657367783900e-09},
    {2.2361001342071441e-07, -4.7105968936401137e-07, 8.6942819775378997e-07, -3.5326591097650143e-07, -1.9524024331676695e-07, -7.1934975569560114e-07, -9.6226088081041323e-07, -7.3415108047194208e-08, -1.0023395784245625e-06, 1.0000046422651205e+00, -1.0568049999507112e-07, -1.1712787719473133e-06, -1.8756668515364910e-06, -2.9728915828776891e-07, -2.8290755205292987e-07, 3.6326770110296974e-07},
    {2.0317431392611761e-06, 3.8108849433216029e-07, 1.0295827163930888e-06, 1.7062943396230704e-06, 2.2599019529246771e-07, 9.1955256734494924e-07, 1.3590856307988466e-07, -2.6129033055952255e-07, 1.7305573394255813e-06, -1.0568050000314132e-07, 1.0000059362914828e+00, -6.2335553399261630e-07, -2.3687187034301087e-07, 1.6528516163067343e-06, 9.7139758424917110e-07, 3.8978807790247423e-07},
    {-3.1428597482729395e-07, -1.1575142373296579e-07, -7.6722405147508396e-08, -1.0534712258044167e-06, -2.9162575423696967e-07, -1.0212464130746390e-06, -6.4445865097417597e-08, -1.0022676686258607e-07, -1.4038524593778432e-08, -1.1712787719229854e-06, -6.2335553401460612e-07, 1.0000048837538336e+00, 1.2819717520598691e-06, -7.6952683981475554e-07, -3.6889687372240339e-07, 4.7897314649766011e-07},
    {-5.8379866802742720e-07, -4.3425420183876311e-07, 1.2926356369067113e-06, -4.1294094992212887e-07, 7.7977583675501472e-07, 1.0381627631288534e-06, -5.0865447681401087e-07, -2.8751741172741670e-07, 9.3150035210971226e-07, -1.8756668515443140e-06, -2.3687187034744522e-07, 1.2819717520564787e-06, 1.0000046976746892e+00, 9.8783559390065176e-07, -6.2394996685842634e-07, 7.5243229439616613e-07},
    {1.2162712160350031e-06, 1.1237604097057858e-06, 5.2424711959860128e-07, 1.2899477108471356e-06, 4.5962194800649574e-07, -1.4464194916262870e-06, -6.7773982492377226e-07, -4.6363522452538111e-07, -4.2892503748489006e-07, -2.9728915828800115e-07, 1.6528516162947348e-06, -7.6952683982937332e-07, 9.8783559394301844e-07, 1.0000049230869184e+00, -2.4177832049670100e-07, 1.2787169460863499e-07},
    {-8.3447849125679363e-08, 2.1878367830665650e-07, -2.3423294113309782e-06, -1.2301349010069900e-07, 1.2593270300387642e-07, 1.0099299268302934e-07, 5.3856534755249914e-08, 6.2207503121731318e-07, -1.8637053344740611e-07, -2.8290755203915579e-07, 9.7139758421657621e-07, -3.6889687368683108e-07, -6.2394996685301835e-07, -2.4177832049667596e-07, 1.0000047312508129e+00, 1.9253236861607176e-07},
    {1.6360770511843021e-06, -4.3043971208690208e-07, 4.5129112471978373e-07, -8.1982958936831581e-07, -1.0826507377775968e-07, -1.0004027464636593e-06, -4.0034971444010321e-07, -3.0002577528600152e-07, 9.1848657469610594e-09, 3.6326770109714406e-07, 3.8978807793696843e-07, 4.7897314650118207e-07, 7.5243229438135449e-07, 1.2787169463048857e-07, 1.9253236858787099e-07, 1.0000060454641035e+00}
}}};

static constexpr auto result = eigvals(mat);

int main() { return 0; }
