#include "../../consteig.hpp"

using namespace consteig;

static constexpr Matrix<double, 20, 20> mat
{{{
    {-9.6280586719512939e-01, 2.1763300299644470e+00, 1.7007272839546204e+00, -2.5705378353595734e+00, -1.2733675986528397e+00, 1.2407016754150391e+00, -1.2635576128959656e+00, -4.4341325759887695e-02, -6.0909521579742432e-01, -5.1567149162292480e-01, -9.3227827548980713e-01, 3.1709492802619934e+00, -5.3672254085540771e-01, -2.4634463787078857e+00, -1.0721996426582336e-01, -2.3013753890991211e+00, -3.6934061050415039e+00, 7.7350229024887085e-01, -1.1727131009101868e+00, 5.1873102039098740e-01},
    {2.1763300299644470e+00, 2.7991539239883423e-01, 1.1391732096672058e-01, 2.0566010475158691e-01, -1.8031453490257263e+00, 6.6478881984949112e-01, -1.9418919384479523e+00, -5.7535892724990845e-01, 1.9480192661285400e-01, 1.2199224624782801e-01, 1.2468457221984863e-02, 7.4663641303777695e-01, -2.0754329115152359e+00, -2.0311523452401161e+00, -4.3425977230072021e-01, 7.6834851503372192e-01, 2.0856519225053489e+00, 1.1412628889083862e+00, -3.0594797134399414e+00, -2.1245293319225311e-01},
    {1.7007272839546204e+00, 1.1391732096672058e-01, -1.7748876810073853e+00, 1.4136386010795832e+00, 1.2074509039521217e+00, 2.6447640061378479e+00, 2.1291999816894531e+00, 5.9374243021011353e-02, 8.1645394861698151e-01, 2.9166983366012573e+00, -3.2450689375400543e-01, -2.6885337233543396e+00, 1.3513357266783714e+00, 4.1122204065322876e-01, -1.7620945572853088e+00, -1.3721652030944824e+00, -3.5938921570777893e-01, -2.1435859203338623e+00, 4.2508712410926819e-01, -2.1090630292892456e+00},
    {-2.5705378353595734e+00, 2.0566010475158691e-01, 1.4136386010795832e+00, -1.4435923099517822e+00, 1.2147790193557739e+00, -3.0809026956558228e-01, 7.4724865704774857e-01, -3.0206152796745300e-01, 5.2062024176120758e-01, 1.2058226615190506e+00, -1.5488505363464355e-02, 2.0149540901184082e+00, -8.5815422981977463e-01, 7.3789040371775627e-01, 1.5287521835416555e+00, -4.5249143242835999e-01, -3.0062198638916016e-01, 1.2192265093326569e+00, -1.3487844914197922e+00, 2.1117519140243530e+00},
    {-1.2733675986528397e+00, -1.8031453490257263e+00, 1.2074509039521217e+00, 1.2147790193557739e+00, 2.2499885559082031e+00, -1.1251870244741440e+00, 2.1036517620086670e+00, 6.8833893537521362e-01, -1.3370126485824585e-01, -1.5529260337352753e+00, -4.6994155645370483e-01, 1.1119572222232819e+00, 1.0897216796875000e+00, 1.2747388780117035e+00, 2.8757767379283905e+00, -2.7529375553131104e+00, 6.9855341315269470e-01, -1.6014144420623779e+00, 1.6146804988384247e+00, 3.7982028722763062e-01},
    {1.2407016754150391e+00, 6.6478881984949112e-01, 2.6447640061378479e+00, -3.0809026956558228e-01, -1.1251870244741440e+00, 1.3416771888732910e+00, 1.0144859552383423e-01, -6.7114571481943130e-01, 2.0067085176706314e+00, 6.6973423957824707e-01, 2.1656851768493652e+00, -6.3024368882179260e-01, 6.6528412699699402e-01, -9.1422080993652344e-02, -6.2087984569370747e-01, -1.1541295051574707e-01, -2.4208256006240845e+00, 3.0525387525558472e+00, 2.0024722367525101e+00, 1.0439331531524658e+00},
    {-1.2635576128959656e+00, -1.9418919384479523e+00, 2.1291999816894531e+00, 7.4724865704774857e-01, 2.1036517620086670e+00, 1.0144859552383423e-01, -1.1555458307266235e+00, 1.5988239645957947e-01, 2.0446030199527740e+00, 5.2384619414806366e-01, 4.3522103270515800e-01, 3.6020493507385254e-01, -1.5088716149330139e-01, 1.1407131552696228e+00, 3.3704406023025513e-01, -9.6841038390994072e-01, -1.4781736731529236e+00, -6.3286547362804413e-01, -2.3509067296981812e+00, -1.1242065727710724e+00},
    {-4.4341325759887695e-02, -5.7535892724990845e-01, 5.9374243021011353e-02, -3.0206152796745300e-01, 6.8833893537521362e-01, -6.7114571481943130e-01, 1.5988239645957947e-01, -6.6499012708663940e-01, -1.2135249376296997e+00, -9.3344243615865707e-01, -5.3178685903549194e-01, -1.1803221106529236e+00, 8.6670126020908356e-01, -8.4524937346577644e-01, 5.6533858180046082e-02, -1.1054797768592834e+00, -1.4738145470619202e+00, -8.2779705524444580e-01, 5.5679354071617126e-01, -2.8124419450759888e+00},
    {-6.0909521579742432e-01, 1.9480192661285400e-01, 8.1645394861698151e-01, 5.2062024176120758e-01, -1.3370126485824585e-01, 2.0067085176706314e+00, 2.0446030199527740e+00, -1.2135249376296997e+00, -5.7695609331130981e-01, 3.2333040982484818e-01, -4.7565239667892456e-01, -1.1551324427127838e+00, -1.0468334555625916e+00, -3.1402379274368286e-01, -2.1846157312393188e-01, 1.0206410586833954e+00, -7.8940036147832870e-01, 2.0607655644416809e+00, 2.8490000963211060e-01, -1.2001479864120483e+00},
    {-5.1567149162292480e-01, 1.2199224624782801e-01, 2.9166983366012573e+00, 1.2058226615190506e+00, -1.5529260337352753e+00, 6.6973423957824707e-01, 5.2384619414806366e-01, -9.3344243615865707e-01, 3.2333040982484818e-01, 1.2686318159103394e-01, -2.2863787412643433e-01, 1.9141103625297546e+00, -1.9961031377315521e+00, -2.7489382028579712e+00, 6.9244962930679321e-01, 4.0783381462097168e-01, -9.3187797069549561e-01, -4.1810127347707748e-01, -2.4711086153984070e+00, -1.3205344676971436e+00},
    {-9.3227827548980713e-01, 1.2468457221984863e-02, -3.2450689375400543e-01, -1.5488505363464355e-02, -4.6994155645370483e-01, 2.1656851768493652e+00, 4.3522103270515800e-01, -5.3178685903549194e-01, -4.7565239667892456e-01, -2.2863787412643433e-01, -1.0934553146362305e+00, -8.1922829151153564e-02, -2.0213765203952789e+00, 1.1779770106077194e+00, -2.5006443262100220e+00, -1.2642168104648590e+00, 1.4872125387191772e+00, 4.0190683305263519e-01, 4.8591971397399902e-01, 3.3381286263465881e-01},
    {3.1709492802619934e+00, 7.4663641303777695e-01, -2.6885337233543396e+00, 2.0149540901184082e+00, 1.1119572222232819e+00, -6.3024368882179260e-01, 3.6020493507385254e-01, -1.1803221106529236e+00, -1.1551324427127838e+00, 1.9141103625297546e+00, -8.1922829151153564e-02, 4.3305444717407227e-01, 9.2828813195228577e-01, 1.1995973885059357e+00, 1.0936757922172546e-01, -1.6322672143578529e+00, -1.6273481249809265e+00, -1.6152018904685974e+00, -1.9350558519363403e-01, 8.0485984683036804e-01},
    {-5.3672254085540771e-01, -2.0754329115152359e+00, 1.3513357266783714e+00, -8.5815422981977463e-01, 1.0897216796875000e+00, 6.6528412699699402e-01, -1.5088716149330139e-01, 8.6670126020908356e-01, -1.0468334555625916e+00, -1.9961031377315521e+00, -2.0213765203952789e+00, 9.2828813195228577e-01, -1.9769992828369141e+00, 1.8295511007308960e+00, 1.8077186346054077e+00, 1.0301330685615540e+00, -1.7596075609326363e+00, -1.9752693176269531e+00, -1.3517903089523315e+00, -1.1820635385811329e+00},
    {-2.4634463787078857e+00, -2.0311523452401161e+00, 4.1122204065322876e-01, 7.3789040371775627e-01, 1.2747388780117035e+00, -9.1422080993652344e-02, 1.1407131552696228e+00, -8.4524937346577644e-01, -3.1402379274368286e-01, -2.7489382028579712e+00, 1.1779770106077194e+00, 1.1995973885059357e+00, 1.8295511007308960e+00, 1.2233825922012329e+00, -2.5358756184577942e+00, 1.0291216671466827e+00, -1.5223077535629272e+00, 6.3035658374428749e-01, 7.1757318079471588e-01, 2.9465655684471130e+00},
    {-1.0721996426582336e-01, -4.3425977230072021e-01, -1.7620945572853088e+00, 1.5287521835416555e+00, 2.8757767379283905e+00, -6.2087984569370747e-01, 3.3704406023025513e-01, 5.6533858180046082e-02, -2.1846157312393188e-01, 6.9244962930679321e-01, -2.5006443262100220e+00, 1.0936757922172546e-01, 1.8077186346054077e+00, -2.5358756184577942e+00, 1.0725182294845581e-01, 2.9538937211036682e+00, 7.3305380344390869e-01, 1.0108736157417297e+00, -7.6463818550109863e-02, 1.6737620234489441e+00},
    {-2.3013753890991211e+00, 7.6834851503372192e-01, -1.3721652030944824e+00, -4.5249143242835999e-01, -2.7529375553131104e+00, -1.1541295051574707e-01, -9.6841038390994072e-01, -1.1054797768592834e+00, 1.0206410586833954e+00, 4.0783381462097168e-01, -1.2642168104648590e+00, -1.6322672143578529e+00, 1.0301330685615540e+00, 1.0291216671466827e+00, 2.9538937211036682e+00, -2.8006608486175537e+00, -1.1079999189823866e+00, -1.7551484704017639e+00, 2.2929245829582214e+00, 3.6418259143829346e-01},
    {-3.6934061050415039e+00, 2.0856519225053489e+00, -3.5938921570777893e-01, -3.0062198638916016e-01, 6.9855341315269470e-01, -2.4208256006240845e+00, -1.4781736731529236e+00, -1.4738145470619202e+00, -7.8940036147832870e-01, -9.3187797069549561e-01, 1.4872125387191772e+00, -1.6273481249809265e+00, -1.7596075609326363e+00, -1.5223077535629272e+00, 7.3305380344390869e-01, -1.1079999189823866e+00, 2.4820103645324707e+00, 4.3285417556762695e-01, -3.9271159768104553e+00, -1.7549272924661636e+00},
    {7.7350229024887085e-01, 1.1412628889083862e+00, -2.1435859203338623e+00, 1.2192265093326569e+00, -1.6014144420623779e+00, 3.0525387525558472e+00, -6.3286547362804413e-01, -8.2779705524444580e-01, 2.0607655644416809e+00, -4.1810127347707748e-01, 4.0190683305263519e-01, -1.6152018904685974e+00, -1.9752693176269531e+00, 6.3035658374428749e-01, 1.0108736157417297e+00, -1.7551484704017639e+00, 4.3285417556762695e-01, -2.8864235877990723e+00, 6.9964820146560669e-01, -2.8491699099540710e+00},
    {-1.1727131009101868e+00, -3.0594797134399414e+00, 4.2508712410926819e-01, -1.3487844914197922e+00, 1.6146804988384247e+00, 2.0024722367525101e+00, -2.3509067296981812e+00, 5.5679354071617126e-01, 2.8490000963211060e-01, -2.4711086153984070e+00, 4.8591971397399902e-01, -1.9350558519363403e-01, -1.3517903089523315e+00, 7.1757318079471588e-01, -7.6463818550109863e-02, 2.2929245829582214e+00, -3.9271159768104553e+00, 6.9964820146560669e-01, 3.8533234596252441e+00, 1.9776688814163208e+00},
    {5.1873102039098740e-01, -2.1245293319225311e-01, -2.1090630292892456e+00, 2.1117519140243530e+00, 3.7982028722763062e-01, 1.0439331531524658e+00, -1.1242065727710724e+00, -2.8124419450759888e+00, -1.2001479864120483e+00, -1.3205344676971436e+00, 3.3381286263465881e-01, 8.0485984683036804e-01, -1.1820635385811329e+00, 2.9465655684471130e+00, 1.6737620234489441e+00, 3.6418259143829346e-01, -1.7549272924661636e+00, -2.8491699099540710e+00, 1.9776688814163208e+00, -5.7860928773880005e-01}
}}};

static constexpr auto result = eigvals(mat);

int main() { return 0; }
