#include "../../consteig.hpp"

using namespace consteig;

static constexpr Matrix<double, 20, 20> mat
{{{
    {2.7189916372299194e-01, -5.3326940536499023e-01, -2.0778610706329346e+00, -1.9758108258247375e-01, 1.5519727468490601e+00, 1.6646555662155151e+00, 1.3334789276123047e+00, -2.3803157806396484e+00, 8.8152712583541870e-01, -6.2656879425048828e-01, 1.3605560064315796e+00, -2.9617446660995483e+00, 5.2017053961753845e-01, -1.0496700108051300e+00, 2.0660000443458557e+00, 2.2312152385711670e-01, -4.7240276634693146e-01, -1.1497792378067970e+00, 1.2532007694244385e+00, 8.3992093801498413e-01},
    {-2.4756915867328644e-01, 6.0827004909515381e-01, 2.9300957918167114e-01, -3.4482875466346741e-01, 3.6510550975799561e-01, -1.6238907575607300e+00, -6.5220725536346436e-01, -7.7221947908401489e-01, 1.7217500209808350e+00, 1.5300992727279663e+00, -2.9617446660995483e+00, 5.5137205868959427e-02, -9.5685850828886032e-02, 4.9993488192558289e-01, -1.3568450510501862e+00, 9.3454754352569580e-01, -2.8559285309165716e-01, -1.3602517247200012e+00, 1.1051978766918182e+00, 9.1085553169250488e-01},
    {-8.5506457090377808e-01, -9.6095377206802368e-01, 8.3768415451049805e-01, -3.5157565027475357e-02, 8.1686347723007202e-01, 3.7328898906707764e-01, 8.3657991886138916e-01, 6.9206559658050537e-01, -8.7788254022598267e-01, 5.9897381067276001e-01, 5.2017053961753845e-01, -9.5685850828886032e-02, -1.9379637241363525e+00, 1.3217538595199585e+00, -1.4378895163536072e+00, 3.1349422335624695e+00, -1.3052134215831757e+00, 2.3237442970275879e-01, -9.0968869626522064e-01, -7.8141934890300035e-01},
    {-1.4161741733551025e+00, -4.1871252655982971e-01, 7.4858307838439941e-01, -4.3557825684547424e-01, 5.4356426000595093e-01, 3.8963800668716431e-01, -7.8661000728607178e-01, 7.2902125120162964e-01, 6.6265070438385010e-01, -7.0206880569458008e-01, -1.0496700108051300e+00, 4.9993488192558289e-01, 1.3217538595199585e+00, -1.3367990255355835e+00, -1.9649035930633545e+00, -1.8259283900260925e+00, 8.5407055914402008e-01, 1.5432813763618469e+00, 1.5725437402725220e+00, 9.7882270812988281e-01},
    {-6.9001227617263794e-01, -3.6483678221702576e-01, 1.0880849361419678e+00, 6.9046121835708618e-01, -4.5339870452880859e-01, -1.0919299125671387e+00, -8.5845488309860229e-01, -1.8570576794445515e-03, -1.4856484718620777e-02, 3.7024623155593872e-01, 2.0660000443458557e+00, -1.3568450510501862e+00, -1.4378895163536072e+00, -1.9649035930633545e+00, 3.0771291255950928e-01, -5.6953191757202148e-02, 3.1699727773666382e+00, 1.2125099897384644e+00, -2.5669157505035400e-02, -1.6393923759460449e+00},
    {-1.5149269104003906e+00, 1.1303206682205200e+00, -2.8241355419158936e+00, 1.5488806962966919e+00, -1.5156376361846924e+00, 4.5249056816101074e-01, -9.3478322029113770e-01, -1.1811274290084839e+00, 8.0374509096145630e-02, 1.8318535089492798e+00, 2.2312152385711670e-01, 9.3454754352569580e-01, 3.1349422335624695e+00, -1.8259283900260925e+00, -5.6953191757202148e-02, 2.1000463962554932e+00, -3.3860796689987183e-01, 4.7835618257522583e-01, 2.6105688512325287e-01, -3.2297922372817993e+00},
    {1.8885581493377686e+00, -1.8253781795501709e+00, -1.2935881614685059e+00, -1.0561826229095459e+00, 2.1998921036720276e-01, 6.3925248384475708e-01, 2.4516627788543701e+00, -4.8109099268913269e-01, 6.4330719411373138e-02, -1.0553996562957764e+00, -4.7240276634693146e-01, -2.8559285309165716e-01, -1.3052134215831757e+00, 8.5407055914402008e-01, 3.1699727773666382e+00, -3.3860796689987183e-01, -3.2319061756134033e+00, 2.6237618923187256e+00, 1.3446823656558990e+00, -5.9435860812664032e-01},
    {1.0047823190689087e+00, -1.6454132795333862e+00, -1.3988257944583893e-01, 2.2376196384429932e+00, -2.9238849878311157e-01, -1.4836239814758301e-01, 1.2567174434661865e+00, 9.4852995872497559e-01, 6.9634634256362915e-01, -5.1813137531280518e-01, -1.1497792378067970e+00, -1.3602517247200012e+00, 2.3237442970275879e-01, 1.5432813763618469e+00, 1.2125099897384644e+00, 4.7835618257522583e-01, 2.6237618923187256e+00, -3.1363257765769958e-01, 1.3097554743289948e+00, 2.6203241348266602e+00},
    {-1.5749518871307373e+00, 1.3166862726211548e-01, -3.4467045217752457e-02, -1.4359126091003418e+00, -1.7754314839839935e-01, 2.3732442855834961e+00, 6.5542161464691162e-01, -9.8047918081283569e-01, 7.6431936025619507e-01, -1.1108307838439941e+00, 1.2532007694244385e+00, 1.1051978766918182e+00, -9.0968869626522064e-01, 1.5725437402725220e+00, -2.5669157505035400e-02, 2.6105688512325287e-01, 1.3446823656558990e+00, 1.3097554743289948e+00, -1.2150648832321167e+00, -7.8862741589546204e-01},
    {-2.2301244735717773e+00, 4.5320221781730652e-01, 1.6349288225173950e+00, 2.5252816677093506e+00, 5.5481112003326416e-01, -1.6949270665645599e-01, 1.2321283817291260e+00, 7.6108813285827637e-01, 1.0210349559783936e+00, -2.2102625370025635e+00, 8.3992093801498413e-01, 9.1085553169250488e-01, -7.8141934890300035e-01, 9.7882270812988281e-01, -1.6393923759460449e+00, -3.2297922372817993e+00, -5.9435860812664032e-01, 2.6203241348266602e+00, -7.8862741589546204e-01, -2.1798583865165710e-01},
    {-2.1559321880340576e+00, -4.4026720523834229e-01, -1.1795979738235474e+00, 2.6019951701164246e-01, 2.4179997444152832e+00, -5.5069322139024734e-01, 1.1805509924888611e+00, -3.6402857303619385e-01, -5.4413545131683350e-01, -1.0990079641342163e+00, -2.7189916372299194e-01, 2.4756915867328644e-01, 8.5506457090377808e-01, 1.4161741733551025e+00, 6.9001227617263794e-01, 1.5149269104003906e+00, -1.8885581493377686e+00, -1.0047823190689087e+00, 1.5749518871307373e+00, 2.2301244735717773e+00},
    {-4.4026720523834229e-01, -7.8859329223632812e-01, -1.3025121986865997e+00, 2.2771871089935303e-01, -9.7377712279558182e-01, -6.9275140762329102e-02, -2.1072502732276917e+00, -8.4175203088670969e-01, 1.4559813141822815e+00, -1.0552685409784317e+00, 5.3326940536499023e-01, -6.0827004909515381e-01, 9.6095377206802368e-01, 4.1871252655982971e-01, 3.6483678221702576e-01, -1.1303206682205200e+00, 1.8253781795501709e+00, 1.6454132795333862e+00, -1.3166862726211548e-01, -4.5320221781730652e-01},
    {-1.1795979738235474e+00, -1.3025121986865997e+00, -1.5125728845596313e+00, 2.1005361713469028e-01, -8.0261230468750000e-02, 8.3467841148376465e-02, 1.3075734972953796e+00, 1.5745901763439178e+00, -8.8990795612335205e-01, -1.1086526662111282e+00, 2.0778610706329346e+00, -2.9300957918167114e-01, -8.3768415451049805e-01, -7.4858307838439941e-01, -1.0880849361419678e+00, 2.8241355419158936e+00, 1.2935881614685059e+00, 1.3988257944583893e-01, 3.4467045217752457e-02, -1.6349288225173950e+00},
    {2.6019951701164246e-01, 2.2771871089935303e-01, 2.1005361713469028e-01, 1.6810513734817505e+00, 1.7799659967422485e+00, -3.7697247266769409e+00, 2.0650252467021346e-01, -1.2796795368194580e-01, 4.1963908821344376e-01, 8.8178420066833496e-01, 1.9758108258247375e-01, 3.4482875466346741e-01, 3.5157565027475357e-02, 4.3557825684547424e-01, -6.9046121835708618e-01, -1.5488806962966919e+00, 1.0561826229095459e+00, -2.2376196384429932e+00, 1.4359126091003418e+00, -2.5252816677093506e+00},
    {2.4179997444152832e+00, -9.7377712279558182e-01, -8.0261230468750000e-02, 1.7799659967422485e+00, -3.5469743609428406e-01, -2.9374545812606812e+00, -2.7814922332763672e+00, -5.1608787477016449e-01, -1.2903236150741577e+00, 1.6316159069538116e+00, -1.5519727468490601e+00, -3.6510550975799561e-01, -8.1686347723007202e-01, -5.4356426000595093e-01, 4.5339870452880859e-01, 1.5156376361846924e+00, -2.1998921036720276e-01, 2.9238849878311157e-01, 1.7754314839839935e-01, -5.5481112003326416e-01},
    {-5.5069322139024734e-01, -6.9275140762329102e-02, 8.3467841148376465e-02, -3.7697247266769409e+00, -2.9374545812606812e+00, -2.2630028724670410e+00, 8.0892755091190338e-01, -1.0869565010070801e+00, -8.7367212772369385e-01, -7.9913629591464996e-01, -1.6646555662155151e+00, 1.6238907575607300e+00, -3.7328898906707764e-01, -3.8963800668716431e-01, 1.0919299125671387e+00, -4.5249056816101074e-01, -6.3925248384475708e-01, 1.4836239814758301e-01, -2.3732442855834961e+00, 1.6949270665645599e-01},
    {1.1805509924888611e+00, -2.1072502732276917e+00, 1.3075734972953796e+00, 2.0650252467021346e-01, -2.7814922332763672e+00, 8.0892755091190338e-01, 3.3962929248809814e-01, 1.7629578411579132e+00, -1.5088572502136230e+00, -4.9609130620956421e-01, -1.3334789276123047e+00, 6.5220725536346436e-01, -8.3657991886138916e-01, 7.8661000728607178e-01, 8.5845488309860229e-01, 9.3478322029113770e-01, -2.4516627788543701e+00, -1.2567174434661865e+00, -6.5542161464691162e-01, -1.2321283817291260e+00},
    {-3.6402857303619385e-01, -8.4175203088670969e-01, 1.5745901763439178e+00, -1.2796795368194580e-01, -5.1608787477016449e-01, -1.0869565010070801e+00, 1.7629578411579132e+00, 3.5793359279632568e+00, -1.6749512255191803e+00, 6.3058137893676758e-02, 2.3803157806396484e+00, 7.7221947908401489e-01, -6.9206559658050537e-01, -7.2902125120162964e-01, 1.8570576794445515e-03, 1.1811274290084839e+00, 4.8109099268913269e-01, -9.4852995872497559e-01, 9.8047918081283569e-01, -7.6108813285827637e-01},
    {-5.4413545131683350e-01, 1.4559813141822815e+00, -8.8990795612335205e-01, 4.1963908821344376e-01, -1.2903236150741577e+00, -8.7367212772369385e-01, -1.5088572502136230e+00, -1.6749512255191803e+00, 1.6380758583545685e-01, 2.3622928261756897e+00, -8.8152712583541870e-01, -1.7217500209808350e+00, 8.7788254022598267e-01, -6.6265070438385010e-01, 1.4856484718620777e-02, -8.0374509096145630e-02, -6.4330719411373138e-02, -6.9634634256362915e-01, -7.6431936025619507e-01, -1.0210349559783936e+00},
    {-1.0990079641342163e+00, -1.0552685409784317e+00, -1.1086526662111282e+00, 8.8178420066833496e-01, 1.6316159069538116e+00, -7.9913629591464996e-01, -4.9609130620956421e-01, 6.3058137893676758e-02, 2.3622928261756897e+00, -9.8255497217178345e-01, 6.2656879425048828e-01, -1.5300992727279663e+00, -5.9897381067276001e-01, 7.0206880569458008e-01, -3.7024623155593872e-01, -1.8318535089492798e+00, 1.0553996562957764e+00, 5.1813137531280518e-01, 1.1108307838439941e+00, 2.2102625370025635e+00}
}}};

static constexpr auto result = eigvals(mat);

int main() { return 0; }
