#include "../../consteig.hpp"

using namespace consteig;

static constexpr Matrix<double, 8, 8> mat
{{{
    {3.7607771158218384e-01, 4.0163987874984741e-01, 1.0619892477989197e+00, 7.9054522514343262e-01, 2.5291581153869629e+00, -1.8592435121536255e-01, 9.4831985235214233e-01, 2.5247533321380615e+00},
    {4.0163987874984741e-01, -2.8938817977905273e+00, 2.2802218198776245e+00, -3.3382219076156616e-01, -1.5412830188870430e-01, -7.2553426027297974e-02, 8.7369136512279510e-02, -7.4582493305206299e-01},
    {1.0619892477989197e+00, 2.2802218198776245e+00, 4.2634508013725281e-01, 3.9658010005950928e-01, -1.6089413687586784e-01, 2.7191513776779175e-01, -2.0733237266540527e+00, 1.2533218562602997e+00},
    {7.9054522514343262e-01, -3.3382219076156616e-01, 3.9658010005950928e-01, -1.4020287990570068e+00, -1.1030756160616875e+00, 2.2529049515724182e+00, -1.4872246980667114e+00, -1.5636101961135864e+00},
    {2.5291581153869629e+00, -1.5412830188870430e-01, -1.6089413687586784e-01, -1.1030756160616875e+00, 4.6232781410217285e+00, -3.1032058596611023e-01, 2.8065979480743408e-01, 8.4053552895784378e-01},
    {-1.8592435121536255e-01, -7.2553426027297974e-02, 2.7191513776779175e-01, 2.2529049515724182e+00, -3.1032058596611023e-01, -1.9266103506088257e+00, -2.1738830506801605e+00, 8.4511626511812210e-01},
    {9.4831985235214233e-01, 8.7369136512279510e-02, -2.0733237266540527e+00, -1.4872246980667114e+00, 2.8065979480743408e-01, -2.1738830506801605e+00, 1.8897504806518555e+00, 4.4180622696876526e-01},
    {2.5247533321380615e+00, -7.4582493305206299e-01, 1.2533218562602997e+00, -1.5636101961135864e+00, 8.4053552895784378e-01, 8.4511626511812210e-01, 4.4180622696876526e-01, 3.5933341979980469e+00}
}}};

static constexpr auto result = eigvals(mat);

int main() { return 0; }
