#include "../../consteig.hpp"

using namespace consteig;

static constexpr Matrix<double, 10, 10> mat
{{{
    {1.0000047981456646e+00, 6.5464119210761847e-07, -1.0891380018159646e-06, 9.3372802797502447e-07, -7.1938963687658671e-07, -2.8656895328272813e-07, 1.6501538031171014e-06, 9.6543788780546799e-07, 7.4323697427998739e-07, -1.2605770127617843e-06},
    {6.5464119206591650e-07, 1.0000038665892346e+00, 8.8705072254745327e-08, 3.3294782583835433e-07, 7.2869224633849971e-07, 9.7161208005415307e-07, -1.0917511616524287e-06, 5.8945699404723256e-07, 2.7467719901374070e-07, 1.1591774525732101e-07},
    {-1.0891380018258842e-06, 8.8705072274082917e-08, 1.0000067309246989e+00, -6.6925454668457932e-08, 1.9125170826372917e-06, -4.4515237394829655e-07, 1.3481194996535598e-06, 1.2157714030755257e-06, 2.0687897662436924e-07, 6.8732749501739053e-09},
    {9.3372802796114615e-07, 3.3294782586981218e-07, -6.6925454652033050e-08, 1.0000035483529190e+00, -9.0198400480606694e-07, -3.2831119248062771e-07, -1.3143522746423154e-06, 1.9729051314029648e-06, -6.9385868927470401e-07, 7.0058604198654117e-07},
    {-7.1938963688058227e-07, 7.2869224637076839e-07, 1.9125170826372587e-06, -9.0198400477924236e-07, 1.0000035392040727e+00, 1.6350072426724260e-06, -8.0485886283075093e-07, -5.9862921521913215e-07, -1.3009401281610597e-06, 1.2274316804607620e-06},
    {-2.8656895328013742e-07, 9.7161208005567307e-07, -4.4515237399026941e-07, -3.2831119249378346e-07, 1.6350072426103148e-06, 1.0000053935439264e+00, 1.0767986053974100e-06, 1.3050045462605100e-06, -3.5873425344821379e-07, -3.9680176474629438e-08},
    {1.6501538031216222e-06, -1.0917511616952781e-06, 1.3481194996787897e-06, -1.3143522746616051e-06, -8.0485886282826574e-07, 1.0767986053514373e-06, 1.0000068196066170e+00, 9.1461954334355609e-07, 4.0905191551599816e-07, 1.9440742198526935e-07},
    {9.6543788777173808e-07, 5.8945699401230822e-07, 1.2157714030665296e-06, 1.9729051313876962e-06, -5.9862921525173477e-07, 1.3050045463062765e-06, 9.1461954342711547e-07, 1.0000060943565512e+00, -1.9910219585111615e-07, -2.1680881226746388e-06},
    {7.4323697430539996e-07, 2.7467719902838908e-07, 2.0687897662816355e-07, -6.9385868922667724e-07, -1.3009401281301496e-06, -3.5873425346089197e-07, 4.0905191552474685e-07, -1.9910219585169504e-07, 1.0000049711183243e+00, -1.2458201144900673e-06},
    {-1.2605770127618387e-06, 1.1591774527199849e-07, 6.8732749261186130e-09, 7.0058604194489457e-07, 1.2274316804570266e-06, -3.9680176471807601e-08, 1.9440742193556816e-07, -2.1680881225693251e-06, -1.2458201144784230e-06, 1.0000042381579914e+00}
}}};

static constexpr auto result = eigvals(mat);

int main() { return 0; }
