#include "../../consteig.hpp"

using namespace consteig;

static constexpr Matrix<double, 10, 10> mat
{{{
    {1.0000061018745670e+00, 2.1054452835544511e-06, 3.4685898637997660e-07, 3.6587790594488152e-07, -6.6225642036061548e-07, -8.8426794099721380e-07, 1.9240724722937690e-07, 1.9658527634733608e-07, -1.8023936893589469e-06, 1.5859505947278455e-06},
    {2.1054452835670092e-06, 1.0000042993726452e+00, 1.0280623760900083e-06, 2.1199876200179426e-07, -1.5263439934604811e-06, 2.7263507428320193e-07, 2.9290587444598832e-07, -9.4257144703263190e-07, 4.7940488693761302e-07, -1.1773854006076275e-06},
    {3.4685898637098661e-07, 1.0280623760824250e-06, 1.0000044258511838e+00, -3.6197125308217029e-07, -6.8399325341518381e-07, -6.0237512193875019e-08, 7.6768270608385883e-07, -5.6277601133173976e-07, 5.4379502421343000e-07, -6.9138154700425609e-08},
    {3.6587790594020923e-07, 2.1199876198666461e-07, -3.6197125311219205e-07, 1.0000057851097746e+00, -1.4343000838308351e-06, 4.9550387073112953e-07, -1.0871503708640965e-07, 2.1426886397572510e-07, 1.3392628861666146e-06, 3.4132540088704376e-07},
    {-6.6225642033796846e-07, -1.5263439934398908e-06, -6.8399325344356576e-07, -1.4343000838007972e-06, 1.0000066814219821e+00, 1.2200170210184714e-06, 2.0881202096377150e-07, -1.4193435769660930e-06, -5.0551395050675510e-07, 4.5042730128837818e-07},
    {-8.8426794100451607e-07, 2.7263507427959044e-07, -6.0237512171636010e-08, 4.9550387070445360e-07, 1.2200170210433045e-06, 1.0000038893523975e+00, 7.8237493680343515e-07, -1.9536710513002352e-06, -8.5986399744236176e-07, -2.1982446352056073e-06},
    {1.9240724724886056e-07, 2.9290587448685088e-07, 7.6768270606986775e-07, -1.0871503706011855e-07, 2.0881202098409664e-07, 7.8237493680281798e-07, 1.0000042238927740e+00, -1.1753471003899877e-06, -5.6484247874712659e-07, 2.7511552477402221e-07},
    {1.9658527635225290e-07, -9.4257144701569389e-07, -5.6277601136754829e-07, 2.1426886398189571e-07, -1.4193435769936008e-06, -1.9536710512967573e-06, -1.1753471003689516e-06, 1.0000055962424699e+00, -2.6567912061255601e-06, -2.0372087384274822e-07},
    {-1.8023936893685453e-06, 4.7940488690385558e-07, 5.4379502420238829e-07, 1.3392628861797506e-06, -5.0551395051494655e-07, -8.5986399744888772e-07, -5.6484247876255741e-07, -2.6567912061330056e-06, 1.0000045738809888e+00, -1.7051602139414117e-07},
    {1.5859505947286657e-06, -1.1773854005929283e-06, -6.9138154690008679e-08, 3.4132540088570396e-07, 4.5042730127845604e-07, -2.1982446352310632e-06, 2.7511552478478106e-07, -2.0372087383002838e-07, -1.7051602139622201e-07, 1.0000044230012175e+00}
}}};

static constexpr auto result = eigvals(mat);

int main() { return 0; }
