#include "../../consteig.hpp"

using namespace consteig;

static constexpr Matrix<double, 14, 14> mat
{{{
    {-1.0044265985488892e+00, 1.1586719751358032e+00, 1.5036655664443970e+00, 2.6728844642639160e+00, -3.5641595721244812e-01, 8.0316019058227539e-01, 7.1079307794570923e-01, 1.2310069799423218e+00, -2.1709935069084167e+00, 1.7818470597267151e+00, 2.6305192708969116e-01, 1.0424502491950989e+00, -1.8519918322563171e+00, -5.5009113252162933e-01},
    {3.4361496567726135e-01, -2.9849928617477417e-01, 1.1793109029531479e-01, 6.9235414266586304e-02, -6.7855250835418701e-01, -9.2389553785324097e-01, -7.2098147869110107e-01, -2.1709935069084167e+00, -1.1921268701553345e+00, -2.9546028375625610e+00, -5.2552109956741333e-01, 8.0767470598220825e-01, -4.7124302387237549e-01, -5.9093964099884033e-01},
    {-8.7331295013427734e-01, 6.2879347801208496e-01, -1.9529051780700684e+00, 3.3042582869529724e-01, 9.1792792081832886e-02, -1.2928608655929565e+00, 2.0765099525451660e+00, 1.7818470597267151e+00, -2.9546028375625610e+00, 3.9000926017761230e+00, -1.9636113643646240e+00, 1.1635674834251404e+00, 1.6736001521348953e+00, -1.5345082581043243e+00},
    {1.1632532626390457e-01, -1.1462762355804443e+00, -8.8292557001113892e-01, 8.3015531301498413e-01, 2.4633629322052002e+00, -9.9815416336059570e-01, -2.1425078809261322e-01, 2.6305192708969116e-01, -5.2552109956741333e-01, -1.9636113643646240e+00, 1.5914148092269897e+00, -1.7874222397804260e+00, 1.3418605923652649e+00, 6.9470664858818054e-01},
    {8.8150328397750854e-01, 1.2020093202590942e+00, -7.4139547348022461e-01, 8.0781936645507812e-01, 1.3394251465797424e-01, 5.9776946902275085e-02, 1.8774036169052124e+00, 1.0424502491950989e+00, 8.0767470598220825e-01, 1.1635674834251404e+00, -1.7874222397804260e+00, -3.6790647506713867e+00, -1.1848325580358505e+00, -2.2581019997596741e-01},
    {3.3318182826042175e-01, -1.6979368031024933e-01, -2.4827088415622711e-01, 3.2752242684364319e-01, 5.7434469461441040e-01, -7.8244274854660034e-01, -1.3665281236171722e-01, -1.8519918322563171e+00, -4.7124302387237549e-01, 1.6736001521348953e+00, 1.3418605923652649e+00, -1.1848325580358505e+00, 4.2021656036376953e-01, 2.3887506127357483e+00},
    {-1.2687946856021881e-01, 1.3720522820949554e-01, -1.0527780055999756e+00, -2.9427918791770935e-01, 2.3907890915870667e-01, 3.4776133298873901e-01, 1.6043896675109863e+00, -5.5009113252162933e-01, -5.9093964099884033e-01, -1.5345082581043243e+00, 6.9470664858818054e-01, -2.2581019997596741e-01, 2.3887506127357483e+00, 1.3527996540069580e+00},
    {2.1615638732910156e+00, -2.2691245079040527e+00, 1.7793433479964733e+00, -4.2157918214797974e-01, 1.3977584242820740e+00, -2.2918283939361572e-02, -7.5351524353027344e-01, 1.0044265985488892e+00, -3.4361496567726135e-01, 8.7331295013427734e-01, -1.1632532626390457e-01, -8.8150328397750854e-01, -3.3318182826042175e-01, 1.2687946856021881e-01},
    {-2.2691245079040527e+00, -4.1872224807739258e+00, -2.7875977754592896e-01, 2.4597144126892090e+00, -3.4590973854064941e+00, 1.4375216960906982e+00, 1.9409575462341309e+00, -1.1586719751358032e+00, 2.9849928617477417e-01, -6.2879347801208496e-01, 1.1462762355804443e+00, -1.2020093202590942e+00, 1.6979368031024933e-01, -1.3720522820949554e-01},
    {1.7793433479964733e+00, -2.7875977754592896e-01, -1.0994031429290771e+00, 1.7023269534111023e+00, -1.0980836451053619e+00, 4.3383187055587769e-01, 3.1983244419097900e-01, -1.5036655664443970e+00, -1.1793109029531479e-01, 1.9529051780700684e+00, 8.8292557001113892e-01, 7.4139547348022461e-01, 2.4827088415622711e-01, 1.0527780055999756e+00},
    {-4.2157918214797974e-01, 2.4597144126892090e+00, 1.7023269534111023e+00, 2.9197432994842529e+00, 4.6291453763842583e-03, -3.3994183540344238e+00, 1.4774111509323120e+00, -2.6728844642639160e+00, -6.9235414266586304e-02, -3.3042582869529724e-01, -8.3015531301498413e-01, -8.0781936645507812e-01, -3.2752242684364319e-01, 2.9427918791770935e-01},
    {1.3977584242820740e+00, -3.4590973854064941e+00, -1.0980836451053619e+00, 4.6291453763842583e-03, -6.5693420171737671e-01, -8.5477639734745026e-01, 9.5237016677856445e-02, 3.5641595721244812e-01, 6.7855250835418701e-01, -9.1792792081832886e-02, -2.4633629322052002e+00, -1.3394251465797424e-01, -5.7434469461441040e-01, -2.3907890915870667e-01},
    {-2.2918283939361572e-02, 1.4375216960906982e+00, 4.3383187055587769e-01, -3.3994183540344238e+00, -8.5477639734745026e-01, 6.1787515878677368e-01, 2.6565164327621460e-02, -8.0316019058227539e-01, 9.2389553785324097e-01, 1.2928608655929565e+00, 9.9815416336059570e-01, -5.9776946902275085e-02, 7.8244274854660034e-01, -3.4776133298873901e-01},
    {-7.5351524353027344e-01, 1.9409575462341309e+00, 3.1983244419097900e-01, 1.4774111509323120e+00, 9.5237016677856445e-02, 2.6565164327621460e-02, -1.6352585554122925e+00, -7.1079307794570923e-01, 7.2098147869110107e-01, -2.0765099525451660e+00, 2.1425078809261322e-01, -1.8774036169052124e+00, 1.3665281236171722e-01, -1.6043896675109863e+00}
}}};

static constexpr auto result = eigvals(mat);

int main() { return 0; }
