#include "../../consteig.hpp"

using namespace consteig;

static constexpr Matrix<double, 18, 18> mat
{{{
    {1.0000053670694105e+00, 2.6435665009173144e-07, 7.5741603272689961e-07, -1.6664896875204523e-07, 3.5206023732511433e-07, 6.7032583806952392e-07, -3.4940131904526752e-07, -8.2970350170687151e-07, -1.1442716194402649e-07, 7.4142609089904394e-07, -4.3549559159845064e-07, -1.0566435046554650e-06, -5.6252991948308059e-07, 8.4615796102114270e-07, -1.4295983007339117e-06, 1.0689859162834373e-06, -4.7346379906865712e-07, -3.4688910753955077e-07},
    {2.6435665003775325e-07, 1.0000076069612158e+00, -7.6134175809277180e-07, -2.2580784149195603e-07, 5.1220814858927834e-07, -1.5847930333584471e-06, 8.4933997058572710e-07, 2.6076220263755588e-07, 4.2146832881462314e-07, -6.8943702339880636e-07, -2.4598540477980489e-07, -8.0974553057007556e-07, -2.9454726591613440e-07, -7.1887430838111823e-07, 6.3846419676759962e-07, 1.3739325003306539e-07, 1.1107723563637303e-06, -5.5643510726836191e-07},
    {7.5741603271176652e-07, -7.6134175808497486e-07, 1.0000043002917618e+00, -1.0840400438104017e-06, -3.7730729812329515e-07, -1.7692341207997972e-07, -5.4391877558884504e-07, 9.9087785427111633e-09, -5.5519526278517240e-07, -5.4541942553731413e-07, -2.9832110365170775e-07, -7.0039707582550209e-07, 7.1927608956028690e-07, 4.6415105373486338e-07, 7.9299001308828773e-08, -3.9616475956598892e-07, -6.5006807042690549e-07, -7.5843186210043603e-08},
    {-1.6664896875699691e-07, -2.2580784149049773e-07, -1.0840400438626438e-06, 1.0000050733937269e+00, 1.8701411138449665e-07, 6.7310608059701872e-10, -3.4094627005167744e-07, 5.2879539580530434e-07, 3.4707062690436669e-07, -1.6109775079000666e-07, -9.2287583561508737e-08, 4.6712929830564048e-07, -1.0006109468409969e-06, 3.8872942925618560e-07, 4.3803424917408594e-07, -6.2526425954332944e-08, 7.6411917479347771e-07, 2.0751173340380579e-06},
    {3.5206023731683167e-07, 5.1220814860161665e-07, -3.7730729811129560e-07, 1.8701411140537545e-07, 1.0000061907539346e+00, -8.7672807676202017e-07, 1.1588995577769297e-07, 4.9399210875352751e-07, 2.8492432931933356e-07, 2.8568943998981172e-07, -4.1243305583278883e-07, 8.8260781325782131e-08, 3.8722934497325172e-07, -7.6453728026840946e-07, -6.3825903669535957e-07, -2.3088541935343199e-07, -1.3243268371084661e-07, -3.3739281853068778e-07},
    {6.7032583806015245e-07, -1.5847930333865662e-06, -1.7692341207729749e-07, 6.7310605359567673e-10, -8.7672807678686237e-07, 1.0000038449276729e+00, -4.1561197292981968e-07, 1.0404977758482331e-06, -3.2096400229677206e-08, 1.5998511487896538e-07, -1.1261816035028867e-07, -1.4736125798448114e-07, -3.8455600784086328e-07, -1.2044885041591603e-06, -8.0553363416701826e-07, -1.9061274320041433e-07, -2.9698054059472396e-07, -2.1723601221569299e-07},
    {-3.4940131900823174e-07, 8.4933997057769119e-07, -5.4391877557434034e-07, -3.4094627000800850e-07, 1.1588995581243721e-07, -4.1561197294103932e-07, 1.0000062036502784e+00, -5.5157425483183700e-07, -2.1717044697002275e-08, -8.5365919492214928e-07, -1.6558144636070585e-06, 2.9009956668259600e-07, 1.3750710012458995e-07, 2.8252761480390500e-07, -6.6182258085691361e-07, 8.0629451382150159e-07, -1.5009898185806320e-06, -5.8913842692067863e-08},
    {-8.2970350170711419e-07, 2.6076220262932505e-07, 9.9087785292994885e-09, 5.2879539580921054e-07, 4.9399210875241377e-07, 1.0404977757803474e-06, -5.5157425486544991e-07, 1.0000044835310833e+00, -3.4870211993086126e-07, -1.1070287478349988e-07, -5.2098913105969796e-07, 2.3995678215969765e-07, -9.0403197172505129e-07, -7.9144351059855054e-08, -2.2339283248246528e-07, -1.0667440296592324e-07, -3.6466412998030303e-07, -1.1351932007849063e-06},
    {-1.1442716190992762e-07, 4.2146832883631570e-07, -5.5519526279200234e-07, 3.4707062696204847e-07, 2.8492432931665953e-07, -3.2096400213325288e-08, -2.1717044724656538e-08, -3.4870211996981609e-07, 1.0000051567986690e+00, -9.8677015888889329e-07, 9.3060088816409281e-07, 3.9596639956542269e-07, 8.3038578135364082e-08, -2.2353568038802813e-09, 8.3571707407094263e-08, 8.6741759569404276e-08, -4.9759984157427792e-07, -9.3631130458165897e-07},
    {7.4142609094961032e-07, -6.8943702336695358e-07, -5.4541942556888263e-07, -1.6109775079719072e-07, 2.8568944000332910e-07, 1.5998511487764165e-07, -8.5365919492241123e-07, -1.1070287478361292e-07, -9.8677015890449564e-07, 1.0000067818127496e+00, -4.1756422183224539e-07, 3.3248642002961060e-07, -1.9383761713733613e-07, -7.9966685446040209e-07, 5.9519286316876420e-07, -4.0788651546023810e-07, 3.2809301545121223e-07, -4.3778486462331832e-07},
    {-4.3549559159566528e-07, -2.4598540476934208e-07, -2.9832110367981426e-07, -9.2287583598791369e-08, -4.1243305586335846e-07, -1.1261816034635150e-07, -1.6558144636069528e-06, -5.2098913107128198e-07, 9.3060088812253451e-07, -4.1756422181857211e-07, 1.0000033647607094e+00, -8.0430762298510354e-07, 6.4711010829776739e-07, 7.6781393985650440e-07, 1.2151590852627862e-06, -1.0873811174578071e-06, 1.4124910360329124e-06, 7.4140852297989240e-07},
    {-1.0566435046549854e-06, -8.0974553056713932e-07, -7.0039707579859990e-07, 4.6712929830087205e-07, 8.8260781317426866e-08, -1.4736125797854148e-07, 2.9009956670746584e-07, 2.3995678213555382e-07, 3.9596639956852886e-07, 3.3248642001001814e-07, -8.0430762301109982e-07, 1.0000058386158939e+00, -1.0535422231382577e-06, -1.0200567234735719e-06, 6.0877408058925943e-07, -3.0563660279815389e-07, 5.8059879157434960e-07, -4.1569124281734872e-07},
    {-5.6252991949753553e-07, -2.9454726592461162e-07, 7.1927608955370482e-07, -1.0006109467685131e-06, 3.8722934496497700e-07, -3.8455600782818447e-07, 1.3750710016030306e-07, -9.0403197176046552e-07, 8.3038578127677059e-08, -1.9383761713080617e-07, 6.4711010831795367e-07, -1.0535422231275934e-06, 1.0000055208535930e+00, 1.2326989839821504e-07, -1.1535078204154964e-06, -1.6142358595070817e-06, -2.0006068812076285e-07, -7.7307481872515727e-07},
    {8.4615796102171582e-07, -7.1887430838924625e-07, 4.6415105373635120e-07, 3.8872942926042701e-07, -7.6453728023924337e-07, -1.2044885041769836e-06, 2.8252761482034141e-07, -7.9144351047357943e-08, -2.2353567957299347e-09, -7.9966685449103483e-07, 7.6781393983415078e-07, -1.0200567234464431e-06, 1.2326989840733684e-07, 1.0000040769448548e+00, 5.0228858464845987e-07, 1.1649903654750916e-06, 4.6893302275184149e-07, -4.6368243193975961e-07},
    {-1.4295983007608910e-06, 6.3846419674961499e-07, 7.9299001325345518e-08, 4.3803424915466331e-07, -6.3825903669296956e-07, -8.0553363414199670e-07, -6.6182258087344526e-07, -2.2339283252785528e-07, 8.3571707408502283e-08, 5.9519286317680985e-07, 1.2151590852297172e-06, 6.0877408060292694e-07, -1.1535078204399437e-06, 5.0228858459718092e-07, 1.0000036022635841e+00, -5.1109247008705515e-07, 2.7555433447596708e-07, -5.8288182717858610e-07},
    {1.0689859162868325e-06, 1.3739325002948447e-07, -3.9616475958040611e-07, -6.2526425994334869e-08, -2.3088541936102866e-07, -1.9061274319220939e-07, 8.0629451383392777e-07, -1.0667440297668984e-07, 8.6741759567619419e-08, -4.0788651546582100e-07, -1.0873811174375018e-06, -3.0563660280852046e-07, -1.6142358595047693e-06, 1.1649903654997183e-06, -5.1109247009111286e-07, 1.0000032062600117e+00, -1.8187728574545524e-06, -4.8566064796184767e-07},
    {-4.7346379909894999e-07, 1.1107723563386422e-06, -6.5006807044378929e-07, 7.6411917478903841e-07, -1.3243268370897271e-07, -2.9698054061321972e-07, -1.5009898185929078e-06, -3.6466412996690064e-07, -4.9759984158286303e-07, 3.2809301545668115e-07, 1.4124910360402914e-06, 5.8059879157722305e-07, -2.0006068812286617e-07, 4.6893302271032639e-07, 2.7555433447950424e-07, -1.8187728574245890e-06, 1.0000038518294352e+00, 7.4744144262912559e-07},
    {-3.4688910756896351e-07, -5.5643510730518678e-07, -7.5843186208943228e-08, 2.0751173340890691e-06, -3.3739281853571566e-07, -2.1723601222771972e-07, -5.8913842701571784e-08, -1.1351932008088746e-06, -9.3631130461415168e-07, -4.3778486464685742e-07, 7.4140852299948988e-07, -4.1569124282225574e-07, -7.7307481872671762e-07, -4.6368243192908880e-07, -5.8288182717602499e-07, -4.8566064797318595e-07, 7.4744144265606102e-07, 1.0000055292814101e+00}
}}};

static constexpr auto result = eigvals(mat);

int main() { return 0; }
