#include "../../consteig.hpp"

using namespace consteig;

static constexpr Matrix<double, 8, 8> mat
{{{
    {-6.8849742412567139e-02, -2.2310360074043274e+00, 8.8494753837585449e-01, 1.4059036560356617e+00, -2.1434450149536133e-01, -7.4866464734077454e-01, -1.5431298576295376e+00, 4.3276393413543701e-01},
    {-2.2310360074043274e+00, -7.4895739555358887e-01, -1.7064762413501740e+00, 1.4352210760116577e+00, 7.8489275276660919e-01, 1.8286567330360413e+00, -1.6209536492824554e+00, -1.6953234374523163e-01},
    {8.8494753837585449e-01, -1.7064762413501740e+00, 3.1005978584289551e-01, -5.5238297581672668e-01, 1.2148074954748154e+00, -6.3577327132225037e-01, -5.6288903951644897e-01, 2.2654473185539246e+00},
    {1.4059036560356617e+00, 1.4352210760116577e+00, -5.5238297581672668e-01, -9.7957915067672729e-01, 7.4465805292129517e-01, 9.3930217623710632e-01, -3.2637789249420166e+00, -2.2815597057342529e+00},
    {-2.1434450149536133e-01, 7.8489275276660919e-01, 1.2148074954748154e+00, 7.4465805292129517e-01, 7.8886544704437256e-01, -3.0445264577865601e+00, -6.5822267532348633e-01, 1.2523633241653442e+00},
    {-7.4866464734077454e-01, 1.8286567330360413e+00, -6.3577327132225037e-01, 9.3930217623710632e-01, -3.0445264577865601e+00, 8.8463777303695679e-01, 1.7546523809432983e+00, -7.5181201100349426e-01},
    {-1.5431298576295376e+00, -1.6209536492824554e+00, -5.6288903951644897e-01, -3.2637789249420166e+00, -6.5822267532348633e-01, 1.7546523809432983e+00, -2.3011808395385742e+00, -5.2181444317102432e-01},
    {4.3276393413543701e-01, -1.6953234374523163e-01, 2.2654473185539246e+00, -2.2815597057342529e+00, 1.2523633241653442e+00, -7.5181201100349426e-01, -5.2181444317102432e-01, 2.3592538833618164e+00}
}}};

static constexpr auto result = eigvals(mat);

int main() { return 0; }
