#include "../../consteig.hpp"

using namespace consteig;

static constexpr Matrix<double, 8, 8> mat
{{{
    {1.0000043067633961e+00, 1.0647173279257210e-07, 4.2117574550018401e-07, 2.8246705887814366e-07, 2.2399109001668757e-07, 1.1089657355022916e-06, 4.5954854530355053e-07, -1.1474997515628295e-07},
    {1.0647173279636892e-07, 1.0000055592303012e+00, 7.2780081502549448e-08, -2.9995274814758596e-06, 3.7289588029717727e-07, 3.7332560081857772e-07, -1.4858389661819742e-06, 4.8889489707064690e-07},
    {4.2117574552073255e-07, 7.2780081494420010e-08, 1.0000062568753501e+00, -1.8982280359958289e-06, 1.8825091245493759e-07, -2.0386389164492412e-07, 1.1925931340373320e-06, -1.8472833289012810e-07},
    {2.8246705888174011e-07, -2.9995274814375902e-06, -1.8982280359561812e-06, 1.0000045162784077e+00, 2.8107132459684268e-08, -3.5883120844802329e-07, 2.4324742047137899e-07, 2.7089504140254207e-07},
    {2.2399109003601522e-07, 3.7289588025463456e-07, 1.8825091245772462e-07, 2.8107132479842541e-08, 1.0000050649250092e+00, -8.2497353715534521e-08, -2.4504943541471662e-06, 1.1608287732889264e-06},
    {1.1089657355029245e-06, 3.7332560082361142e-07, -2.0386389164486729e-07, -3.5883120844092663e-07, -8.2497353732916431e-08, 1.0000036268007229e+00, -2.7281564484857640e-06, -2.3134813980561587e-06},
    {4.5954854530643029e-07, -1.4858389661671098e-06, 1.1925931340476881e-06, 2.4324742043890211e-07, -2.4504943541173248e-06, -2.7281564484701647e-06, 1.0000059353790134e+00, -1.0403087993066323e-06},
    {-1.1474997515207325e-07, 4.8889489705085502e-07, -1.8472833289688600e-07, 2.7089504138562396e-07, 1.1608287733557564e-06, -2.3134813980429975e-06, -1.0403087992980460e-06, 1.0000047337477980e+00}
}}};

static constexpr auto result = eigvals(mat);

int main() { return 0; }
