#include "../../consteig.hpp"

using namespace consteig;

static constexpr Matrix<double, 6, 6> mat
{{{
    {1.0000000000000000e+00, 6.8472192661987687e-17, 2.7127515666873657e-16, 8.1937347274706875e-17, -1.1758449707287504e-16, 9.4297003212857777e-17},
    {6.8472192661987687e-17, 1.0000000000000000e+00, 8.3259911577393669e-17, -1.5102567446306003e-16, 7.7210862598547900e-17, -1.5545879459699429e-16},
    {2.7127515666873657e-16, 8.3259911577393669e-17, 9.9999999999999956e-01, 3.5737572616150452e-17, -2.0921955480602615e-18, 2.0185315964185433e-17},
    {8.1937347274706875e-17, -1.5102567446306003e-16, 3.5737572616150452e-17, 9.9999999999999989e-01, 1.2257800665241927e-16, -8.8963570116652171e-17},
    {-1.1758449707287504e-16, 7.7210862598547900e-17, -2.0921955480602615e-18, 1.2257800665241927e-16, 9.9999999999999989e-01, -5.7352072034567906e-18},
    {9.4297003212857777e-17, -1.5545879459699429e-16, 2.0185315964185433e-17, -8.8963570116652171e-17, -5.7352072034567906e-18, 1.0000000000000000e+00}
}}};

static constexpr auto result = eigvals(mat);

int main() { return 0; }
