#include "../../consteig.hpp"

using namespace consteig;

static constexpr Matrix<double, 14, 14> mat
{{{
    {1.0000047935292367e+00, 1.0987462928286083e-07, -1.0093354731421877e-06, -4.1133813625178122e-07, -1.5205150910342292e-07, 9.7124189259405919e-07, 7.0804718247003223e-07, 2.4466514647000535e-07, -1.0794194044836716e-06, 6.6219275832022311e-07, 1.7973262237478946e-07, 9.9208577163807177e-07, -3.4438078130444401e-07, 4.2277360467502074e-07},
    {1.0987462930196204e-07, 1.0000022630084180e+00, 2.0424274554527521e-06, 3.8069956374945286e-07, -2.0884825081773765e-07, -6.7860193030488937e-07, -2.7290994732180549e-07, 3.6030697763149342e-08, -2.4895362553941148e-07, 1.7751953612655384e-06, -1.5228763890057878e-06, -3.6267645599990766e-08, 7.7477048525992731e-08, -6.0635993011543772e-07},
    {-1.0093354731393241e-06, 2.0424274555175328e-06, 1.0000058392811770e+00, -5.3137117018402599e-07, -7.3315410136463855e-07, -5.5328822535174171e-09, -6.8033244193559513e-07, 1.3505410087008903e-07, 4.5529005762656307e-07, 1.7676430439510765e-06, -6.5472693195697774e-07, 9.9349399399920370e-07, -6.4733140839123535e-07, -1.2500621642022489e-07},
    {-4.1133813625265351e-07, 3.8069956372225638e-07, -5.3137117017445071e-07, 1.0000038640062010e+00, 8.6265474251188420e-07, 3.3914105093790799e-07, 2.9908604344000890e-07, 1.0129583656475785e-07, 5.2643737053637703e-07, 1.7565868305340870e-06, -7.3471412154741835e-07, -8.4327656223708594e-07, 2.4083972245606428e-06, -2.6429498389740437e-07},
    {-1.5205150910760747e-07, -2.0884825084116780e-07, -7.3315410139255781e-07, 8.6265474251066130e-07, 1.0000051453128114e+00, 8.3344196791408346e-07, -1.3499471620003239e-07, -8.8256630735818164e-07, 2.7081182190592219e-07, -6.9426691753349250e-07, 2.8430108568649325e-07, 1.8564230214768909e-07, -1.4760211605123948e-07, 5.2222783005525429e-07},
    {9.7124189261970671e-07, -6.7860193030209723e-07, -5.5328822235685043e-09, 3.3914105090984589e-07, 8.3344196791004491e-07, 1.0000045232043093e+00, -5.1775928861894673e-07, -1.0485210453845976e-06, -1.0115554265073487e-06, 1.1191684937240363e-06, 1.1008677263395704e-06, -9.1489783348232279e-08, 5.6650625788942148e-07, -1.0126736986118936e-06},
    {7.0804718245719608e-07, -2.7290994730763754e-07, -6.8033244192497058e-07, 2.9908604340608984e-07, -1.3499471619608379e-07, -5.1775928860887636e-07, 1.0000068718710182e+00, 5.7574224322689321e-07, -2.6079358368457570e-07, 6.6123573101487616e-07, 3.5179436481645136e-07, 3.7552054756359920e-07, 1.6522562980636656e-07, 1.3299685739461013e-06},
    {2.4466514646934985e-07, 3.6030697766054777e-08, 1.3505410090216813e-07, 1.0129583658709898e-07, -8.8256630736276917e-07, -1.0485210453633903e-06, 5.7574224322409694e-07, 1.0000040628224769e+00, -5.8785842556073430e-07, -5.1669481802812161e-07, -2.7086531802671881e-07, 1.1529070276160754e-07, 1.9628772042708283e-07, -1.3133907496611489e-07},
    {-1.0794194045240475e-06, -2.4895362553437608e-07, 4.5529005764096983e-07, 5.2643737056650165e-07, 2.7081182190933139e-07, -1.0115554264945030e-06, -2.6079358369033044e-07, -5.8785842558725131e-07, 1.0000053889338507e+00, -4.1259216235999289e-07, -4.2203339096986854e-07, -5.7393062480649347e-07, 4.7072831211712877e-07, -1.5140214634525285e-06},
    {6.6219275829873727e-07, 1.7751953612672755e-06, 1.7676430439409022e-06, 1.7565868305342797e-06, -6.9426691751671553e-07, 1.1191684937170915e-06, 6.6123573104032230e-07, -5.1669481801378484e-07, -4.1259216237949662e-07, 1.0000046152328865e+00, -6.3748986257275394e-07, 1.2919211206325032e-07, 2.8936514126703064e-07, -1.3804537336650258e-06},
    {1.7973262240360005e-07, -1.5228763889786470e-06, -6.5472693192527436e-07, -7.3471412154746557e-07, 2.8430108570271663e-07, 1.1008677262645770e-06, 3.5179436476870728e-07, -2.7086531802516762e-07, -4.2203339098850570e-07, -6.3748986260044451e-07, 1.0000043554526603e+00, -9.2410297467181991e-07, -3.9856224834971848e-08, -9.1759309638125975e-07},
    {9.9208577163381416e-07, -3.6267645621828930e-08, 9.9349399401210825e-07, -8.4327656227023976e-07, 1.8564230214067272e-07, -9.1489783348116381e-08, 3.7552054756569243e-07, 1.1529070277949754e-07, -5.7393062482151655e-07, 1.2919211205419202e-07, -9.2410297460375170e-07, 1.0000058760997694e+00, 1.9335452070595121e-06, 3.3317531217358348e-07},
    {-3.4438078127648806e-07, 7.7477048524417806e-08, -6.4733140839749121e-07, 2.4083972245615631e-06, -1.4760211604619442e-07, 5.6650625789958735e-07, 1.6522562983891102e-07, 1.9628772040605005e-07, 4.7072831211392222e-07, 2.8936514126923806e-07, -3.9856224830619806e-08, 1.9335452070690251e-06, 1.0000058144441546e+00, 2.2504587265144105e-07},
    {4.2277360470284165e-07, -6.0635993013038902e-07, -1.2500621642853746e-07, -2.6429498387708977e-07, 5.2222783002957829e-07, -1.0126736986177985e-06, 1.3299685739629776e-06, -1.3133907497810938e-07, -1.5140214634700684e-06, -1.3804537337107495e-06, -9.1759309636046330e-07, 3.3317531221152039e-07, 2.2504587266472160e-07, 1.0000065868010273e+00}
}}};

static constexpr auto result = eigvals(mat);

int main() { return 0; }
