#include "../../consteig.hpp"

using namespace consteig;

static constexpr Matrix<double, 16, 16> mat
{{{
    {-2.6095051765441895e+00, -1.0231908559799194e+00, -1.1483275294303894e+00, -4.8938548564910889e-01, -1.2305711060762405e+00, -2.6427565813064575e+00, 1.2105314433574677e+00, 1.3185508847236633e+00, 1.7317568361759186e+00, -5.0379633903503418e-03, -1.3813512921333313e+00, 1.2850129976868629e-02, -8.4780465066432953e-01, -1.6093064546585083e+00, -1.7758800387382507e+00, 1.4242910742759705e+00},
    {-1.0231908559799194e+00, 1.1410140991210938e+00, 7.0116674154996872e-01, 2.3332081437110901e+00, -2.3164942860603333e+00, -1.9616323262453079e+00, -5.3192391991615295e-01, -5.7607683539390564e-01, -1.1489827074110508e+00, 2.4965840578079224e-01, 2.1066741347312927e+00, -4.8772495985031128e-01, 1.1181803643703461e+00, -3.7630975246429443e-02, 2.0805090814828873e+00, 2.2414574027061462e+00},
    {-1.1483275294303894e+00, 7.0116674154996872e-01, 5.8012433350086212e-02, 5.8224403858184814e-01, -7.3882558941841125e-01, -1.5042893588542938e+00, 4.1104432940483093e-01, -2.8133504092693329e-01, -5.4017782211303711e-02, 6.2737667560577393e-01, 6.3876348733901978e-01, 1.6824899613857269e+00, -2.1033465862274170e-01, -1.0761531442403793e+00, 1.8123771846294403e+00, -6.6586945950984955e-01},
    {-4.8938548564910889e-01, 2.3332081437110901e+00, 5.8224403858184814e-01, -3.6901438236236572e+00, 2.9907336831092834e-01, -2.8581578135490417e+00, -1.1493387520313263e+00, 6.3417619466781616e-01, -2.2365212440490723e-01, 5.0462105870246887e-01, -2.2713877260684967e+00, 1.8478002008050680e+00, 2.4305388331413269e-02, -1.9875124096870422e+00, -1.0398152619600296e+00, -8.5587376356124878e-01},
    {-1.2305711060762405e+00, -2.3164942860603333e+00, -7.3882558941841125e-01, 2.9907336831092834e-01, -9.3608736991882324e-01, -2.3457614779472351e+00, 7.0481818914413452e-01, -1.0950011014938354e-01, -1.8498765230178833e+00, 2.6826924085617065e-01, 2.8206958174705505e+00, 2.1119462847709656e+00, 1.5220254063606262e+00, 1.9560511410236359e-01, -7.6902240514755249e-01, 1.7308223247528076e+00},
    {-2.6427565813064575e+00, -1.9616323262453079e+00, -1.5042893588542938e+00, -2.8581578135490417e+00, -2.3457614779472351e+00, -2.7915003895759583e-01, -3.0939274281263351e-01, 6.0323017835617065e-01, -8.0177426338195801e-02, -1.6860823035240173e+00, -2.0386788249015808e+00, -1.6434103250503540e-01, 1.2891507744789124e+00, -5.4758916795253754e-01, 2.3574528098106384e-01, 3.8732795715332031e+00},
    {1.2105314433574677e+00, -5.3192391991615295e-01, 4.1104432940483093e-01, -1.1493387520313263e+00, 7.0481818914413452e-01, -3.0939274281263351e-01, 5.1394691467285156e+00, -9.9721029400825500e-01, -3.7883029133081436e-01, 1.7362262010574341e+00, -8.9377811551094055e-01, 1.1028134524822235e+00, -1.4147315621376038e+00, -7.7260049572214484e-01, 1.3861140012741089e+00, -1.0311342477798462e+00},
    {1.3185508847236633e+00, -5.7607683539390564e-01, -2.8133504092693329e-01, 6.3417619466781616e-01, -1.0950011014938354e-01, 6.0323017835617065e-01, -9.9721029400825500e-01, -7.4414825439453125e-01, -6.7470967769622803e-02, 1.5154577791690826e+00, -1.9676399230957031e+00, 6.3733075559139252e-01, -1.4842255711555481e+00, -1.0001106113195419e+00, -1.2514886260032654e+00, -1.0602989792823792e-01},
    {1.7317568361759186e+00, -1.1489827074110508e+00, -5.4017782211303711e-02, -2.2365212440490723e-01, -1.8498765230178833e+00, -8.0177426338195801e-02, -3.7883029133081436e-01, -6.7470967769622803e-02, -1.0230287313461304e+00, -1.3332843780517578e-02, -6.3867688179016113e-02, -5.3276193141937256e-01, -1.1363857090473175e+00, -1.1912994980812073e+00, -1.6771354675292969e+00, -2.0235390961170197e-01},
    {-5.0379633903503418e-03, 2.4965840578079224e-01, 6.2737667560577393e-01, 5.0462105870246887e-01, 2.6826924085617065e-01, -1.6860823035240173e+00, 1.7362262010574341e+00, 1.5154577791690826e+00, -1.3332843780517578e-02, -1.3266894817352295e+00, -1.5582627654075623e+00, -6.3852515816688538e-01, -5.8396458625793457e-03, 1.1415611505508423e+00, 8.2997223734855652e-01, -7.0293146371841431e-01},
    {-1.3813512921333313e+00, 2.1066741347312927e+00, 6.3876348733901978e-01, -2.2713877260684967e+00, 2.8206958174705505e+00, -2.0386788249015808e+00, -8.9377811551094055e-01, -1.9676399230957031e+00, -6.3867688179016113e-02, -1.5582627654075623e+00, 4.5618802309036255e-01, -5.9275250136852264e-01, 1.1483291089534760e+00, -3.8804349303245544e-01, 2.4599520564079285e+00, 4.2196200788021088e-01},
    {1.2850129976868629e-02, -4.8772495985031128e-01, 1.6824899613857269e+00, 1.8478002008050680e+00, 2.1119462847709656e+00, -1.6434103250503540e-01, 1.1028134524822235e+00, 6.3733075559139252e-01, -5.3276193141937256e-01, -6.3852515816688538e-01, -5.9275250136852264e-01, 1.1826128959655762e+00, 1.3184613585472107e+00, -4.4882136583328247e-01, 1.6238027438521385e-01, 9.5743757486343384e-01},
    {-8.4780465066432953e-01, 1.1181803643703461e+00, -2.1033465862274170e-01, 2.4305388331413269e-02, 1.5220254063606262e+00, 1.2891507744789124e+00, -1.4147315621376038e+00, -1.4842255711555481e+00, -1.1363857090473175e+00, -5.8396458625793457e-03, 1.1483291089534760e+00, 1.3184613585472107e+00, -3.0529825687408447e+00, 2.0111501216888428e+00, 1.3209586739540100e+00, 3.6465071141719818e-01},
    {-1.6093064546585083e+00, -3.7630975246429443e-02, -1.0761531442403793e+00, -1.9875124096870422e+00, 1.9560511410236359e-01, -5.4758916795253754e-01, -7.7260049572214484e-01, -1.0001106113195419e+00, -1.1912994980812073e+00, 1.1415611505508423e+00, -3.8804349303245544e-01, -4.4882136583328247e-01, 2.0111501216888428e+00, 1.3516440391540527e+00, 1.2567025423049927e-01, -9.4425594806671143e-01},
    {-1.7758800387382507e+00, 2.0805090814828873e+00, 1.8123771846294403e+00, -1.0398152619600296e+00, -7.6902240514755249e-01, 2.3574528098106384e-01, 1.3861140012741089e+00, -1.2514886260032654e+00, -1.6771354675292969e+00, 8.2997223734855652e-01, 2.4599520564079285e+00, 1.6238027438521385e-01, 1.3209586739540100e+00, 1.2567025423049927e-01, -4.6786552667617798e-01, -1.3302651196718216e+00},
    {1.4242910742759705e+00, 2.2414574027061462e+00, -6.6586945950984955e-01, -8.5587376356124878e-01, 1.7308223247528076e+00, 3.8732795715332031e+00, -1.0311342477798462e+00, -1.0602989792823792e-01, -2.0235390961170197e-01, -7.0293146371841431e-01, 4.2196200788021088e-01, 9.5743757486343384e-01, 3.6465071141719818e-01, -9.4425594806671143e-01, -1.3302651196718216e+00, -2.9134330749511719e+00}
}}};

static constexpr auto result = eigvals(mat);

int main() { return 0; }
