#include "../../consteig.hpp"

using namespace consteig;

static constexpr Matrix<double, 12, 12> mat
{{{
    {1.6910113394260406e-01, -3.8489602506160736e-02, -3.4368786960840225e-02, -7.5542247295379639e-01, 1.6587221622467041e+00, 4.7017559409141541e-01, 5.4088890552520752e-01, 1.9552831053733826e+00, 2.1200317144393921e+00, -1.0888520777225494e+00, 9.8440843820571899e-01, -1.5281309485435486e+00},
    {-1.4421144127845764e-01, -9.3304067850112915e-01, 3.7337455153465271e-01, 9.9064302444458008e-01, -3.9407995343208313e-01, 5.2942919731140137e-01, 1.9552831053733826e+00, -7.1704396978020668e-03, 2.8267061710357666e-01, 1.5101534128189087e+00, -5.6777387857437134e-01, -6.8486899137496948e-01},
    {3.4766954183578491e-01, 8.4635071456432343e-02, -2.0880069732666016e+00, 1.8732070922851562e+00, -1.5163973569869995e+00, 7.8015989065170288e-01, 2.1200317144393921e+00, 2.8267061710357666e-01, 1.9561971724033356e-01, 5.8695620298385620e-01, 9.2998760938644409e-01, -4.6116682887077332e-01},
    {3.8659730553627014e-01, 5.7406628131866455e-01, 2.8209117054939270e-01, -9.2894244194030762e-01, -1.8910376727581024e-01, 1.9540537595748901e+00, -1.0888520777225494e+00, 1.5101534128189087e+00, 5.8695620298385620e-01, -7.4747759103775024e-01, -1.0408370196819305e-01, 1.2819719314575195e-01},
    {7.1945494413375854e-01, 9.3434947729110718e-01, 2.2964958846569061e-01, -2.1283900737762451e+00, 7.0129883289337158e-01, -4.4125798344612122e-01, 9.8440843820571899e-01, -5.6777387857437134e-01, 9.2998760938644409e-01, -1.0408370196819305e-01, 2.4746482372283936e+00, 3.5906683206558228e+00},
    {-7.1646237373352051e-01, -3.8263377547264099e-01, -1.5761727094650269e+00, -1.1202523708343506e+00, 7.7504372596740723e-01, 1.8961514532566071e-01, -1.5281309485435486e+00, -6.8486899137496948e-01, -4.6116682887077332e-01, 1.2819719314575195e-01, 3.5906683206558228e+00, 1.3119804859161377e+00},
    {1.2678376436233521e+00, 1.7860949039459229e-02, 3.6795322299003601e+00, -1.1716543436050415e+00, -1.6452193260192871e+00, 1.1568233370780945e+00, -1.6910113394260406e-01, 1.4421144127845764e-01, -3.4766954183578491e-01, -3.8659730553627014e-01, -7.1945494413375854e-01, 7.1646237373352051e-01},
    {1.7860949039459229e-02, 6.9077461957931519e-02, 1.7595159113407135e+00, -1.1866532266139984e+00, 2.3061503767967224e+00, -4.4187483787536621e+00, 3.8489602506160736e-02, 9.3304067850112915e-01, -8.4635071456432343e-02, -5.7406628131866455e-01, -9.3434947729110718e-01, 3.8263377547264099e-01},
    {3.6795322299003601e+00, 1.7595159113407135e+00, -6.1991977691650391e-01, 5.5112943053245544e-02, -3.0599048137664795e+00, -1.2396571487188339e+00, 3.4368786960840225e-02, -3.7337455153465271e-01, 2.0880069732666016e+00, -2.8209117054939270e-01, -2.2964958846569061e-01, 1.5761727094650269e+00},
    {-1.1716543436050415e+00, -1.1866532266139984e+00, 5.5112943053245544e-02, 1.3691551685333252e+00, 6.4805817604064941e-01, -1.1144311875104904e+00, 7.5542247295379639e-01, -9.9064302444458008e-01, -1.8732070922851562e+00, 9.2894244194030762e-01, 2.1283900737762451e+00, 1.1202523708343506e+00},
    {-1.6452193260192871e+00, 2.3061503767967224e+00, -3.0599048137664795e+00, 6.4805817604064941e-01, 1.1076620221138000e-01, 5.4270029067993164e-03, -1.6587221622467041e+00, 3.9407995343208313e-01, 1.5163973569869995e+00, 1.8910376727581024e-01, -7.0129883289337158e-01, -7.7504372596740723e-01},
    {1.1568233370780945e+00, -4.4187483787536621e+00, -1.2396571487188339e+00, -1.1144311875104904e+00, 5.4270029067993164e-03, 9.3253064155578613e-01, -4.7017559409141541e-01, -5.2942919731140137e-01, -7.8015989065170288e-01, -1.9540537595748901e+00, 4.4125798344612122e-01, -1.8961514532566071e-01}
}}};

static constexpr auto result = eigvals(mat);

int main() { return 0; }
