#include "../../consteig.hpp"

using namespace consteig;

static constexpr Matrix<double, 12, 12> mat
{{{
    {1.0000000000000002e+00, -1.4035649151444803e-16, 7.6513278990709515e-17, -8.4697177739048955e-17, -6.8524042303569162e-17, 3.3550605545284521e-17, -7.4338405678557031e-17, 1.0505173089235338e-16, -1.5274495207661977e-16, -5.7569523092421071e-17, 3.6290219761646409e-17, 1.2060366035711305e-16},
    {-1.4035649151444803e-16, 9.9999999999999978e-01, -5.7296888371077968e-17, 1.4531986165104474e-16, -7.1917116141618420e-17, 1.9350923133878743e-16, 3.4636618885977346e-17, 1.2291743503463686e-16, -1.9483586998352919e-17, -1.8076906862619663e-16, -1.9946451927546256e-16, -2.1255027728861979e-17},
    {7.6513278990709515e-17, -5.7296888371077968e-17, 9.9999999999999989e-01, 4.8367589071893623e-16, -2.4101317598483487e-17, -1.8433210051591966e-16, -7.3047142963121892e-17, -8.2044406361766053e-17, -8.8960444131168790e-17, -6.0312822899698790e-18, -1.2887225865555217e-16, 2.8661410569640344e-16},
    {-8.4697177739048955e-17, 1.4531986165104474e-16, 4.8367589071893623e-16, 9.9999999999999944e-01, 1.2341182742651843e-17, 1.2844986599233917e-17, -1.3542283562872332e-16, -1.3849339973185100e-16, -4.6707129755767466e-17, 1.3243619803154107e-16, -3.7609495349805640e-17, -1.6253982802299802e-16},
    {-6.8524042303569162e-17, -7.1917116141618420e-17, -2.4101317598483487e-17, 1.2341182742651843e-17, 1.0000000000000002e+00, 3.4787850544506839e-17, -7.1228077062174939e-17, 2.5971797498507564e-17, -4.2893623122790906e-17, -9.1059856025793068e-18, 1.0017635615170790e-16, 3.6618370877757722e-17},
    {3.3550605545284521e-17, 1.9350923133878743e-16, -1.8433210051591966e-16, 1.2844986599233917e-17, 3.4787850544506839e-17, 9.9999999999999989e-01, 1.4011340478758416e-16, 1.1126389509589048e-16, 9.6506741385524747e-17, 8.4443623761307900e-17, 1.5137504160342769e-16, 6.6918089089796668e-17},
    {-7.4338405678557031e-17, 3.4636618885977346e-17, -7.3047142963121892e-17, -1.3542283562872332e-16, -7.1228077062174939e-17, 1.4011340478758416e-16, 9.9999999999999967e-01, 4.5875423880737773e-17, 3.2636279223537902e-17, 1.6753265488569882e-17, 2.3530517183817347e-17, -1.1991880529932299e-16},
    {1.0505173089235338e-16, 1.2291743503463686e-16, -8.2044406361766053e-17, -1.3849339973185100e-16, 2.5971797498507564e-17, 1.1126389509589048e-16, 4.5875423880737773e-17, 1.0000000000000002e+00, -4.8277871564659692e-17, 1.1252251816546126e-16, -2.2085989468315928e-17, -1.6035364847028604e-16},
    {-1.5274495207661977e-16, -1.9483586998352919e-17, -8.8960444131168790e-17, -4.6707129755767466e-17, -4.2893623122790906e-17, 9.6506741385524747e-17, 3.2636279223537902e-17, -4.8277871564659692e-17, 1.0000000000000000e+00, 3.2453783948118452e-17, 9.1592665468927322e-18, -1.1213401944768749e-16},
    {-5.7569523092421071e-17, -1.8076906862619663e-16, -6.0312822899698790e-18, 1.3243619803154107e-16, -9.1059856025793068e-18, 8.4443623761307900e-17, 1.6753265488569882e-17, 1.1252251816546126e-16, 3.2453783948118452e-17, 9.9999999999999978e-01, -2.1580724799765751e-16, -4.6737385094860597e-17},
    {3.6290219761646409e-17, -1.9946451927546256e-16, -1.2887225865555217e-16, -3.7609495349805640e-17, 1.0017635615170790e-16, 1.5137504160342769e-16, 2.3530517183817347e-17, -2.2085989468315928e-17, 9.1592665468927322e-18, -2.1580724799765751e-16, 1.0000000000000002e+00, -8.6759621483776373e-19},
    {1.2060366035711305e-16, -2.1255027728861979e-17, 2.8661410569640344e-16, -1.6253982802299802e-16, 3.6618370877757722e-17, 6.6918089089796668e-17, -1.1991880529932299e-16, -1.6035364847028604e-16, -1.1213401944768749e-16, -4.6737385094860597e-17, -8.6759621483776373e-19, 9.9999999999999978e-01}
}}};

static constexpr auto result = eigvals(mat);

int main() { return 0; }
