#include "../../consteig.hpp"

using namespace consteig;

static constexpr Matrix<double, 8, 8> mat
{{{
    {-1.6097185611724854e+00, 2.7232432365417480e-01, -9.9354070425033569e-01, 2.5098475813865662e-01, -5.2295261621475220e-01, 2.1425255537033081e+00, -2.1407853960990906e+00, -2.0768955349922180e+00},
    {-2.7171671390533447e-01, 8.8853001594543457e-02, -1.4717064797878265e-01, -8.7868118286132812e-01, 2.1425255537033081e+00, -2.2295624017715454e-01, -2.4016293883323669e-01, -4.6760413646697998e+00},
    {-7.7455466985702515e-01, -3.4360033273696899e-01, 3.4338995814323425e-01, -8.1933028995990753e-03, -2.1407853960990906e+00, -2.4016293883323669e-01, -2.4154689311981201e+00, -6.0402214527130127e-01},
    {-1.3426253795623779e+00, -3.7112459540367126e-02, -1.6593729257583618e+00, -1.1526980400085449e+00, -2.0768955349922180e+00, -4.6760413646697998e+00, -6.0402214527130127e-01, -2.1160771846771240e+00},
    {1.7059260606765747e+00, 1.0460064411163330e+00, -5.7751405239105225e-01, -1.8233745694160461e+00, 1.6097185611724854e+00, 2.7171671390533447e-01, 7.7455466985702515e-01, 1.3426253795623779e+00},
    {1.0460064411163330e+00, -1.8397432565689087e+00, -4.9608874320983887e-01, -4.5793709158897400e-01, -2.7232432365417480e-01, -8.8853001594543457e-02, 3.4360033273696899e-01, 3.7112459540367126e-02},
    {-5.7751405239105225e-01, -4.9608874320983887e-01, -8.8289821147918701e-01, 2.2558120489120483e+00, 9.9354070425033569e-01, 1.4717064797878265e-01, -3.4338995814323425e-01, 1.6593729257583618e+00},
    {-1.8233745694160461e+00, -4.5793709158897400e-01, 2.2558120489120483e+00, 2.3963785171508789e+00, -2.5098475813865662e-01, 8.7868118286132812e-01, 8.1933028995990753e-03, 1.1526980400085449e+00}
}}};

static constexpr auto result = eigvals(mat);

int main() { return 0; }
