#include "../../consteig.hpp"

using namespace consteig;

static constexpr Matrix<double, 8, 8> mat
{{{
    {1.0000000000000004e+00, -2.9079243871698311e-16, -5.0188486081431632e-17, 1.7176351136889119e-16, -1.4784474858585779e-17, 8.0469886793786991e-17, -3.4867378678381553e-17, 5.9920699486895573e-17},
    {-2.9079243871698311e-16, 1.0000000000000007e+00, -2.8232309229818710e-16, 1.0990875827281892e-16, -1.1832349814853127e-17, 1.1122428673854422e-16, 2.8231267695513467e-16, -3.9601900616369640e-16},
    {-5.0188486081431632e-17, -2.8232309229818710e-16, 9.9999999999999989e-01, 1.5876728005228349e-16, -4.4971495375654055e-18, 2.3045585078468966e-16, -4.1797714452817604e-17, 5.5870039896940464e-17},
    {1.7176351136889119e-16, 1.0990875827281892e-16, 1.5876728005228349e-16, 1.0000000000000000e+00, -1.7875396774186251e-16, -2.3275469621152625e-16, 1.3219143167423278e-17, 1.1997551795420195e-16},
    {-1.4784474858585779e-17, -1.1832349814853127e-17, -4.4971495375654055e-18, -1.7875396774186251e-16, 9.9999999999999967e-01, -1.2898689596661491e-18, 5.6856076956242386e-17, 2.9412254788194243e-17},
    {8.0469886793786991e-17, 1.1122428673854422e-16, 2.3045585078468966e-16, -2.3275469621152625e-16, -1.2898689596661491e-18, 1.0000000000000002e+00, -1.0881253550820851e-16, -7.8346784378754564e-17},
    {-3.4867378678381553e-17, 2.8231267695513467e-16, -4.1797714452817604e-17, 1.3219143167423278e-17, 5.6856076956242386e-17, -1.0881253550820851e-16, 1.0000000000000002e+00, -1.2956667931833073e-16},
    {5.9920699486895573e-17, -3.9601900616369640e-16, 5.5870039896940464e-17, 1.1997551795420195e-16, 2.9412254788194243e-17, -7.8346784378754564e-17, -1.2956667931833073e-16, 1.0000000000000002e+00}
}}};

static constexpr auto result = eigvals(mat);

int main() { return 0; }
