#include "../../consteig.hpp"

using namespace consteig;

static constexpr Matrix<double, 20, 20> mat
{{{
    {1.0000056631711742e+00, 4.7852293054450879e-07, 3.6752079381279520e-07, 4.9562617052933410e-07, 2.3950512452022567e-07, -3.9070900594088009e-07, 8.4222279512699031e-07, 9.2872816668533933e-07, 6.5067803480613662e-07, 6.4245249583769233e-07, 2.4332388883527767e-07, 6.1215826827256187e-09, -1.3241615096044883e-07, -8.8924527323425141e-07, 1.8471253396423133e-06, 1.2345989458247029e-07, 9.9759127067179801e-07, -2.2322018182893845e-07, 1.0216291717222696e-06, 9.9848784990847303e-08},
    {4.7852293053678290e-07, 1.0000042269497065e+00, -2.5644543774849105e-07, -5.8556212345523604e-07, 7.4760953485547555e-07, -4.4952437882110767e-07, 2.3599563082552530e-07, -1.4704388940473272e-07, 6.1501976822158505e-07, 4.2549583276195311e-07, 8.3652861185969543e-07, 8.3067701940912052e-07, 1.2627186525292661e-06, -2.2292197431738608e-07, 3.8514641844966788e-08, -9.1132321537175863e-07, -3.8683688458126240e-07, -2.4504019055670857e-07, 1.1426765618741692e-07, 7.4985010639122016e-08},
    {3.6752079381603468e-07, -2.5644543774952142e-07, 1.0000036946309954e+00, -8.0219371862497235e-07, -1.8204775590540260e-07, -6.6287557625678636e-07, 4.0481811967676657e-07, -6.6132511686735335e-07, -1.7460535752962224e-07, -6.1485586708869327e-07, -7.4805976168539399e-07, -1.1135704283925099e-06, 3.0598932984683930e-07, -5.0307822809358645e-07, 1.7632972232931303e-07, -8.8368690347870664e-07, -2.2897407790400114e-07, -5.7111308160519291e-07, -2.0024835901486004e-07, -9.3192793704367666e-07},
    {4.9562617053723375e-07, -5.8556212344703687e-07, -8.0219371864644549e-07, 1.0000060297671158e+00, 1.9825832738116265e-07, -1.4060134610611979e-06, -1.0476720712872672e-06, 3.2009668836635314e-08, -1.6979784580904684e-07, -7.0101163564863856e-07, -3.9775581425789479e-07, -3.7458562870025325e-07, 2.2465533684607356e-08, 5.1407635309475881e-07, 2.7504834713148016e-07, -3.3920637854544604e-07, 8.4471526376445084e-08, 4.9498840936571405e-08, -9.9700482373474303e-07, 3.0069870295750959e-07},
    {2.3950512451841688e-07, 7.4760953484260615e-07, -1.8204775589645790e-07, 1.9825832732778819e-07, 1.0000058572591544e+00, 2.1882479178137361e-07, -1.0835896166255354e-07, 1.8643437055742503e-07, -1.5151089181787689e-06, 3.1294143572642547e-07, -8.9430092436676709e-09, 3.6658236564340971e-07, 4.0849056175693670e-07, -1.0558372370689991e-07, -4.1762351874909747e-07, 3.2966362911975493e-07, 8.1879185563410622e-07, -2.9546676985205973e-07, 3.4149145225459872e-07, -1.8169280710489982e-07},
    {-3.9070900596820511e-07, -4.4952437884720327e-07, -6.6287557623874593e-07, -1.4060134610683051e-06, 2.1882479175041511e-07, 1.0000041432671254e+00, -1.6196398905815588e-06, 1.2246788060405495e-06, 1.3815402395035999e-07, -6.2991458504028559e-07, 2.6133514457929801e-07, -2.2544275858513159e-07, -1.6021584397688164e-06, 4.6618996326583784e-07, -1.7624514615930882e-07, 3.1433044416273076e-07, 7.0317582275104014e-07, 7.3877830845112372e-07, 3.1356404461061844e-07, -5.3384324152094795e-07},
    {8.4222279512134907e-07, 2.3599563086717192e-07, 4.0481811967476826e-07, -1.0476720712929128e-06, -1.0835896165654047e-07, -1.6196398906299320e-06, 1.0000059335758436e+00, -1.2787800489712783e-06, -8.0714332719240204e-08, 1.7383202505228835e-07, -1.2175939813652309e-07, 4.8842506319923488e-07, -1.7910473037264920e-07, -8.3891316423421396e-07, -6.5378320763988157e-07, 8.2904812532080272e-07, 3.1770070686263912e-07, 4.5784158878609853e-07, -2.2995223338090383e-07, -5.3784323680147598e-08},
    {9.2872816671970579e-07, -1.4704388938974828e-07, -6.6132511687297129e-07, 3.2009668842096777e-08, 1.8643437057162609e-07, 1.2246788060312971e-06, -1.2787800489661618e-06, 1.0000039057236882e+00, 8.6960525818145883e-07, -4.7128696177150039e-07, 1.7611522270861638e-07, -6.5925355440825130e-07, 1.0568950493232243e-06, -2.3238590054840575e-07, 3.2103079712012022e-07, -7.9972176506668639e-07, -6.6228065875864636e-07, 8.5814295841572416e-07, 9.8053595957434474e-07, 2.3644457218974886e-07},
    {6.5067803486189744e-07, 6.1501976825131305e-07, -1.7460535754445678e-07, -1.6979784581160531e-07, -1.5151089181682676e-06, 1.3815402395272660e-07, -8.0714332741548643e-08, 8.6960525819056295e-07, 1.0000046438655879e+00, -6.8908866726667262e-07, -5.6427733944823703e-07, 5.7394188527484305e-07, 7.4850954216432598e-07, -6.0931649868178863e-08, -7.2610033782643043e-07, 3.9275108063018528e-07, -8.0230438887257593e-07, -1.2770493999517169e-06, 3.6778201581295261e-07, 2.0937401391792724e-06},
    {6.4245249583924812e-07, 4.2549583278620858e-07, -6.1485586706599364e-07, -7.0101163567173355e-07, 3.1294143571846061e-07, -6.2991458506090375e-07, 1.7383202510074380e-07, -4.7128696175711179e-07, -6.8908866726451999e-07, 1.0000053599101182e+00, -4.7458210044808011e-07, 2.5393905706098804e-07, -1.0351011630461292e-07, 1.1878474167859199e-06, -1.1214258754866747e-07, 5.0447220006683932e-07, 1.9319799052052782e-07, 5.0822381299308720e-07, 1.5998013107182676e-07, 7.6012326253532126e-07},
    {2.4332388882466588e-07, 8.3652861184694346e-07, -7.4805976168161781e-07, -3.9775581424352096e-07, -8.9430092442128144e-09, 2.6133514454778610e-07, -1.2175939814272308e-07, 1.7611522268925665e-07, -5.6427733944448118e-07, -4.7458210042322525e-07, 1.0000052390219829e+00, -5.4054181339302827e-07, 2.3479298621268918e-07, 1.1954715598177793e-07, -1.2254564220872254e-07, -9.2292336239902941e-07, -7.9837700030444932e-07, 2.5525145039664057e-07, 1.0570340301626409e-06, -5.4710537121535402e-07},
    {6.1215826591607965e-09, 8.3067701941629309e-07, -1.1135704284167479e-06, -3.7458562867112606e-07, 3.6658236564098429e-07, -2.2544275858846779e-07, 4.8842506321371120e-07, -6.5925355439816494e-07, 5.7394188524012582e-07, 2.5393905706166313e-07, -5.4054181341867135e-07, 1.0000047449004450e+00, -1.2218610244510158e-07, -2.2481519128018457e-07, 2.3279893252452212e-07, -7.8623302142846865e-08, -9.7604786131827616e-07, -9.3672152343102363e-07, 1.6429297951046843e-06, -7.0657557041829773e-08},
    {-1.3241615097895124e-07, 1.2627186525430558e-06, 3.0598932988935358e-07, 2.2465533680895939e-08, 4.0849056180441776e-07, -1.6021584397636190e-06, -1.7910473040237256e-07, 1.0568950492856872e-06, 7.4850954217621473e-07, -1.0351011629097168e-07, 2.3479298621998960e-07, -1.2218610244870629e-07, 1.0000054474309747e+00, -2.9438761357030649e-07, -1.9884978838362615e-07, -8.3588356879465891e-07, 1.9379638390354554e-07, 8.1129842677471431e-07, 5.2344493477790774e-07, -5.9961423184429905e-07},
    {-8.8924527319227309e-07, -2.2292197434355259e-07, -5.0307822805624903e-07, 5.1407635306003427e-07, -1.0558372367711792e-07, 4.6618996326415002e-07, -8.3891316424154894e-07, -2.3238590055096805e-07, -6.0931649867268263e-08, 1.1878474167994303e-06, 1.1954715597089887e-07, -2.2481519123548797e-07, -2.9438761358238084e-07, 1.0000054503571987e+00, -2.8211664496052731e-07, -8.5583069301212438e-08, -1.6668214912241880e-06, -1.0515614187195446e-07, 5.6286842459837357e-07, -1.0065762539636594e-06},
    {1.8471253396473705e-06, 3.8514641865163482e-08, 1.7632972231063386e-07, 2.7504834713715984e-07, -4.1762351873318479e-07, -1.7624514617173805e-07, -6.5378320769121389e-07, 3.2103079712146647e-07, -7.2610033786416300e-07, -1.1214258756720975e-07, -1.2254564220868252e-07, 2.3279893252585731e-07, -1.9884978840480253e-07, -2.8211664496006218e-07, 1.0000051887204651e+00, -5.0803090258909344e-07, 6.1505619248122711e-07, -5.8981255006649881e-07, -6.8404802498733672e-07, 2.3927524335005972e-07},
    {1.2345989455247995e-07, -9.1132321537398643e-07, -8.8368690347193969e-07, -3.3920637854561444e-07, 3.2966362913458071e-07, 3.1433044415185544e-07, 8.2904812532419117e-07, -7.9972176508046963e-07, 3.9275108056867931e-07, 5.0447220006994518e-07, -9.2292336240911789e-07, -7.8623302166930380e-08, -8.3588356879185385e-07, -8.5583069304812408e-08, -5.0803090258536194e-07, 1.0000047353272530e+00, -3.6898005496710463e-07, -9.3154353378996380e-08, 9.0528109521579336e-07, 2.6155151457295351e-06},
    {9.9759127066360508e-07, -3.8683688457921962e-07, -2.2897407789287809e-07, 8.4471526371263916e-08, 8.1879185563070930e-07, 7.0317582274545693e-07, 3.1770070686005710e-07, -6.6228065878876717e-07, -8.0230438890875461e-07, 1.9319799052812951e-07, -7.9837700029738242e-07, -9.7604786138593164e-07, 1.9379638390654041e-07, -1.6668214912143245e-06, 6.1505619247609780e-07, -3.6898005496273484e-07, 1.0000042020382913e+00, 3.0422199852488493e-07, -6.9862394917327861e-07, 3.4004725408929793e-08},
    {-2.2322018182255942e-07, -2.4504019054571901e-07, -5.7111308161538970e-07, 4.9498840923699263e-08, -2.9546676981145372e-07, 7.3877830849736674e-07, 4.5784158880162935e-07, 8.5814295838221532e-07, -1.2770493999793034e-06, 5.0822381298397884e-07, 2.5525145033921910e-07, -9.3672152343506895e-07, 8.1129842672365389e-07, -1.0515614187621711e-07, -5.8981255005808322e-07, -9.3154353358877760e-08, 3.0422199853826546e-07, 1.0000044811281321e+00, 2.3847728314803298e-07, -4.2019899841318541e-07},
    {1.0216291717342075e-06, 1.1426765620240609e-07, -2.0024835902117105e-07, -9.9700482373493022e-07, 3.4149145226583319e-07, 3.1356404460325582e-07, -2.2995223336399191e-07, 9.8053595961259103e-07, 3.6778201577998233e-07, 1.5998013107460460e-07, 1.0570340301737192e-06, 1.6429297951079892e-06, 5.2344493474955066e-07, 5.6286842459130667e-07, -6.8404802499712758e-07, 9.0528109527139980e-07, -6.9862394919104428e-07, 2.3847728314249126e-07, 1.0000062616631853e+00, 3.5889626237498504e-07},
    {9.9848785014085149e-08, 7.4985010646455191e-08, -9.3192793700770963e-07, 3.0069870293199643e-07, -1.8169280711706035e-07, -5.3384324148604002e-07, -5.3784323679135758e-08, 2.3644457218863162e-07, 2.0937401391123136e-06, 7.6012326253645575e-07, -5.4710537121066569e-07, -7.0657557069549853e-08, -5.9961423183714532e-07, -1.0065762539976906e-06, 2.3927524333396647e-07, 2.6155151457790386e-06, 3.4004725406051529e-08, -4.2019899839022420e-07, 3.5889626239733274e-07, 1.0000047912915626e+00}
}}};

static constexpr auto result = eigvals(mat);

int main() { return 0; }
