#include "../../consteig.hpp"

using namespace consteig;

static constexpr Matrix<double, 10, 10> mat
{{{
    {9.9999999999999978e-01, 1.6997847594073337e-17, 2.5987066254194211e-16, -4.2011203121806269e-17, -2.1543225276997275e-16, 4.2839859007470451e-18, 8.9305880636571572e-17, 7.0612796427565112e-17, -1.2054165869334061e-16, -2.4026976529408483e-16},
    {1.6997847594073337e-17, 1.0000000000000002e+00, 4.9755675192556259e-17, -6.4432438506620800e-18, 9.0734201504415264e-17, -1.6522907093613105e-17, 1.5432837395327127e-16, 1.6316842211269908e-17, 9.0325888156183826e-17, 7.4459359813657487e-18},
    {2.5987066254194211e-16, 4.9755675192556259e-17, 1.0000000000000000e+00, -8.7777863978825495e-17, 3.2470198588281421e-17, 5.3331231334472726e-17, 1.6278341548185866e-17, 6.7064240992790669e-17, 8.6359290335051969e-18, 1.4316385995772103e-17},
    {-4.2011203121806269e-17, -6.4432438506620800e-18, -8.7777863978825495e-17, 1.0000000000000000e+00, 2.7151945362071331e-16, -1.0409190335796226e-16, -3.2504182012086988e-18, 1.2352918927297745e-17, 1.4599105389978693e-16, 4.0174983775810244e-17},
    {-2.1543225276997275e-16, 9.0734201504415264e-17, 3.2470198588281421e-17, 2.7151945362071331e-16, 9.9999999999999967e-01, 1.5474646266171799e-16, -2.4995615451341011e-17, -2.7867246712489526e-17, -1.4382555584167766e-16, -5.4705664444831166e-17},
    {4.2839859007470451e-18, -1.6522907093613105e-17, 5.3331231334472726e-17, -1.0409190335796226e-16, 1.5474646266171799e-16, 9.9999999999999978e-01, -5.0008391832326586e-17, 6.5904444793384815e-17, 9.0679206993336306e-17, -4.0548828252147722e-18},
    {8.9305880636571572e-17, 1.5432837395327127e-16, 1.6278341548185866e-17, -3.2504182012086988e-18, -2.4995615451341011e-17, -5.0008391832326586e-17, 9.9999999999999989e-01, 1.0610814900970632e-17, -2.6701957661766036e-18, 1.9510086331424329e-17},
    {7.0612796427565112e-17, 1.6316842211269908e-17, 6.7064240992790669e-17, 1.2352918927297745e-17, -2.7867246712489526e-17, 6.5904444793384815e-17, 1.0610814900970632e-17, 9.9999999999999989e-01, -2.9699304559682078e-17, 6.2905893646911850e-17},
    {-1.2054165869334061e-16, 9.0325888156183826e-17, 8.6359290335051969e-18, 1.4599105389978693e-16, -1.4382555584167766e-16, 9.0679206993336306e-17, -2.6701957661766036e-18, -2.9699304559682078e-17, 1.0000000000000000e+00, -4.5764909623514716e-17},
    {-2.4026976529408483e-16, 7.4459359813657487e-18, 1.4316385995772103e-17, 4.0174983775810244e-17, -5.4705664444831166e-17, -4.0548828252147722e-18, 1.9510086331424329e-17, 6.2905893646911850e-17, -4.5764909623514716e-17, 9.9999999999999989e-01}
}}};

static constexpr auto result = eigvals(mat);

int main() { return 0; }
