#include "../../consteig.hpp"

using namespace consteig;

static constexpr Matrix<double, 20, 20> mat
{{{
    {-4.0598487854003906e+00, 5.7916277647018433e-01, 1.0607510209083557e+00, 1.4470883011817932e+00, 1.7621191143989563e+00, -2.5014554858207703e+00, -6.4204092323780060e-01, 2.1401692628860474e+00, -4.4638860225677490e+00, 2.3360259234905243e+00, -3.7021707929670811e-01, -2.3438119292259216e+00, -1.2594335675239563e+00, -1.4057116955518723e+00, -1.4313368499279022e+00, 2.1988141536712646e+00, -5.8551397919654846e-01, 2.1693120002746582e+00, 6.5923994407057762e-01, 2.1753596514463425e-01},
    {5.7916277647018433e-01, -8.8253334164619446e-02, -4.8179358243942261e-01, 1.7047836780548096e+00, 1.7850549579598010e+00, 3.6622835397720337e+00, -1.1503942012786865e+00, 1.2814754545688629e+00, 1.2532456517219543e+00, -3.2397974729537964e+00, -2.4803550243377686e+00, -2.2171113491058350e+00, -2.9575878381729126e-01, -8.8451570272445679e-01, -1.5969284772872925e+00, 1.4352689385414124e+00, -8.6831259727478027e-01, -3.3285418748855591e+00, 4.0157693810760975e-01, 1.1950202286243439e+00},
    {1.0607510209083557e+00, -4.8179358243942261e-01, -6.7395824193954468e-01, -4.9064868688583374e-01, -1.4204689711332321e+00, 7.3050749301910400e-01, 3.5334425605833530e-01, -1.5168273448944092e+00, -1.1621627211570740e+00, 4.2053912486881018e-01, 1.7332114577293396e+00, -1.4037095606327057e+00, -8.7059140205383301e-02, 9.1034489870071411e-01, 2.9110985994338989e-01, -1.7073234915733337e+00, -3.2283495664596558e+00, 1.7348855137825012e+00, 3.7878081202507019e-01, 6.9180995225906372e-02},
    {1.4470883011817932e+00, 1.7047836780548096e+00, -4.9064868688583374e-01, 1.5160305500030518e+00, -8.4495157003402710e-01, 7.4003794789314270e-01, 2.2665595412254333e+00, -9.2178155481815338e-01, 6.5428209304809570e-01, 3.7363419532775879e+00, 2.6528531014919281e+00, 2.8960168361663818e-01, 5.9325820207595825e-01, -2.4571835994720459e-02, -6.6213649511337280e-01, 1.9386582970619202e+00, -1.2996490001678467e+00, -1.0467689931392670e+00, -1.6040818095207214e+00, -1.1759977936744690e+00},
    {1.7621191143989563e+00, 1.7850549579598010e+00, -1.4204689711332321e+00, -8.4495157003402710e-01, 3.5173988342285156e+00, -1.7473903298377991e-01, 1.6114165186882019e+00, 9.5274557173252106e-01, -1.1110158562660217e+00, 5.9056200087070465e-01, -4.8798441886901855e-02, -8.0864369869232178e-02, -9.0110820531845093e-01, -6.8412560224533081e-01, -4.0487036108970642e-01, 2.5532776117324829e-01, 5.1167929172515869e-01, 2.9158526659011841e-01, -5.1120388507843018e-01, 1.6964852213859558e+00},
    {-2.5014554858207703e+00, 3.6622835397720337e+00, 7.3050749301910400e-01, 7.4003794789314270e-01, -1.7473903298377991e-01, 5.4019206762313843e-01, -1.1702114343643188e-01, 7.1591005288064480e-01, -1.1287457644939423e+00, -3.3265091180801392e+00, 1.1708871126174927e+00, 1.2030869424343109e+00, -5.1592028141021729e-01, -3.8953348994255066e-01, 7.6100409030914307e-01, 5.0801328942179680e-01, 9.4758638739585876e-01, -3.6024115085601807e+00, -7.6897418498992920e-01, 1.9207306206226349e+00},
    {-6.4204092323780060e-01, -1.1503942012786865e+00, 3.5334425605833530e-01, 2.2665595412254333e+00, 1.6114165186882019e+00, -1.1702114343643188e-01, 4.1215019226074219e+00, 5.5836665630340576e-01, 5.4681837558746338e-02, -2.0606035590171814e+00, -9.5445778965950012e-01, -1.1753012984991074e+00, -2.8673419356346130e+00, -1.4796376228332520e-02, 2.3986934423446655e+00, 1.6485688611865044e+00, 1.1349980831146240e+00, 9.0861248970031738e-01, -2.2982051372528076e+00, -9.7876548767089844e-02},
    {2.1401692628860474e+00, 1.2814754545688629e+00, -1.5168273448944092e+00, -9.2178155481815338e-01, 9.5274557173252106e-01, 7.1591005288064480e-01, 5.5836665630340576e-01, 1.3105124235153198e-01, -6.9799047708511353e-01, -3.5886226594448090e-01, 9.3567132297903299e-01, 2.1254006326198578e+00, 1.6751574724912643e+00, 5.3931391239166260e-01, -5.2436351776123047e-01, 2.4601182341575623e+00, -9.0536554157733917e-01, -1.7212183177471161e+00, -1.7907999753952026e+00, 8.7918678857386112e-01},
    {-4.4638860225677490e+00, 1.2532456517219543e+00, -1.1621627211570740e+00, 6.5428209304809570e-01, -1.1110158562660217e+00, -1.1287457644939423e+00, 5.4681837558746338e-02, -6.9799047708511353e-01, 2.1914589405059814e+00, 9.2804569005966187e-01, -3.1287633180618286e+00, 5.0052772462368011e-01, 2.2815805673599243e+00, 4.0173402428627014e-01, 7.0155704021453857e-01, -6.8345874547958374e-01, -9.3381579965353012e-01, 3.2024403214454651e+00, -9.3509680032730103e-01, 1.4087142944335938e+00},
    {2.3360259234905243e+00, -3.2397974729537964e+00, 4.2053912486881018e-01, 3.7363419532775879e+00, 5.9056200087070465e-01, -3.3265091180801392e+00, -2.0606035590171814e+00, -3.5886226594448090e-01, 9.2804569005966187e-01, -2.0212714672088623e+00, -4.4340991973876953e-01, 2.4773155599832535e+00, -9.2108331620693207e-01, -1.8424580395221710e+00, 1.6458001136779785e+00, -7.3419320583343506e-01, 1.9354369491338730e-01, 1.1413607895374298e+00, -6.2405407428741455e-02, 2.3361956328153610e-01},
    {-3.7021707929670811e-01, -2.4803550243377686e+00, 1.7332114577293396e+00, 2.6528531014919281e+00, -4.8798441886901855e-02, 1.1708871126174927e+00, -9.5445778965950012e-01, 9.3567132297903299e-01, -3.1287633180618286e+00, -4.4340991973876953e-01, 1.0891529321670532e+00, -2.1268251687288284e+00, 3.7422657012939453e-02, -2.0922581553459167e+00, 2.1637178361415863e+00, -2.1714571118354797e+00, -1.1643921136856079e+00, 3.8742655515670776e-01, -4.9108761548995972e-01, 3.2614219188690186e+00},
    {-2.3438119292259216e+00, -2.2171113491058350e+00, -1.4037095606327057e+00, 2.8960168361663818e-01, -8.0864369869232178e-02, 1.2030869424343109e+00, -1.1753012984991074e+00, 2.1254006326198578e+00, 5.0052772462368011e-01, 2.4773155599832535e+00, -2.1268251687288284e+00, 9.2874526977539062e-01, -3.0504995584487915e-01, -4.7002130746841431e-01, -4.6984032168984413e-01, -5.5873002111911774e-01, 4.7731310129165649e-01, 1.1017837226390839e+00, 2.5940006971359253e-01, 2.8804233670234680e-01},
    {-1.2594335675239563e+00, -2.9575878381729126e-01, -8.7059140205383301e-02, 5.9325820207595825e-01, -9.0110820531845093e-01, -5.1592028141021729e-01, -2.8673419356346130e+00, 1.6751574724912643e+00, 2.2815805673599243e+00, -9.2108331620693207e-01, 3.7422657012939453e-02, -3.0504995584487915e-01, -1.3899285793304443e+00, -1.7461526393890381e+00, 3.8348793983459473e-01, 8.5292487451806664e-01, -8.2376790046691895e-01, -8.6570531129837036e-01, 7.5983263552188873e-01, 1.1023361831903458e+00},
    {-1.4057116955518723e+00, -8.8451570272445679e-01, 9.1034489870071411e-01, -2.4571835994720459e-02, -6.8412560224533081e-01, -3.8953348994255066e-01, -1.4796376228332520e-02, 5.3931391239166260e-01, 4.0173402428627014e-01, -1.8424580395221710e+00, -2.0922581553459167e+00, -4.7002130746841431e-01, -1.7461526393890381e+00, 2.6342267990112305e+00, 1.2026963531970978e+00, -9.2636057734489441e-01, 6.1959168920293450e-01, 1.6793323159217834e+00, 7.9853180050849915e-01, -1.2804990708827972e+00},
    {-1.4313368499279022e+00, -1.5969284772872925e+00, 2.9110985994338989e-01, -6.6213649511337280e-01, -4.0487036108970642e-01, 7.6100409030914307e-01, 2.3986934423446655e+00, -5.2436351776123047e-01, 7.0155704021453857e-01, 1.6458001136779785e+00, 2.1637178361415863e+00, -4.6984032168984413e-01, 3.8348793983459473e-01, 1.2026963531970978e+00, -8.8059209287166595e-02, -8.5862995684146881e-01, 1.8511543869972229e+00, 1.1018795059062541e+00, -2.0310644507408142e+00, 5.3594410419464111e-01},
    {2.1988141536712646e+00, 1.4352689385414124e+00, -1.7073234915733337e+00, 1.9386582970619202e+00, 2.5532776117324829e-01, 5.0801328942179680e-01, 1.6485688611865044e+00, 2.4601182341575623e+00, -6.8345874547958374e-01, -7.3419320583343506e-01, -2.1714571118354797e+00, -5.5873002111911774e-01, 8.5292487451806664e-01, -9.2636057734489441e-01, -8.5862995684146881e-01, -1.4890862703323364e+00, -2.5748254358768463e-01, 4.1861024498939514e-01, -1.1511653959751129e+00, -1.4730574190616608e+00},
    {-5.8551397919654846e-01, -8.6831259727478027e-01, -3.2283495664596558e+00, -1.2996490001678467e+00, 5.1167929172515869e-01, 9.4758638739585876e-01, 1.1349980831146240e+00, -9.0536554157733917e-01, -9.3381579965353012e-01, 1.9354369491338730e-01, -1.1643921136856079e+00, 4.7731310129165649e-01, -8.2376790046691895e-01, 6.1959168920293450e-01, 1.8511543869972229e+00, -2.5748254358768463e-01, -6.0212071985006332e-02, -3.2506287097930908e-02, -1.9665778577327728e+00, 1.6181741356849670e+00},
    {2.1693120002746582e+00, -3.3285418748855591e+00, 1.7348855137825012e+00, -1.0467689931392670e+00, 2.9158526659011841e-01, -3.6024115085601807e+00, 9.0861248970031738e-01, -1.7212183177471161e+00, 3.2024403214454651e+00, 1.1413607895374298e+00, 3.8742655515670776e-01, 1.1017837226390839e+00, -8.6570531129837036e-01, 1.6793323159217834e+00, 1.1018795059062541e+00, 4.1861024498939514e-01, -3.2506287097930908e-02, 9.4722580909729004e-01, -1.5101899504661560e+00, -1.5327502489089966e+00},
    {6.5923994407057762e-01, 4.0157693810760975e-01, 3.7878081202507019e-01, -1.6040818095207214e+00, -5.1120388507843018e-01, -7.6897418498992920e-01, -2.2982051372528076e+00, -1.7907999753952026e+00, -9.3509680032730103e-01, -6.2405407428741455e-02, -4.9108761548995972e-01, 2.5940006971359253e-01, 7.5983263552188873e-01, 7.9853180050849915e-01, -2.0310644507408142e+00, -1.1511653959751129e+00, -1.9665778577327728e+00, -1.5101899504661560e+00, -1.4102441072463989e+00, -1.5899138477398083e+00},
    {2.1753596514463425e-01, 1.1950202286243439e+00, 6.9180995225906372e-02, -1.1759977936744690e+00, 1.6964852213859558e+00, 1.9207306206226349e+00, -9.7876548767089844e-02, 8.7918678857386112e-01, 1.4087142944335938e+00, 2.3361956328153610e-01, 3.2614219188690186e+00, 2.8804233670234680e-01, 1.1023361831903458e+00, -1.2804990708827972e+00, 5.3594410419464111e-01, -1.4730574190616608e+00, 1.6181741356849670e+00, -1.5327502489089966e+00, -1.5899138477398083e+00, 1.6077651977539062e+00}
}}};

static constexpr auto result = eigvals(mat);

int main() { return 0; }
