#include "../../consteig.hpp"

using namespace consteig;

static constexpr Matrix<double, 20, 20> mat
{{{
    {1.0000044389434317e+00, -1.6585989166646907e-06, -2.7478336132732396e-07, 8.6641626486102498e-07, 5.0015072628596116e-07, 1.3113851832928614e-06, 7.1422180045844511e-07, -3.2872633403659187e-07, -1.5652084441926203e-07, -4.5313606528541713e-07, -1.8088627811362245e-07, -6.8297760144039681e-07, -9.3773523603798629e-08, 2.4816656291524891e-07, 5.0907077806991591e-07, 3.6357744137855338e-07, 1.1178513822166261e-06, -7.2434207107256768e-07, -9.2919948768351903e-07, -3.9194643970415009e-07},
    {-1.6585989166647300e-06, 1.0000026361068821e+00, 8.1780399901132634e-07, 1.5319619404258173e-07, -3.8765052798038030e-07, -3.3572895544253805e-07, 8.4506206899763510e-08, -6.8200652659340328e-07, 5.3002774327988590e-07, 1.4303789254434292e-08, 2.0027093616854221e-07, -3.4735846433772049e-08, 2.2331704133412909e-07, 1.8300180985665734e-07, 2.2751632328391606e-07, 8.9183596690685664e-08, -1.4822900818899584e-06, 3.8606843989311476e-08, -3.1997927285933614e-07, 2.6511412827215112e-07},
    {-2.7478336129323269e-07, 8.1780399897725000e-07, 1.0000043116107245e+00, -3.1766882675166338e-07, -5.4918188193646596e-07, 7.4211790651729997e-07, -5.4335523967405760e-07, -3.7654769117459759e-07, -7.9308821206061737e-07, -7.5713876707674207e-07, 1.6853660048955702e-06, 3.3851533139955136e-07, -2.0648512132972092e-07, -4.8755542524748226e-07, -1.4530524375599286e-07, -3.5203014268553505e-07, 2.6684104827998051e-07, 9.7556745622379365e-07, -5.6487849118056306e-07, -5.1811951155438117e-07},
    {8.6641626487421836e-07, 1.5319619403905008e-07, -3.1766882675445605e-07, 1.0000052267771571e+00, 6.1531364569162602e-07, 2.6075496864498628e-07, -7.7288282915726058e-07, 3.4528204045772350e-07, -1.1582306976528395e-06, -5.0029011263895732e-07, 8.1827147641262685e-07, -5.4077229448409209e-07, 3.2234523338520977e-07, 2.9193274197842209e-07, -9.4815180768818703e-08, -1.1812811136385355e-07, -5.7666973910645981e-07, -9.6131503974314228e-07, -5.5520684339781956e-08, 7.4622600744077673e-07},
    {5.0015072631039118e-07, -3.8765052798531755e-07, -5.4918188188901200e-07, 6.1531364564053374e-07, 1.0000047069019100e+00, 9.8151089606745471e-07, 3.5627336194393623e-07, -3.9447792807347764e-07, -5.3894509980057780e-07, -1.0477773335415471e-06, -3.7564383978973567e-07, 3.5126193281129938e-07, -3.3593451853048037e-07, -6.4720908533651332e-07, 4.3092577976838664e-08, -1.3139304968661131e-06, -8.4124976811202678e-07, -3.1642368388804945e-07, -8.8452094091311052e-08, -1.1002758736921849e-06},
    {1.3113851832448643e-06, -3.3572895541141854e-07, 7.4211790653167115e-07, 2.6075496867754358e-07, 9.8151089604240265e-07, 1.0000048365645615e+00, 2.2738192530855474e-07, 2.7844180160967009e-07, -4.2674597208308597e-07, -2.4061285815081519e-08, 4.7634710795261199e-07, -7.8179815131361441e-07, 8.4208481925307062e-07, 2.2827588303461466e-07, -1.1495006463564612e-07, -2.7782223637253032e-07, -2.3596146614084122e-07, -6.9480270644378830e-08, -4.3797455498412862e-07, -6.2332848291074212e-07},
    {7.1422180044026906e-07, 8.4506206891887956e-08, -5.4335523968035021e-07, -7.7288282912383327e-07, 3.5627336193751260e-07, 2.2738192529254264e-07, 1.0000054243605059e+00, 8.0144359268023174e-07, -1.7089029341958624e-07, -3.7255170019259460e-07, -6.2501188049998497e-07, -6.6415323524345761e-07, -2.8256464835002528e-07, -3.0541793283521939e-08, -1.2629284724713259e-06, 5.8183366532250686e-07, -2.0879118253294165e-07, 4.0737159068895493e-08, -8.1255322008103470e-08, 4.8100164800999634e-07},
    {-3.2872633404677538e-07, -6.8200652656787773e-07, -3.7654769117752874e-07, 3.4528204042941216e-07, -3.9447792808558873e-07, 2.7844180164043819e-07, 8.0144359270981024e-07, 1.0000059717189573e+00, 1.7217645298936729e-06, 5.3984584362991126e-07, 2.6085671380121017e-07, -1.6990080183957903e-07, 1.8284760161542185e-07, 6.4935389913539868e-07, -3.7415211062807982e-08, -1.5034690562482902e-06, 3.8233543206019129e-07, 3.1400811690896809e-07, -5.1478717858733709e-07, 2.7093010563163761e-08},
    {-1.5652084441895877e-07, 5.3002774328496693e-07, -7.9308821205836755e-07, -1.1582306976415852e-06, -5.3894509981194614e-07, -4.2674597207181509e-07, -1.7089029340612212e-07, 1.7217645298911436e-06, 1.0000063769473986e+00, -9.5608400999821558e-07, -5.2347662166583857e-07, -6.7774324345098177e-07, -7.3295586095740863e-07, 7.2716771228636403e-07, -1.0906722983137195e-06, 4.0797922433610005e-07, 7.9269270190583836e-07, -1.3021689679502055e-07, 4.9773873291541841e-09, -6.9937641691653576e-08},
    {-4.5313606527559346e-07, 1.4303789252284903e-08, -7.5713876706976041e-07, -5.0029011263137203e-07, -1.0477773335856324e-06, -2.4061285813896053e-08, -3.7255170021891335e-07, 5.3984584359824557e-07, -9.5608401006257526e-07, 1.0000066812645252e+00, 4.4077199806352317e-07, -1.3164548750976243e-07, 3.3584944172645867e-07, 8.9002853066802217e-07, 2.4275855926092220e-07, 1.1053293795586826e-06, -3.1655533081176570e-07, 2.5719628067320776e-07, 1.4180877080610427e-07, -6.1467529943993196e-07},
    {-1.8088627814768996e-07, 2.0027093615378170e-07, 1.6853660048910762e-06, 8.1827147645437308e-07, -3.7564383976702539e-07, 4.7634710802021952e-07, -6.2501188050301576e-07, 2.6085671380843970e-07, -5.2347662165802818e-07, 4.4077199805542141e-07, 1.0000048011834439e+00, 5.0996136771094930e-07, -1.5203409680640949e-07, -1.2178763358006595e-07, -6.7935404610698912e-07, -9.0178383510226179e-08, -6.9396079629488417e-07, 1.4900249201613562e-07, 6.6920939284865212e-07, 4.5875341635784257e-07},
    {-6.8297760146509459e-07, -3.4735846424399841e-08, 3.3851533140316518e-07, -5.4077229444260029e-07, 3.5126193283055303e-07, -7.8179815133719369e-07, -6.6415323527124590e-07, -1.6990080186999974e-07, -6.7774324348396312e-07, -1.3164548752483065e-07, 5.0996136769008656e-07, 1.0000060539049338e+00, 7.8890336768369378e-07, -3.3577520894791821e-07, 3.1856858295130485e-08, 2.2107049125764835e-07, 6.9833694753834813e-07, 7.4191714845578630e-07, -1.1210530035792223e-06, -9.0964609584387242e-07},
    {-9.3773523618694074e-08, 2.2331704133033491e-07, -2.0648512131708978e-07, 3.2234523339040341e-07, -3.3593451853300056e-07, 8.4208481926335752e-07, -2.8256464834104864e-07, 1.8284760158215222e-07, -7.3295586095961970e-07, 3.3584944169207549e-07, -1.5203409680543535e-07, 7.8890336768629364e-07, 1.0000040788182782e+00, 1.2727785682781437e-06, -1.2258202147418520e-06, -3.2386631780951689e-07, 1.0025159656178395e-06, 1.3051903000894163e-07, -6.0042272843121015e-07, 6.7824764923503668e-07},
    {2.4816656294580578e-07, 1.8300180985341950e-07, -4.8755542523797357e-07, 2.9193274195754765e-07, -6.4720908535256227e-07, 2.2827588307248992e-07, -3.0541793296030531e-08, 6.4935389911097819e-07, 7.2716771226827882e-07, 8.9002853067654967e-07, -1.2178763360954370e-07, -3.3577520894427126e-07, 1.2727785682854059e-06, 1.0000047479946390e+00, 1.1812628648553042e-06, 2.2925688188213073e-07, 5.8485071017479873e-07, -2.2347803258187410e-07, -6.3660876308344248e-07, 3.1783572153764112e-07},
    {5.0907077805015389e-07, 2.2751632329490785e-07, -1.4530524374108739e-07, -9.4815180774209670e-08, 4.3092577981863177e-08, -1.1495006464231754e-07, -1.2629284725084508e-06, -3.7415211060593202e-08, -1.0906722983215221e-06, 2.4275855924459866e-07, -6.7935404608648700e-07, 3.1856858285098756e-08, -1.2258202147470086e-06, 1.1812628648319284e-06, 1.0000061946629544e+00, -6.0589366214457050e-07, -2.7636038681584429e-07, 1.3261357392030811e-06, -2.1533767212731021e-07, 1.8471053521597563e-06},
    {3.6357744140311051e-07, 8.9183596685583574e-08, -3.5203014270344889e-07, -1.1812811141496661e-07, -1.3139304969096080e-06, -2.7782223638922069e-07, 5.8183366535749928e-07, -1.5034690563026689e-06, 4.0797922433095358e-07, 1.1053293795681348e-06, -9.0178383518957779e-08, 2.2107049122956990e-07, -3.2386631778129110e-07, 2.2925688188225993e-07, -6.0589366214824048e-07, 1.0000071556313004e+00, 1.1978296783061866e-06, 4.5354672300317126e-08, 1.0571732046358791e-06, -8.7034137581045860e-07},
    {1.1178513821588938e-06, -1.4822900819362832e-06, 2.6684104832865303e-07, -5.7666973913961691e-07, -8.4124976811403107e-07, -2.3596146613277551e-07, -2.0879118254214543e-07, 3.8233543205259796e-07, 7.9269270191009576e-07, -3.1655533081190884e-07, -6.9396079629686157e-07, 6.9833694752561182e-07, 1.0025159656168601e-06, 5.8485071017641180e-07, -2.7636038679967400e-07, 1.1978296782697858e-06, 1.0000036473472136e+00, -2.0067168012029156e-07, 4.2309857937160029e-07, -2.9644336138903840e-08},
    {-7.2434207103770444e-07, 3.8606843985805395e-08, 9.7556745618781910e-07, -9.6131503973156080e-07, -3.1642368390211920e-07, -6.9480270638172249e-08, 4.0737159064245534e-08, 3.1400811689968455e-07, -1.3021689677724040e-07, 2.5719628068271041e-07, 1.4900249200335368e-07, 7.4191714843694924e-07, 1.3051903004955586e-07, -2.2347803257867080e-07, 1.3261357391781976e-06, 4.5354672281983945e-08, -2.0067168011770959e-07, 1.0000043536007996e+00, 5.6378127940830531e-07, -8.8204697956995379e-07},
    {-9.2919948769798106e-07, -3.1997927289532477e-07, -5.6487849117581184e-07, -5.5520684319293414e-08, -8.8452094075536440e-08, -4.3797455498880556e-07, -8.1255322012078569e-08, -5.1478717861233918e-07, 4.9773873282144051e-09, 1.4180877079628221e-07, 6.6920939286419602e-07, -1.1210530035827399e-06, -6.0042272845972308e-07, -6.3660876308163618e-07, -2.1533767211635519e-07, 1.0571732046246838e-06, 4.2309857939688841e-07, 5.6378127943363711e-07, 1.0000034134539149e+00, 3.8524988680870539e-07},
    {-3.9194643968345115e-07, 2.6511412824100842e-07, -5.1811951155201689e-07, 7.4622600747015120e-07, -1.1002758736932854e-06, -6.2332848291986731e-07, 4.8100164801359263e-07, 2.7093010534180256e-08, -6.9937641684980743e-08, -6.1467529945134435e-07, 4.5875341634451403e-07, -9.0964609588379870e-07, 6.7824764920660327e-07, 3.1783572152503680e-07, 1.8471053521627409e-06, -8.7034137577111964e-07, -2.9644336136824354e-08, -8.8204697957061088e-07, 3.8524988682890887e-07, 1.0000049422064696e+00}
}}};

static constexpr auto result = eigvals(mat);

int main() { return 0; }
