#include "../../consteig.hpp"

using namespace consteig;

static constexpr Matrix<double, 16, 16> mat
{{{
    {2.3872999846935272e-01, 1.5379612147808075e-01, 5.6041920185089111e-01, 5.8168493211269379e-02, -8.6622649431228638e-01, -1.9069340825080872e-01, 4.8142084479331970e-01, -1.6963791847229004e+00, -8.1355285644531250e-01, -7.4685192108154297e-01, 1.7540160659700632e+00, 6.4254164695739746e-01, 1.7639341950416565e-01, -4.8815956711769104e-01, 1.5172447860240936e+00, 2.2127657532691956e+00},
    {3.0461636185646057e-01, 8.5830712318420410e-01, -7.0500791072845459e-01, -9.1444450616836548e-01, 4.6391996741294861e-01, 2.3373293876647949e-01, -9.1989591717720032e-02, -9.0462452173233032e-01, -7.4685192108154297e-01, -4.2481413483619690e-01, -1.4923499822616577e+00, -5.1620453596115112e-02, 7.1136868000030518e-01, 1.8035044670104980e+00, 1.0548278689384460e-01, 2.7642010450363159e+00},
    {-3.8062292337417603e-01, 1.6212233901023865e-01, 6.6045182943344116e-01, -2.2071515023708344e-01, 3.7050241231918335e-01, -3.0530281066894531e+00, -1.3266327381134033e+00, 1.7439286410808563e-01, 1.7540160659700632e+00, -1.4923499822616577e+00, -9.2785412073135376e-01, -1.1816297292607487e+00, -5.4460992664098740e-01, -2.0167301893234253e+00, 2.6028403639793396e-01, 1.3987226784229279e-01},
    {5.7506585121154785e-01, -7.1828359365463257e-01, 1.9553536176681519e-01, -8.3710712194442749e-01, 2.7057582139968872e-01, -1.9905257225036621e+00, -5.0743091106414795e-01, 3.3156108111143112e-02, 6.4254164695739746e-01, -5.1620453596115112e-02, -1.1816297292607487e+00, 1.4516535997390747e+00, 2.0047457218170166e+00, 3.5822540521621704e-01, -4.9770236015319824e-02, -2.4462496638298035e+00},
    {3.9238970726728439e-02, -1.3286586999893188e+00, 1.2576727867126465e+00, -2.6946732401847839e-01, 9.3360161781311035e-01, 4.7721005976200104e-02, 2.1190876960754395e+00, 8.4461677074432373e-01, 1.7639341950416565e-01, 7.1136868000030518e-01, -5.4460992664098740e-01, 2.0047457218170166e+00, -4.8922517895698547e-01, 1.1195720136165619e+00, -2.7702405154705048e+00, -3.0390857905149460e-01},
    {-3.0745655298233032e-01, 2.4335177242755890e-01, 6.8914878368377686e-01, 7.1237057447433472e-01, 7.7144467830657959e-01, -7.7333414554595947e-01, -3.0535964965820312e+00, 3.4828817844390869e-01, -4.8815956711769104e-01, 1.8035044670104980e+00, -2.0167301893234253e+00, 3.5822540521621704e-01, 1.1195720136165619e+00, 1.3667842149734497e+00, 3.7290278077125549e+00, -1.8616675436496735e+00},
    {-2.6915517449378967e-01, -1.1652777194976807e+00, -6.2207728624343872e-01, 3.0873417854309082e-01, 1.4287169277667999e-01, 3.6139145493507385e-01, -1.6510704159736633e-01, -4.3856137990951538e-01, 1.5172447860240936e+00, 1.0548278689384460e-01, 2.6028403639793396e-01, -4.9770236015319824e-02, -2.7702405154705048e+00, 3.7290278077125549e+00, 4.7896575927734375e+00, 1.2468423843383789e+00},
    {-1.1441085338592529e+00, -5.3045320510864258e-01, 1.7711946368217468e-01, -2.0293009281158447e+00, -8.3775913715362549e-01, 1.7535225152969360e+00, -8.1973499059677124e-01, 4.6733252704143524e-02, 2.2127657532691956e+00, 2.7642010450363159e+00, 1.3987226784229279e-01, -2.4462496638298035e+00, -3.0390857905149460e-01, -1.8616675436496735e+00, 1.2468423843383789e+00, -2.1028728485107422e+00},
    {2.7515981197357178e+00, 7.7161902189254761e-01, -1.8690548837184906e+00, -1.5744420886039734e+00, 1.6466912031173706e+00, -2.4099799990653992e-01, 1.7975183725357056e+00, -8.1209218502044678e-01, -2.3872999846935272e-01, -3.0461636185646057e-01, 3.8062292337417603e-01, -5.7506585121154785e-01, -3.9238970726728439e-02, 3.0745655298233032e-01, 2.6915517449378967e-01, 1.1441085338592529e+00},
    {7.7161902189254761e-01, 2.1947922706604004e+00, -2.9558277130126953e+00, 1.4371341019868851e+00, 4.1676514148712158e+00, 6.0742408037185669e-02, 1.6091306805610657e+00, 1.9598299264907837e+00, -1.5379612147808075e-01, -8.5830712318420410e-01, -1.6212233901023865e-01, 7.1828359365463257e-01, 1.3286586999893188e+00, -2.4335177242755890e-01, 1.1652777194976807e+00, 5.3045320510864258e-01},
    {-1.8690548837184906e+00, -2.9558277130126953e+00, 4.0349702835083008e+00, -1.6055857241153717e+00, -1.5992161631584167e+00, 5.9915852546691895e-01, 3.0194545984268188e+00, 5.5876180529594421e-01, -5.6041920185089111e-01, 7.0500791072845459e-01, -6.6045182943344116e-01, -1.9553536176681519e-01, -1.2576727867126465e+00, -6.8914878368377686e-01, 6.2207728624343872e-01, -1.7711946368217468e-01},
    {-1.5744420886039734e+00, 1.4371341019868851e+00, -1.6055857241153717e+00, -9.8431354761123657e-01, 1.0363454222679138e+00, -4.0849566459655762e-01, 2.5910341590642929e+00, -4.1846108436584473e-01, -5.8168493211269379e-02, 9.1444450616836548e-01, 2.2071515023708344e-01, 8.3710712194442749e-01, 2.6946732401847839e-01, -7.1237057447433472e-01, -3.0873417854309082e-01, 2.0293009281158447e+00},
    {1.6466912031173706e+00, 4.1676514148712158e+00, -1.5992161631584167e+00, 1.0363454222679138e+00, -4.5319384336471558e-01, -8.2689373195171356e-01, 2.4284663200378418e+00, 4.9935579299926758e-02, 8.6622649431228638e-01, -4.6391996741294861e-01, -3.7050241231918335e-01, -2.7057582139968872e-01, -9.3360161781311035e-01, -7.7144467830657959e-01, -1.4287169277667999e-01, 8.3775913715362549e-01},
    {-2.4099799990653992e-01, 6.0742408037185669e-02, 5.9915852546691895e-01, -4.0849566459655762e-01, -8.2689373195171356e-01, 1.9188091754913330e+00, -2.5281484425067902e-01, -8.6373138427734375e-01, 1.9069340825080872e-01, -2.3373293876647949e-01, 3.0530281066894531e+00, 1.9905257225036621e+00, -4.7721005976200104e-02, 7.7333414554595947e-01, -3.6139145493507385e-01, -1.7535225152969360e+00},
    {1.7975183725357056e+00, 1.6091306805610657e+00, 3.0194545984268188e+00, 2.5910341590642929e+00, 2.4284663200378418e+00, -2.5281484425067902e-01, 3.7302148342132568e-01, -9.6764068305492401e-01, -4.8142084479331970e-01, 9.1989591717720032e-02, 1.3266327381134033e+00, 5.0743091106414795e-01, -2.1190876960754395e+00, 3.0535964965820312e+00, 1.6510704159736633e-01, 8.1973499059677124e-01},
    {-8.1209218502044678e-01, 1.9598299264907837e+00, 5.5876180529594421e-01, -4.1846108436584473e-01, 4.9935579299926758e-02, -8.6373138427734375e-01, -9.6764068305492401e-01, -2.9520183801651001e-01, 1.6963791847229004e+00, 9.0462452173233032e-01, -1.7439286410808563e-01, -3.3156108111143112e-02, -8.4461677074432373e-01, -3.4828817844390869e-01, 4.3856137990951538e-01, -4.6733252704143524e-02}
}}};

static constexpr auto result = eigvals(mat);

int main() { return 0; }
