#include "../../consteig.hpp"

using namespace consteig;

static constexpr Matrix<double, 8, 8> mat
{{{
    {-1.8407044410705566e+00, -2.7742522954940796e+00, 9.5385867357254028e-01, 1.2241300940513611e+00, 3.2022428512573242e+00, -8.0044627189636230e-02, -6.9668926298618317e-01, -6.2059402465820312e-01},
    {-2.7742522954940796e+00, 3.8544395565986633e-01, 8.7688884139060974e-01, -3.4743379354476929e+00, 2.1597694754600525e+00, -1.3666669130325317e+00, -2.9353983327746391e-01, 3.3336604060605168e-01},
    {9.5385867357254028e-01, 8.7688884139060974e-01, 8.8176435232162476e-01, -2.1378242969512939e-01, -6.3903576135635376e-01, -1.2022096514701843e+00, -2.0062304139137268e+00, -1.2470557093620300e+00},
    {1.2241300940513611e+00, -3.4743379354476929e+00, -2.1378242969512939e-01, -2.2067534923553467e+00, -1.9899189472198486e-01, -8.2705092430114746e-01, -3.5003777593374252e-01, -1.9613003730773926e-01},
    {3.2022428512573242e+00, 2.1597694754600525e+00, -6.3903576135635376e-01, -1.9899189472198486e-01, -1.7539033293724060e-01, -1.4651915803551674e+00, -6.0390108823776245e-01, 9.5340114086866379e-01},
    {-8.0044627189636230e-02, -1.3666669130325317e+00, -1.2022096514701843e+00, -8.2705092430114746e-01, -1.4651915803551674e+00, 1.2792000770568848e+00, -2.1475636959075928e-01, -2.1517109870910645e+00},
    {-6.9668926298618317e-01, -2.9353983327746391e-01, -2.0062304139137268e+00, -3.5003777593374252e-01, -6.0390108823776245e-01, -2.1475636959075928e-01, -4.7264691442251205e-02, 6.7460089921951294e-01},
    {-6.2059402465820312e-01, 3.3336604060605168e-01, -1.2470557093620300e+00, -1.9613003730773926e-01, 9.5340114086866379e-01, -2.1517109870910645e+00, 6.7460089921951294e-01, -3.8641586899757385e-01}
}}};

static constexpr auto result = eigvals(mat);

int main() { return 0; }
