#include "../../consteig.hpp"

using namespace consteig;

static constexpr Matrix<double, 12, 12> mat
{{{
    {1.0000050676651286e+00, 5.3659718186423441e-07, 3.3329457238769909e-08, 8.7040504831240127e-07, -3.6556687938412623e-07, 2.1979385895558085e-06, 5.7855265638465127e-07, -8.7703906272075998e-07, 1.6420307300269392e-06, -1.2351521472416809e-06, -1.5273179639962880e-06, 2.0196437645949018e-08},
    {5.3659718184755908e-07, 1.0000038870771124e+00, 5.8060515054001404e-07, 6.6298304427986313e-07, -4.4936898161072004e-07, -8.2464151001128256e-08, 3.0549151038694740e-07, 2.9422716122679035e-07, -1.1107318940510698e-07, 1.2441059426150429e-07, 4.4006086555527441e-07, 8.6066025894531123e-07},
    {3.3329457231745604e-08, 5.8060515053674619e-07, 1.0000053223078946e+00, -1.2909266898948024e-07, -1.6106523398705384e-06, 4.8066506386491602e-08, -7.3673337527026113e-07, 2.5965457836899874e-07, 1.1418199759200238e-06, 1.0158640539631631e-06, 1.1186587840078250e-07, 1.2136438799357073e-07},
    {8.7040504830830142e-07, 6.6298304420163985e-07, -1.2909266898240797e-07, 1.0000042089908798e+00, 3.5263324730069185e-07, 1.9896743704452501e-07, -5.5994657659827557e-07, -9.2379497684132134e-07, -8.7376573564017840e-07, -2.0601432308775997e-06, 5.9753787938020712e-08, 5.1276842309118744e-08},
    {-3.6556687936633303e-07, -4.4936898163002227e-07, -1.6106523398275767e-06, 3.5263324732270566e-07, 1.0000064571399399e+00, -3.1214243798832078e-07, -1.4960093682154240e-06, 7.8157939876666982e-07, -5.8750508269851002e-08, 3.6747888440045821e-07, -2.9685483243826810e-07, 7.3261595267964911e-07},
    {2.1979385895330949e-06, -8.2464150989098178e-08, 4.8066506393949205e-08, 1.9896743707945223e-07, -3.1214243801797345e-07, 1.0000068021384676e+00, 5.5486576302166824e-07, -9.3873227335430211e-07, -7.6480437070229592e-07, 1.0368830226404876e-06, 7.5686858000477002e-07, 1.3503093855936952e-06},
    {5.7855265638021853e-07, 3.0549151040279047e-07, -7.3673337526878581e-07, -5.5994657661595728e-07, -1.4960093682303238e-06, 5.5486576301005902e-07, 1.0000069710353083e+00, -6.5712738467072563e-07, -1.5967013418921965e-07, -4.0417868432454766e-07, 1.7341381807876736e-06, -4.7361626479794699e-07},
    {-8.7703906270047640e-07, 2.9422716122857304e-07, 2.5965457837571878e-07, -9.2379497683293529e-07, 7.8157939876631153e-07, -9.3873227332060068e-07, -6.5712738468140661e-07, 1.0000058096182149e+00, 1.2192996900340605e-06, -6.5513752004487923e-07, 1.0216818510447130e-06, -7.7590803513669818e-07},
    {1.6420307300215199e-06, -1.1107318942954951e-07, 1.1418199758932402e-06, -8.7376573564916860e-07, -5.8750508278441901e-08, -7.6480437068537061e-07, -1.5967013417452204e-07, 1.2192996900431020e-06, 1.0000029938396926e+00, 2.6732465289250451e-07, -1.7172494020976766e-07, -1.0322751358617126e-06},
    {-1.2351521472414855e-06, 1.2441059423757302e-07, 1.0158640539444183e-06, -2.0601432309419111e-06, 3.6747888440366751e-07, 1.0368830226600676e-06, -4.0417868429851437e-07, -6.5513752004591779e-07, 2.6732465288776589e-07, 1.0000053954126771e+00, -9.7493723149397948e-07, 7.8955396201267786e-07},
    {-1.5273179639930214e-06, 4.4006086554196455e-07, 1.1186587839719413e-07, 5.9753787972923618e-08, -2.9685483243055830e-07, 7.5686857999548527e-07, 1.7341381807738661e-06, 1.0216818510384060e-06, -1.7172494021134714e-07, -9.7493723151133032e-07, 1.0000034489059308e+00, -1.4445792698794197e-06},
    {2.0196437659258910e-08, 8.6066025900323240e-07, 1.2136438797230007e-07, 5.1276842310140961e-08, 7.3261595266810797e-07, 1.3503093856053224e-06, -4.7361626485278719e-07, -7.7590803514195593e-07, -1.0322751358290881e-06, 7.8955396204213692e-07, -1.4445792698932756e-06, 1.0000036358687538e+00}
}}};

static constexpr auto result = eigvals(mat);

int main() { return 0; }
