#include "../../consteig.hpp"

using namespace consteig;

static constexpr Matrix<double, 20, 20> mat
{{{
    {1.0000036583114824e+00, -6.7424999506400607e-07, 6.4220947779505809e-08, -2.0235056816495044e-06, -3.6388357134932505e-07, -1.0190921255092396e-06, 4.9649413942505590e-07, -1.2180019674768292e-06, 4.6220368817323347e-07, 4.5220777851535892e-07, -4.0921100906415679e-08, 5.7330253681526314e-07, 7.3218449676192333e-08, 2.6007331388138217e-07, -5.7802525215097741e-07, -4.2293900705416003e-08, -6.8300313160136278e-07, 2.4286501945348163e-07, 1.4695805739835587e-07, -7.7546050739372467e-09},
    {-6.7424999509096057e-07, 1.0000048416660432e+00, 5.9566861623319110e-08, 3.3001251591385844e-07, 1.9369654807689730e-07, 5.0010963861498849e-07, -9.3881532534314598e-07, -5.0782439614132397e-07, -4.9833461206178101e-08, -1.2724357130462939e-06, -1.2313334820614079e-06, -5.4190193181508431e-07, 6.6962104640767528e-07, -2.1779759053133056e-07, 5.7360115194605210e-07, -3.0979003534005879e-07, -3.2652197846671438e-07, 3.7467139034847001e-07, -3.5461026258281420e-08, -6.2318868336402538e-09},
    {6.4220947802317412e-08, 5.9566861614443224e-08, 1.0000066290146352e+00, 5.9099531287464037e-07, 2.6269538316955193e-07, -7.6860677657178806e-08, 2.4910299664624399e-07, -6.8074980234528761e-07, -6.6241543906054221e-07, -6.2664523686000075e-07, -7.4695872112903920e-07, 8.0786750182586184e-08, -1.7868286006935198e-06, -2.8912845402323925e-07, 6.5256843977330834e-08, 1.6138736604486391e-07, 8.2185668764325061e-07, -3.7552714957729780e-07, -1.3892598799240065e-07, -7.3710307510855488e-08},
    {-2.0235056816285323e-06, 3.3001251589151355e-07, 5.9099531286428730e-07, 1.0000057658433872e+00, -9.1437039100222393e-07, -2.0426863562955008e-07, 4.7118172957247324e-07, -1.6269353137112279e-08, 7.8531088380995292e-07, -2.1198948562983072e-07, 3.2541105189818119e-07, 8.6090673814707581e-07, -1.6710674565542485e-07, 7.5307178717325781e-07, -8.8306262122102075e-07, 5.8912467085927355e-07, 7.3310289811108715e-07, -1.8998346623725416e-08, -6.4031907056146264e-07, 1.3040956467509266e-07},
    {-3.6388357134225148e-07, 1.9369654808083018e-07, 2.6269538316204643e-07, -9.1437039102891087e-07, 1.0000052753087489e+00, 1.1593617166236921e-06, -5.3317824186700110e-07, -1.5977020513424331e-06, -7.5908869407912826e-07, 4.9580415424508084e-07, 3.6030507132822060e-07, -7.9975819832202823e-08, -2.2320519303349878e-07, -7.2174313723121723e-07, 2.9156079138791415e-07, 6.2702096948153117e-07, -2.0090727089442408e-07, -3.1872501152473411e-07, 3.4042080143593590e-07, -6.5744270798976008e-07},
    {-1.0190921255123537e-06, 5.0010963865188461e-07, -7.6860677671048745e-08, -2.0426863562476710e-07, 1.1593617166356346e-06, 1.0000057499470358e+00, 1.5604908342582345e-07, 1.0427212160068109e-06, -6.9691381912118690e-07, 2.5619184058386243e-07, -3.1305678633916016e-07, 5.0964273070292253e-07, 1.6255993549969797e-09, -1.3477376716110351e-07, 6.8030463104261927e-08, 2.4290991239979944e-07, -3.1480209363336609e-07, 1.2466504952331123e-07, 7.5949629866387775e-07, 1.5431607885634113e-07},
    {4.9649413943215976e-07, -9.3881532534306732e-07, 2.4910299665705091e-07, 4.7118172958407854e-07, -5.3317824189376321e-07, 1.5604908344738068e-07, 1.0000046673239977e+00, 8.2448162315298362e-07, -6.0183888631375956e-07, 2.3243167217671095e-07, -7.1263052546017208e-07, -2.7803305322218793e-07, 7.5658463232249195e-07, 1.2708095881966965e-06, 5.6498469664483809e-08, 8.4561327009766572e-07, 8.4222183672248911e-07, -9.7156176712810680e-07, 4.1110109021615021e-07, -7.6060128251887477e-07},
    {-1.2180019674915826e-06, -5.0782439612940590e-07, -6.8074980233553402e-07, -1.6269353107493588e-08, -1.5977020513445727e-06, 1.0427212160111424e-06, 8.2448162315682153e-07, 1.0000056305021880e+00, -5.8119144115760384e-07, -3.7082482386569674e-07, -1.2802266964973414e-08, 1.1530161297155696e-06, 7.1512336680626599e-07, 4.6291402928156689e-07, 1.3939973123049972e-06, -3.3265870396691100e-07, -1.4284240902583307e-06, -5.3072282905216883e-07, 2.7175407818389732e-07, 5.5544163997213566e-07},
    {4.6220368817022189e-07, -4.9833461163677965e-08, -6.6241543902688609e-07, 7.8531088378853199e-07, -7.5908869407421907e-07, -6.9691381914342237e-07, -6.0183888629108714e-07, -5.8119144112499529e-07, 1.0000034143326786e+00, -3.9394725408624553e-07, 4.6975782115669287e-07, -8.1912429017809296e-07, -1.0589722881000293e-06, 5.8753183084565211e-07, -6.9392382277819919e-07, -2.2604727511999318e-07, -3.9247942852539179e-07, -1.2348321575359799e-06, 1.3036869723688927e-06, 3.3523535480985155e-07},
    {4.5220777849739615e-07, -1.2724357129711261e-06, -6.2664523689556756e-07, -2.1198948562122489e-07, 4.9580415422925626e-07, 2.5619184056839338e-07, 2.3243167215805029e-07, -3.7082482387669774e-07, -3.9394725408628332e-07, 1.0000048179103158e+00, 7.4492815246150633e-07, 1.2023688536979186e-06, -3.0628592335309887e-07, 8.5634620693387322e-08, 5.1777841059141870e-07, -1.2567870917875354e-07, -4.5464817722617481e-07, 9.7095450934923141e-07, -6.4383572897253230e-07, -6.9008797551164122e-07},
    {-4.0921100922272844e-08, -1.2313334820671853e-06, -7.4695872113464052e-07, 3.2541105188054734e-07, 3.6030507136236931e-07, -3.1305678635515955e-07, -7.1263052540352453e-07, -1.2802266965312519e-08, 4.6975782114704474e-07, 7.4492815251597521e-07, 1.0000056634432941e+00, 9.4786262067783345e-08, 8.8848753408463663e-07, 4.5371095651825804e-07, -1.2313323253296261e-06, -4.5633260908295322e-07, 7.0718089844186208e-07, 7.0716674326754228e-07, -1.4309319711141302e-06, 3.0536538291037224e-07},
    {5.7330253683288429e-07, -5.4190193184272035e-07, 8.0786750177242042e-08, 8.6090673817193506e-07, -7.9975819844408700e-08, 5.0964273071115008e-07, -2.7803305323603819e-07, 1.1530161297090519e-06, -8.1912429014758177e-07, 1.2023688536387252e-06, 9.4786262065856014e-08, 1.0000048392005092e+00, 7.1133768446613227e-07, 1.0796929018481637e-07, 2.9081994646209674e-08, -5.0471323865137688e-07, -8.5437282328773404e-07, 1.1112905145332745e-06, -8.3754489661085522e-07, -8.7480193187709339e-07},
    {7.3218449683250486e-08, 6.6962104642821901e-07, -1.7868286006475643e-06, -1.6710674563012786e-07, -2.2320519299047737e-07, 1.6255993711769865e-09, 7.5658463233719062e-07, 7.1512336682689166e-07, -1.0589722881243408e-06, -3.0628592338547517e-07, 8.8848753409647593e-07, 7.1133768443971966e-07, 1.0000054812018098e+00, 1.3454571851392943e-07, 8.0875471442604099e-07, -5.9129028778703112e-07, 7.9279754460545168e-07, -8.2877147427120148e-08, -6.3133053173623479e-07, 4.6408213305515499e-07},
    {2.6007331386182635e-07, -2.1779759050532482e-07, -2.8912845403570837e-07, 7.5307178716795253e-07, -7.2174313725365270e-07, -1.3477376718225279e-07, 1.2708095881939130e-06, 4.6291402926701031e-07, 5.8753183086413787e-07, 8.5634620659540626e-08, 4.5371095654839664e-07, 1.0796929015222946e-07, 1.3454571850564484e-07, 1.0000067738954828e+00, 5.0990572350827121e-07, -2.2866274986396474e-07, -3.1707870211589537e-07, -1.0245556064048504e-06, 1.1059871327511082e-06, -9.1939187641903906e-07},
    {-5.7802525217785429e-07, 5.7360115195831407e-07, 6.5256843966404479e-08, -8.8306262127714801e-07, 2.9156079138521281e-07, 6.8030463117297473e-08, 5.6498469646672473e-08, 1.3939973123367152e-06, -6.9392382273659854e-07, 5.1777841057751423e-07, -1.2313323253490041e-06, 2.9081994665219724e-08, 8.0875471444634956e-07, 5.0990572352373518e-07, 1.0000049417469157e+00, -7.8492259037966048e-07, 1.1778660713749652e-06, 3.0714131571644311e-07, -9.5478217761343411e-08, -1.0409032003687859e-07},
    {-4.2293900692066148e-08, -3.0979003534073419e-07, 1.6138736600363384e-07, 5.8912467085574185e-07, 6.2702096948615173e-07, 2.4290991239102587e-07, 8.4561327012647564e-07, -3.3265870396022622e-07, -2.2604727512570041e-07, -1.2567870921048300e-07, -4.5633260906353361e-07, -5.0471323864953850e-07, -5.9129028779752036e-07, -2.2866274989256949e-07, -7.8492259037551447e-07, 1.0000038612215774e+00, -2.6013056393440756e-08, 1.4661354317116982e-07, 9.5678744888814294e-07, 1.0807986668198852e-06},
    {-6.8300313158515428e-07, -3.2652197847314876e-07, 8.2185668761882261e-07, 7.3310289811933185e-07, -2.0090727091293109e-07, -3.1480209366282367e-07, 8.4222183671960062e-07, -1.4284240902689796e-06, -3.9247942851602530e-07, -4.5464817719183678e-07, 7.0718089844460414e-07, -8.5437282330060195e-07, 7.9279754463844668e-07, -3.1707870213338051e-07, 1.1778660713352603e-06, -2.6013056423056069e-08, 1.0000043058130346e+00, 6.4387490699610483e-07, -4.3246382882383024e-07, 4.1151554137528002e-08},
    {2.4286501944010332e-07, 3.7467139034371143e-07, -3.7552714959471894e-07, -1.8998346625451924e-08, -3.1872501154224133e-07, 1.2466504951953439e-07, -9.7156176718992221e-07, -5.3072282904845121e-07, -1.2348321575380790e-06, 9.7095450935304221e-07, 7.0716674330218042e-07, 1.1112905145675072e-06, -8.2877147420684100e-08, -1.0245556064446747e-06, 3.0714131572498793e-07, 1.4661354316420766e-07, 6.4387490700541425e-07, 1.0000041243050073e+00, 1.0368137919070291e-06, 8.1942273808902969e-08},
    {1.4695805734984732e-07, -3.5461026252852249e-08, -1.3892598798925803e-07, -6.4031907054704614e-07, 3.4042080142898531e-07, 7.5949629866485586e-07, 4.1110109021913532e-07, 2.7175407819192454e-07, 1.3036869723837844e-06, -6.4383572897155790e-07, -1.4309319711450760e-06, -8.3754489666024222e-07, -6.3133053174384072e-07, 1.1059871327831764e-06, -9.5478217756521676e-08, 9.5678744887887724e-07, -4.3246382878422674e-07, 1.0368137918958338e-06, 1.0000049448479211e+00, -8.0300901768766674e-07},
    {-7.7546050600938414e-09, -6.2318868293218929e-09, -7.3710307518934965e-08, 1.3040956466787306e-07, -6.5744270798909558e-07, 1.5431607885229472e-07, -7.6060128247116479e-07, 5.5544163996943881e-07, 3.3523535484379025e-07, -6.9008797552422146e-07, 3.0536538290886674e-07, -8.7480193191871257e-07, 4.6408213306226864e-07, -9.1939187642304945e-07, -1.0409032004408518e-07, 1.0807986668287622e-06, 4.1151554115956607e-08, 8.1942273818874691e-08, -8.0300901769470452e-07, 1.0000046141639389e+00}
}}};

static constexpr auto result = eigvals(mat);

int main() { return 0; }
