#include "../../consteig.hpp"

using namespace consteig;

static constexpr Matrix<double, 18, 18> mat
{{{
    {-8.9556999504566193e-02, 1.6330432891845703e+00, -3.4356221556663513e-02, -2.0405788421630859e+00, 5.6827872991561890e-01, -5.4009091854095459e-01, 6.7844879627227783e-01, 1.7438091337680817e-01, 1.5053398609161377e+00, 1.7130045890808105e+00, -3.7344114780426025e+00, 1.4814519882202148e-01, -1.1479923427104950e+00, -2.4198511242866516e-01, -2.4626204967498779e+00, 1.2254858016967773e-01, -2.4352414608001709e+00, 1.2146890163421631e-02},
    {-7.7986963093280792e-02, -6.9333738088607788e-01, -1.6602841615676880e+00, 2.0352985858917236e+00, -1.0288963317871094e+00, -1.0198676586151123e-01, -1.3306374847888947e-01, -3.6772438883781433e-01, 9.3362945318222046e-01, -3.7344114780426025e+00, -6.9865769147872925e-01, -7.0122250914573669e-01, 2.3565590381622314e-03, 2.0382934212684631e+00, 1.1957392082549632e+00, 1.2829177435487509e+00, 2.4529782608151436e+00, -4.5734247565269470e-01},
    {-1.3748065233230591e+00, -1.5023562908172607e+00, 2.3196692764759064e-01, -2.0082302093505859e+00, 4.9609142541885376e-01, -2.5432592630386353e-01, -1.6580455303192139e+00, -8.7661194801330566e-01, 1.2754184007644653e+00, 1.4814519882202148e-01, -7.0122250914573669e-01, -1.8218528032302856e+00, -9.4729781150817871e-01, 1.1838018894195557e-02, -6.9334222190082073e-01, -1.1487659215927124e+00, 8.2859453558921814e-01, 8.0858804285526276e-02},
    {-3.4913429617881775e-01, 4.9518486857414246e-01, 2.0368932187557220e-01, 1.2476361989974976e+00, -6.8030983209609985e-02, -1.8874145746231079e+00, -1.2708976268768311e+00, 5.6927405297756195e-02, 3.9656722545623779e-01, -1.1479923427104950e+00, 2.3565590381622314e-03, -9.4729781150817871e-01, 7.0768937468528748e-02, -4.0555053949356079e-01, 2.8193382024765015e+00, 2.1174710392951965e+00, -3.2047012448310852e-01, 3.2726155519485474e+00},
    {-1.0466028451919556e+00, -1.1922437697649002e-01, -5.1397681236267090e-01, -2.2491864860057831e-01, 2.7411514520645142e-01, 1.5723564624786377e+00, 1.9556916952133179e+00, 1.2671999931335449e+00, 4.5305979251861572e-01, -2.4198511242866516e-01, 2.0382934212684631e+00, 1.1838018894195557e-02, -4.0555053949356079e-01, 2.0162221789360046e-01, 2.7073259353637695e+00, 6.3936085253953934e-01, -4.3244516849517822e-01, 7.2488249838352203e-01},
    {-1.0389290750026703e-01, -8.9220267534255981e-01, -1.0110039710998535e+00, -8.5349309444427490e-01, 2.0504469871520996e+00, -2.4786102771759033e-01, -6.3770931959152222e-01, 8.5667991638183594e-01, 1.6348187625408173e-01, -2.4626204967498779e+00, 1.1957392082549632e+00, -6.9334222190082073e-01, 2.8193382024765015e+00, 2.7073259353637695e+00, -2.5609412193298340e+00, 3.4173017740249634e-01, 1.8052190169692039e-01, 6.2938842177391052e-01},
    {1.3928596973419189e+00, 9.6822893619537354e-01, -1.2912414073944092e+00, 4.7254288196563721e-01, 7.4873059988021851e-01, 7.0992040634155273e-01, 1.1835350990295410e+00, -1.6086353361606598e-01, -1.7275851964950562e-01, 1.2254858016967773e-01, 1.2829177435487509e+00, -1.1487659215927124e+00, 2.1174710392951965e+00, 6.3936085253953934e-01, 3.4173017740249634e-01, -4.3067913055419922e+00, -2.4623149782419205e+00, -2.3986756801605225e+00},
    {-1.1175318062305450e-01, -7.2024148702621460e-01, -5.6435966491699219e-01, 2.7292641997337341e-01, -2.3737354576587677e-01, 7.1124047040939331e-01, 4.4809901714324951e-01, 4.2366370558738708e-01, -9.6981281042098999e-01, -2.4352414608001709e+00, 2.4529782608151436e+00, 8.2859453558921814e-01, -3.2047012448310852e-01, -4.3244516849517822e-01, 1.8052190169692039e-01, -2.4623149782419205e+00, -3.7305083870887756e-01, 9.4901201128959656e-01},
    {-1.5691536664962769e+00, -1.2529232501983643e+00, -2.0563313364982605e-01, -1.7030752897262573e+00, -1.7827367782592773e+00, -1.2979314487893134e-04, -6.8367940187454224e-01, -1.0772848129272461e+00, -1.0640877485275269e+00, 1.2146890163421631e-02, -4.5734247565269470e-01, 8.0858804285526276e-02, 3.2726155519485474e+00, 7.2488249838352203e-01, 6.2938842177391052e-01, -2.3986756801605225e+00, 9.4901201128959656e-01, -3.8415853977203369e+00},
    {-2.1807866096496582e+00, -6.7832022905349731e-03, 1.7958143353462219e+00, 2.2668298184871674e+00, -1.2328520491719246e+00, 1.2868489399552345e+00, -1.5044379532337189e+00, 7.0510999858379364e-01, -2.0262344181537628e-01, 8.9556999504566193e-02, 7.7986963093280792e-02, 1.3748065233230591e+00, 3.4913429617881775e-01, 1.0466028451919556e+00, 1.0389290750026703e-01, -1.3928596973419189e+00, 1.1175318062305450e-01, 1.5691536664962769e+00},
    {-6.7832022905349731e-03, 1.1005022525787354e+00, -2.5036292672157288e+00, -8.4758225083351135e-01, -1.1456909775733948e+00, 4.8636510372161865e+00, 2.2842466831207275e-01, 3.2580250799655914e+00, 2.2902415394783020e+00, -1.6330432891845703e+00, 6.9333738088607788e-01, 1.5023562908172607e+00, -4.9518486857414246e-01, 1.1922437697649002e-01, 8.9220267534255981e-01, -9.6822893619537354e-01, 7.2024148702621460e-01, 1.2529232501983643e+00},
    {1.7958143353462219e+00, -2.5036292672157288e+00, 9.0321290493011475e-01, -8.5001239180564880e-01, 3.1793516874313354e+00, -1.7230093665421009e-01, 2.3066170215606689e+00, -1.3219523131847382e+00, -5.7042685151100159e-01, 3.4356221556663513e-02, 1.6602841615676880e+00, -2.3196692764759064e-01, -2.0368932187557220e-01, 5.1397681236267090e-01, 1.0110039710998535e+00, 1.2912414073944092e+00, 5.6435966491699219e-01, 2.0563313364982605e-01},
    {2.2668298184871674e+00, -8.4758225083351135e-01, -8.5001239180564880e-01, 1.2861748933792114e+00, 5.4131518304347992e-01, -2.4711613059043884e+00, -2.8717017173767090e-01, -4.3418127298355103e-01, 6.7595502734184265e-01, 2.0405788421630859e+00, -2.0352985858917236e+00, 2.0082302093505859e+00, -1.2476361989974976e+00, 2.2491864860057831e-01, 8.5349309444427490e-01, -4.7254288196563721e-01, -2.7292641997337341e-01, 1.7030752897262573e+00},
    {-1.2328520491719246e+00, -1.1456909775733948e+00, 3.1793516874313354e+00, 5.4131518304347992e-01, 1.7100099325180054e+00, 1.4729582667350769e+00, -2.3688598871231079e+00, 1.7423466444015503e+00, -3.9920089952647686e-01, -5.6827872991561890e-01, 1.0288963317871094e+00, -4.9609142541885376e-01, 6.8030983209609985e-02, -2.7411514520645142e-01, -2.0504469871520996e+00, -7.4873059988021851e-01, 2.3737354576587677e-01, 1.7827367782592773e+00},
    {1.2868489399552345e+00, 4.8636510372161865e+00, -1.7230093665421009e-01, -2.4711613059043884e+00, 1.4729582667350769e+00, 5.3565585613250732e-01, -4.4861930608749390e-01, 1.1047376096248627e+00, 7.9307854175567627e-02, 5.4009091854095459e-01, 1.0198676586151123e-01, 2.5432592630386353e-01, 1.8874145746231079e+00, -1.5723564624786377e+00, 2.4786102771759033e-01, -7.0992040634155273e-01, -7.1124047040939331e-01, 1.2979314487893134e-04},
    {-1.5044379532337189e+00, 2.2842466831207275e-01, 2.3066170215606689e+00, -2.8717017173767090e-01, -2.3688598871231079e+00, -4.4861930608749390e-01, -1.6563914716243744e-01, -2.6252889633178711e+00, -1.3618069589138031e+00, -6.7844879627227783e-01, 1.3306374847888947e-01, 1.6580455303192139e+00, 1.2708976268768311e+00, -1.9556916952133179e+00, 6.3770931959152222e-01, -1.1835350990295410e+00, -4.4809901714324951e-01, 6.8367940187454224e-01},
    {7.0510999858379364e-01, 3.2580250799655914e+00, -1.3219523131847382e+00, -4.3418127298355103e-01, 1.7423466444015503e+00, 1.1047376096248627e+00, -2.6252889633178711e+00, 7.1477109193801880e-01, 8.6988142132759094e-01, -1.7438091337680817e-01, 3.6772438883781433e-01, 8.7661194801330566e-01, -5.6927405297756195e-02, -1.2671999931335449e+00, -8.5667991638183594e-01, 1.6086353361606598e-01, -4.2366370558738708e-01, 1.0772848129272461e+00},
    {-2.0262344181537628e-01, 2.2902415394783020e+00, -5.7042685151100159e-01, 6.7595502734184265e-01, -3.9920089952647686e-01, 7.9307854175567627e-02, -1.3618069589138031e+00, 8.6988142132759094e-01, -1.0525747537612915e+00, -1.5053398609161377e+00, -9.3362945318222046e-01, -1.2754184007644653e+00, -3.9656722545623779e-01, -4.5305979251861572e-01, -1.6348187625408173e-01, 1.7275851964950562e-01, 9.6981281042098999e-01, 1.0640877485275269e+00}
}}};

static constexpr auto result = eigvals(mat);

int main() { return 0; }
