#include "../../consteig.hpp"

using namespace consteig;

static constexpr Matrix<double, 12, 12> mat
{{{
    {1.0000000000000000e+00, 2.6406717631371229e-16, 2.3624549463153625e-16, -1.0712468698224235e-17, 1.8851061382020055e-16, 2.2835279720357037e-16, -1.7284059460172501e-16, -2.2749559854213678e-16, -3.3627076317826532e-16, 1.8310358715371413e-16, 1.5043447068902380e-16, -1.1307284610436273e-16},
    {2.6406717631371229e-16, 9.9999999999999956e-01, 2.1386425118065238e-16, -2.1815353968430105e-16, -1.2680307547332783e-17, -9.4697550025407352e-18, 1.1695182015907812e-16, 1.5486757983118518e-16, -1.0468100757430314e-16, 4.0219911009691516e-17, 1.6340531514717165e-16, 7.9186240891122322e-17},
    {2.3624549463153625e-16, 2.1386425118065238e-16, 1.0000000000000002e+00, 2.9337177345645962e-18, 2.2402632922138618e-16, 2.0480657630091362e-16, -1.2055041988108083e-16, -3.3445969442777042e-17, 1.5763986224308877e-18, 4.2466873922857826e-18, 1.1473641338320270e-16, -2.2375530016028196e-16},
    {-1.0712468698224235e-17, -2.1815353968430105e-16, 2.9337177345645962e-18, 9.9999999999999989e-01, -1.4244953514311756e-17, -4.5718513899751749e-17, -1.2026866210405508e-17, 2.4229440142081544e-17, 8.2116198430209999e-17, -9.1410025783688244e-17, 6.9968638720771253e-17, 1.5839936293067399e-16},
    {1.8851061382020055e-16, -1.2680307547332783e-17, 2.2402632922138618e-16, -1.4244953514311756e-17, 1.0000000000000002e+00, 3.5552418609170100e-17, -7.0127027361256855e-17, -1.3992569201861060e-16, -1.1804217273993544e-16, -1.5702466926206487e-17, 1.6535481077297578e-17, -6.2378498456862050e-17},
    {2.2835279720357037e-16, -9.4697550025407352e-18, 2.0480657630091362e-16, -4.5718513899751749e-17, 3.5552418609170100e-17, 1.0000000000000000e+00, 6.6432267049045759e-18, 9.7155151944269440e-17, 9.0484408277700336e-17, -2.4525265153828955e-18, 8.8293720198616166e-17, -1.9995152908164368e-16},
    {-1.7284059460172501e-16, 1.1695182015907812e-16, -1.2055041988108083e-16, -1.2026866210405508e-17, -7.0127027361256855e-17, 6.6432267049045759e-18, 1.0000000000000000e+00, 4.0705714033382011e-17, 1.7617727871367873e-16, -5.3286946206833174e-17, 9.5925448600312386e-18, 9.9480968974180552e-17},
    {-2.2749559854213678e-16, 1.5486757983118518e-16, -3.3445969442777042e-17, 2.4229440142081544e-17, -1.3992569201861060e-16, 9.7155151944269440e-17, 4.0705714033382011e-17, 1.0000000000000000e+00, 7.3872682469311736e-17, 1.2195768735290462e-17, 6.6389775076001358e-17, -5.3023170913378839e-17},
    {-3.3627076317826532e-16, -1.0468100757430314e-16, 1.5763986224308877e-18, 8.2116198430209999e-17, -1.1804217273993544e-16, 9.0484408277700336e-17, 1.7617727871367873e-16, 7.3872682469311736e-17, 1.0000000000000002e+00, -3.6520157197005807e-17, -1.2935113563246488e-16, 4.7826552444382555e-17},
    {1.8310358715371413e-16, 4.0219911009691516e-17, 4.2466873922857826e-18, -9.1410025783688244e-17, -1.5702466926206487e-17, -2.4525265153828955e-18, -5.3286946206833174e-17, 1.2195768735290462e-17, -3.6520157197005807e-17, 1.0000000000000000e+00, 2.6160851561207338e-16, 1.3021526420218088e-16},
    {1.5043447068902380e-16, 1.6340531514717165e-16, 1.1473641338320270e-16, 6.9968638720771253e-17, 1.6535481077297578e-17, 8.8293720198616166e-17, 9.5925448600312386e-18, 6.6389775076001358e-17, -1.2935113563246488e-16, 2.6160851561207338e-16, 1.0000000000000002e+00, -1.0449306180284079e-16},
    {-1.1307284610436273e-16, 7.9186240891122322e-17, -2.2375530016028196e-16, 1.5839936293067399e-16, -6.2378498456862050e-17, -1.9995152908164368e-16, 9.9480968974180552e-17, -5.3023170913378839e-17, 4.7826552444382555e-17, 1.3021526420218088e-16, -1.0449306180284079e-16, 1.0000000000000002e+00}
}}};

static constexpr auto result = eigvals(mat);

int main() { return 0; }
