#include "../../consteig.hpp"

using namespace consteig;

static constexpr Matrix<double, 18, 18> mat
{{{
    {1.0000039689559381e+00, 3.8768904043865111e-07, -6.2012543266906691e-07, -3.3600417071278413e-07, 4.5889972977897685e-08, -3.0050978547384209e-07, -1.3686924315888137e-07, 4.7778784258252208e-07, 3.0373105015018998e-07, 5.3020829734661991e-07, 1.6527951545711307e-06, 6.4349038788312230e-07, 3.1147596527131790e-07, -2.3890098361596513e-07, 2.1702609433753061e-07, 5.5932007122625357e-07, -8.8551469090320697e-07, -7.7639478406404778e-07},
    {3.8768904045072334e-07, 1.0000050362570718e+00, 3.3325312888279787e-07, -8.0911568037958430e-07, 3.4682542984658712e-07, 7.7012133230276253e-07, 3.5569106614764754e-08, -3.0221323890757129e-07, -6.6123630533345093e-07, 2.5513648899815645e-07, 1.3662672653766068e-07, 4.5786064466257062e-07, -4.3436832026400151e-08, 7.2047022225066320e-07, 7.4189743697852291e-07, -1.5476006210585906e-07, -7.9634832507446390e-07, 7.7435848603373692e-07},
    {-6.2012543265796104e-07, 3.3325312888634228e-07, 1.0000039175822446e+00, -6.9800482242151456e-07, -5.8932578457988951e-07, -1.3535799763658634e-06, 9.4583162807223505e-07, -1.0804448569182351e-07, 3.0983657968938768e-07, 5.7609485943319644e-07, -1.1121875155865909e-06, -9.7746143370324267e-07, -3.1152428162959153e-07, -2.1141631774240469e-07, 1.1542363484953221e-07, -4.7091370275784467e-07, 3.9378235916744449e-07, -1.6170504919768033e-07},
    {-3.3600417070906142e-07, -8.0911568037831089e-07, -6.9800482242813000e-07, 1.0000056152480175e+00, -1.6667079722595435e-07, 3.6274444914490216e-07, 1.8344825568689622e-06, 2.8876629029721127e-08, -3.0086442011349601e-07, -5.1815286111580673e-07, -1.7376205548440184e-07, 4.7815043932843955e-08, 1.6715539139206765e-07, -7.2788205426857834e-07, -3.3199906577233253e-07, -6.5694732635391160e-07, 9.9446720702132841e-07, 9.3853644269785228e-07},
    {4.5889972974161443e-08, 3.4682542988373470e-07, -5.8932578456408440e-07, -1.6667079722610221e-07, 1.0000069651605312e+00, 2.0854853360864026e-07, 9.5748032273990649e-07, 9.0444453277318654e-07, -8.1251224655031896e-08, 6.3740033966131779e-07, -5.2456397979210076e-07, 2.0746873913560066e-08, 8.0841813047642827e-07, -1.6786399667626325e-06, -3.2621228846873818e-07, -7.3267338565541165e-07, -5.7365115604713639e-07, 1.8459091736951643e-07},
    {-3.0050978548644451e-07, 7.7012133229943560e-07, -1.3535799763399868e-06, 3.6274444917126130e-07, 2.0854853358637722e-07, 1.0000050878526789e+00, -1.4797838036357770e-06, 1.3256086976811894e-06, -6.6482659801090851e-07, 3.4101980223841996e-07, -1.0945369891395958e-06, -6.2678209866342071e-07, -8.0297673801971203e-07, 6.8633771249214610e-08, -9.8240909094116314e-07, -1.2884348921607151e-06, -6.1152187764566584e-07, -2.3627693790655920e-08},
    {-1.3686924315597917e-07, 3.5569106644518361e-08, 9.4583162810696054e-07, 1.8344825568957494e-06, 9.5748032276190754e-07, -1.4797838036490894e-06, 1.0000055335816327e+00, 6.0671693334494396e-07, 1.3730759942037803e-07, 4.6076432214309029e-07, -7.6693119777097129e-07, 4.6206400079323699e-07, 9.2608335498654029e-08, 4.9952192443749724e-07, 3.4518848661358452e-07, -5.5065802022459709e-07, 1.1029105881252714e-06, -7.5339415244190400e-07},
    {4.7778784255347933e-07, -3.0221323894491634e-07, -1.0804448568081418e-07, 2.8876629015564669e-08, 9.0444453279955669e-07, 1.3256086977255413e-06, 6.0671693333977717e-07, 1.0000023856341564e+00, 1.3050489228453344e-06, 9.2174243119098335e-07, -1.0043401035784616e-06, -2.1651707434464014e-07, -4.4643275464173036e-07, 1.9018206295038660e-07, 4.6377930004884256e-07, -2.9443414275681908e-07, -4.6353005700855722e-07, -1.6574821806255548e-07},
    {3.0373105016636921e-07, -6.6123630532977915e-07, 3.0983657965876331e-07, -3.0086442012647536e-07, -8.1251224658239953e-08, -6.6482659802060990e-07, 1.3730759941394191e-07, 1.3050489228455358e-06, 1.0000056081793762e+00, -3.5661788712039105e-07, -4.1733168419932238e-07, -1.6523597495688856e-07, 4.1285878772171760e-07, 6.9054543329221552e-07, 1.4756326948276288e-06, 4.4086695354367695e-07, -1.7142675624028486e-06, -2.4504880700576782e-07},
    {5.3020829736690931e-07, 2.5513648901200517e-07, 5.7609485946032478e-07, -5.1815286111907999e-07, 6.3740033966928593e-07, 3.4101980222329264e-07, 4.6076432215477596e-07, 9.2174243117048430e-07, -3.5661788710814248e-07, 1.0000060764398186e+00, 3.4141033227281467e-07, -8.9882511198196742e-07, 1.0334133345706728e-06, -1.0697137927503858e-06, 7.5709752214361640e-08, -8.0600365123561661e-07, -4.8810368625550787e-07, 4.3675676774550898e-07},
    {1.6527951546240577e-06, 1.3662672653382638e-07, -1.1121875155795900e-06, -1.7376205548249067e-07, -5.2456397978068646e-07, -1.0945369891540574e-06, -7.6693119782611314e-07, -1.0043401035609799e-06, -4.1733168421915862e-07, 3.4141033224198071e-07, 1.0000068341050077e+00, -5.5837811185040449e-07, -1.1325578545855492e-06, 1.1052424342429415e-07, 5.5448054213241802e-07, -1.6980288430073220e-07, 1.0582037917493642e-07, 6.8820164258958963e-07},
    {6.4349038787661306e-07, 4.5786064466761274e-07, -9.7746143373093239e-07, 4.7815043944309512e-08, 2.0746873919888626e-08, -6.2678209867748474e-07, 4.6206400078312770e-07, -2.1651707437731375e-07, -1.6523597492859364e-07, -8.9882511195559420e-07, -5.5837811187834726e-07, 1.0000039455554637e+00, -2.3380404932890925e-06, 6.3517756357303939e-07, 2.2442905946412104e-07, 3.5267009187032042e-08, -1.0770550007905391e-07, -2.7476927655530192e-07},
    {3.1147596526431807e-07, -4.3436832026607846e-08, -3.1152428167525651e-07, 1.6715539136910171e-07, 8.0841813046336702e-07, -8.0297673800036442e-07, 9.2608335469009318e-08, -4.4643275464620736e-07, 4.1285878771719280e-07, 1.0334133345275190e-06, -1.1325578545826403e-06, -2.3380404932876936e-06, 1.0000047529447469e+00, 1.0487735514197118e-07, 3.8813632699706699e-07, 5.4957564889781582e-07, 1.0618008835578635e-07, -6.6325036668787269e-08},
    {-2.3890098362861901e-07, 7.2047022223951943e-07, -2.1141631772379077e-07, -7.2788205428528659e-07, -1.6786399667590396e-06, 6.8633771246909582e-08, 4.9952192440146318e-07, 1.9018206297198716e-07, 6.9054543329779439e-07, -1.0697137927286050e-06, 1.1052424341330392e-07, 6.3517756358163815e-07, 1.0487735511693459e-07, 1.0000043823373261e+00, -3.2395012085577173e-07, -2.3063426917773903e-07, 4.4100896472522061e-07, -9.7935519503874304e-08},
    {2.1702609434809859e-07, 7.4189743697701773e-07, 1.1542363487443891e-07, -3.3199906577081507e-07, -3.2621228847698511e-07, -9.8240909095333881e-07, 3.4518848662995391e-07, 4.6377930007183188e-07, 1.4756326948652498e-06, 7.5709752226622945e-08, 5.5448054210306293e-07, 2.2442905945550100e-07, 3.8813632700505175e-07, -3.2395012086927603e-07, 1.0000041835510975e+00, -4.0376069464328302e-07, -1.1274066892282703e-06, 4.6651177562150047e-07},
    {5.5932007120682856e-07, -1.5476006211705228e-07, -4.7091370277560103e-07, -6.5694732635273983e-07, -7.3267338567637350e-07, -1.2884348921630030e-06, -5.5065802019795345e-07, -2.9443414276887247e-07, 4.4086695353738212e-07, -8.0600365121427255e-07, -1.6980288431196849e-07, 3.5267009202485774e-08, 5.4957564889306163e-07, -2.3063426916474843e-07, -4.0376069466621766e-07, 1.0000059748581263e+00, 1.0104672344820315e-06, -8.0497353027299854e-07},
    {-8.8551469098152797e-07, -7.9634832504455941e-07, 3.9378235918724580e-07, 9.9446720699394744e-07, -5.7365115600648548e-07, -6.1152187762962272e-07, 1.1029105880998717e-06, -4.6353005698320224e-07, -1.7142675624079003e-06, -4.8810368625231964e-07, 1.0582037919190786e-07, -1.0770550008097448e-07, 1.0618008834996104e-07, 4.4100896472074801e-07, -1.1274066892297173e-06, 1.0104672344698196e-06, 1.0000044479565382e+00, 1.0543657745577244e-07},
    {-7.7639478405981505e-07, 7.7435848602766655e-07, -1.6170504919171619e-07, 9.3853644271634767e-07, 1.8459091733821695e-07, -2.3627693816878892e-08, -7.5339415244401650e-07, -1.6574821805332944e-07, -2.4504880702774435e-07, 4.3675676772474344e-07, 6.8820164256235593e-07, -2.7476927656374430e-07, -6.6325036665011752e-08, -9.7935519502813501e-08, 4.6651177563015630e-07, -8.0497353028574554e-07, 1.0543657745169866e-07, 1.0000052838002289e+00}
}}};

static constexpr auto result = eigvals(mat);

int main() { return 0; }
