#include "../../consteig.hpp"

using namespace consteig;

static constexpr Matrix<double, 14, 14> mat
{{{
    {1.0000045170575982e+00, 8.5654554112309919e-07, 1.1100496413747411e-06, -5.6406471853992564e-07, -3.8581154281282840e-07, 1.1322828658669481e-06, -1.5161166823324724e-06, -3.0321318710233423e-07, 3.3004496082432728e-07, -2.1577073056903703e-07, -4.9242028164521195e-09, 2.4569065705223289e-07, 4.4827458536680898e-07, -7.2795622097156364e-08},
    {8.5654554112151302e-07, 1.0000047976376427e+00, -8.9523022995378068e-07, -1.0467402139937456e-06, -3.2745495264034669e-07, 1.3374493394783960e-06, -7.7466662532629353e-07, 8.2662991697579005e-07, 3.1017886508836115e-07, 4.5427186390453276e-07, -7.2514489101519762e-07, 1.9157051505529075e-06, 6.9116337534149564e-08, 3.6571952591306165e-07},
    {1.1100496413277593e-06, -8.9523022993772750e-07, 1.0000042999441985e+00, 1.8361149248920123e-07, 6.9046507060964617e-07, 7.1524716814150781e-07, 6.6306284140788940e-07, -3.6922776225627190e-07, -4.0542840457127320e-07, 1.5306194615374526e-06, -5.8098619456460307e-07, -1.3282647475104601e-06, -4.7355729105190129e-07, 7.0642568634391277e-07},
    {-5.6406471853651294e-07, -1.0467402139786165e-06, 1.8361149247399093e-07, 1.0000050691967040e+00, 7.6835745441395639e-07, -1.5923596006559177e-06, -2.9251677388870694e-07, -4.0574965897816261e-08, 3.6956624438229374e-08, 4.3571064385252223e-07, -2.9728817327274585e-07, 2.6266175181978125e-06, -9.4522316847603669e-07, -1.4762987919345856e-07},
    {-3.8581154281262432e-07, -3.2745495265521297e-07, 6.9046507060744780e-07, 7.6835745443489875e-07, 1.0000036314929022e+00, -1.2763949059287350e-06, 2.4531649956499674e-07, -3.7882044550064680e-08, -1.7316448421013425e-07, -1.4746383009091707e-06, -1.4332096576269991e-06, -6.7778877777652322e-07, 4.1371128621326448e-08, -1.5908975258629583e-07},
    {1.1322828659256765e-06, 1.3374493395157688e-06, 7.1524716812239875e-07, -1.5923596005975248e-06, -1.2763949059458550e-06, 1.0000039663662790e+00, -6.0777063452373891e-07, -7.8724186990476460e-07, -3.2266764546627893e-08, -5.9493846589546248e-07, -6.0489984581884813e-07, 1.1697482786174906e-06, 1.0526077999229367e-06, -1.0398779703400494e-07},
    {-1.5161166823777701e-06, -7.7466662531420478e-07, 6.6306284140941628e-07, -2.9251677392708844e-07, 2.4531649955840936e-07, -6.0777063445190215e-07, 1.0000039180818820e+00, 1.7178350301064442e-07, 1.6877928985211795e-08, 6.2866137207926838e-08, 5.6445305553042173e-08, -1.8257461703006760e-07, -4.4960490592893379e-07, -1.3330890068759790e-06},
    {-3.0321318711612080e-07, 8.2662991705113035e-07, -3.6922776229332053e-07, -4.0574965880432359e-08, -3.7882044556933376e-08, -7.8724186990914757e-07, 1.7178350299654249e-07, 1.0000061363680934e+00, -2.9898002672538873e-07, 2.3187130940606236e-07, -1.4502137652902589e-06, -1.2769489258422044e-06, 2.6757474895538982e-07, -7.0407950869355040e-08},
    {3.3004496078286232e-07, 3.1017886504861424e-07, -4.0542840461456717e-07, 3.6956624410674062e-08, -1.7316448423129856e-07, -3.2266764577188584e-08, 1.6877928992192382e-08, -2.9898002674641870e-07, 1.0000048342833390e+00, 1.2128063538110342e-06, -1.0863236781472592e-06, 3.3714194899863849e-07, 4.9359124637114753e-07, 5.3682528232067006e-07},
    {-2.1577073054465892e-07, 4.5427186390615784e-07, 1.5306194615290104e-06, 4.3571064385265283e-07, -1.4746383009129065e-06, -5.9493846587738446e-07, 6.2866137204553225e-08, 2.3187130939897278e-07, 1.2128063538005627e-06, 1.0000053058756053e+00, -4.7299585436867353e-07, 3.6645857569732282e-07, -2.9611425122861667e-07, -1.6679906356676341e-06},
    {-4.9242028117834030e-09, -7.2514489097238456e-07, -5.8098619456067189e-07, -2.9728817327869647e-07, -1.4332096576070815e-06, -6.0489984586948090e-07, 5.6445305551834370e-08, -1.4502137653257678e-06, -1.0863236781633054e-06, -4.7299585436751326e-07, 1.0000047554376310e+00, -7.3926314923872830e-07, -1.2518393087868480e-06, -7.4705500283209748e-08},
    {2.4569065706195127e-07, 1.9157051505804390e-06, -1.3282647474969838e-06, 2.6266175183452407e-06, -6.7778877778612148e-07, 1.1697482786205709e-06, -1.8257461703764815e-07, -1.2769489258220818e-06, 3.3714194900727304e-07, 3.6645857570568325e-07, -7.3926314926619387e-07, 1.0000065409499999e+00, -3.1091282980449285e-07, -5.7905037356715152e-07},
    {4.4827458535946277e-07, 6.9116337527194802e-08, -4.7355729106285237e-07, -9.4522316846941967e-07, 4.1371128586887862e-08, 1.0526077999413161e-06, -4.4960490597357909e-07, 2.6757474897125686e-07, 4.9359124633943981e-07, -2.9611425121515530e-07, -1.2518393087455056e-06, -3.1091282979758778e-07, 1.0000051003174200e+00, -6.9778506156481103e-07},
    {-7.2795622103398653e-08, 3.6571952592026762e-07, 7.0642568637235592e-07, -1.4762987919289944e-07, -1.5908975259023376e-07, -1.0398779701644541e-07, -1.3330890068559151e-06, -7.0407950883681861e-08, 5.3682528232493953e-07, -1.6679906356669359e-06, -7.4705500275954712e-08, -5.7905037355669712e-07, -6.9778506158903553e-07, 1.0000071269907056e+00}
}}};

static constexpr auto result = eigvals(mat);

int main() { return 0; }
