#include "../../consteig.hpp"

using namespace consteig;

static constexpr Matrix<double, 8, 8> mat
{{{
    {4.0323731303215027e-01, 1.0889095067977905e+00, -1.2399628162384033e+00, -3.6786007881164551e-01, -1.1805760860443115e+00, 4.8594510182738304e-01, 3.8291630148887634e-01, 2.4837028980255127e-01},
    {-1.0605589151382446e+00, 5.0923293828964233e-01, 1.0189845561981201e+00, 1.8959928750991821e+00, 4.8594510182738304e-01, -7.1290159225463867e-01, 1.2174056023359299e+00, 4.8626226186752319e-01},
    {2.4826088547706604e-01, 2.7381429076194763e-01, -2.1994514465332031e+00, -1.5574011206626892e-01, 3.8291630148887634e-01, 1.2174056023359299e+00, -2.9025301933288574e+00, -5.8556795120239258e-03},
    {1.5666553378105164e-01, -6.9332295656204224e-01, -5.6097626686096191e-01, -1.7905296087265015e+00, 2.4837028980255127e-01, 4.8626226186752319e-01, -5.8556795120239258e-03, 2.5032722949981689e+00},
    {-2.3944842815399170e+00, 1.7792159318923950e+00, 5.5268296599388123e-01, -1.8457731381058693e+00, -4.0323731303215027e-01, 1.0605589151382446e+00, -2.4826088547706604e-01, -1.5666553378105164e-01},
    {1.7792159318923950e+00, 1.4806045293807983e+00, 6.8546891212463379e-01, 3.3812724947929382e+00, -1.0889095067977905e+00, -5.0923293828964233e-01, -2.7381429076194763e-01, 6.9332295656204224e-01},
    {5.5268296599388123e-01, 6.8546891212463379e-01, -1.6954832077026367e+00, -8.2651466131210327e-01, 1.2399628162384033e+00, -1.0189845561981201e+00, 2.1994514465332031e+00, 5.6097626686096191e-01},
    {-1.8457731381058693e+00, 3.3812724947929382e+00, -8.2651466131210327e-01, 1.8797750473022461e+00, 3.6786007881164551e-01, -1.8959928750991821e+00, 1.5574011206626892e-01, 1.7905296087265015e+00}
}}};

static constexpr auto result = eigvals(mat);

int main() { return 0; }
