#include "../../consteig.hpp"

using namespace consteig;

static constexpr Matrix<double, 14, 14> mat
{{{
    {1.0000036072871223e+00, -2.7649131821792699e-07, -3.0452385256853802e-07, 1.5923328336170044e-06, -1.1161413835873431e-08, 1.5662769296457477e-07, 1.6292025225449639e-07, -1.0114772290297292e-06, -1.0931183238384782e-06, -1.1607339003903419e-06, 1.4044867697597651e-06, -1.0424233422070950e-06, 2.3059540841064833e-07, -4.1052284456764193e-07},
    {-2.7649131819327960e-07, 1.0000058784921348e+00, -4.1783397282419661e-07, 1.8571206558748073e-07, -1.7807305060069208e-07, 1.2012586345250282e-06, 6.6184412110618193e-08, 2.0634676215604665e-07, 2.1325012920018839e-08, 1.2599014398194142e-06, -7.0769537992529221e-07, -1.0299426391396190e-06, -2.0818105279223625e-07, 1.6679568111039429e-06},
    {-3.0452385255384623e-07, -4.1783397284640539e-07, 1.0000046742135071e+00, -8.1216117103542726e-07, -1.2842939257436077e-06, 1.6687255015630559e-06, 8.6308948330471736e-07, 9.7029096680566481e-07, -6.9011602739305979e-07, 1.7665749771443822e-07, -9.3475680429563963e-07, -6.6643238477079822e-07, -3.2017204982017130e-08, -5.2401368397410362e-07},
    {1.5923328336453016e-06, 1.8571206558087930e-07, -8.1216117104534580e-07, 1.0000017157639518e+00, -4.1303748169074935e-07, 2.6004988609641190e-07, -6.0542160482323606e-07, -3.4237925902595607e-08, 1.7941651795613875e-07, -4.8910671541772913e-07, -7.1633651651841639e-07, -5.3231329487042897e-08, 1.4336129538494251e-07, -4.8104590138067513e-07},
    {-1.1161413825721619e-08, -1.7807305057730256e-07, -1.2842939257371982e-06, -4.1303748167637113e-07, 1.0000059185389223e+00, -9.3086230286379361e-07, 7.5790850027197264e-07, -2.9426196476020436e-07, 9.1967841108806379e-07, -6.3175275420029181e-07, 6.7947812951233570e-07, -1.7661123075222843e-06, -2.0828300362445966e-07, -3.5361336637331700e-07},
    {1.5662769295050545e-07, 1.2012586345137794e-06, 1.6687255015387598e-06, 2.6004988609851630e-07, -9.3086230285189661e-07, 1.0000064920712186e+00, -4.0599350315115250e-07, 1.0638669899632383e-06, -3.4667383839744752e-09, -2.1168940356867782e-07, 9.4475444099383842e-07, -4.8391598450391589e-07, -3.1599757892094581e-07, 6.1880879412560412e-07},
    {1.6292025224453020e-07, 6.6184412115331839e-08, 8.6308948330229781e-07, -6.0542160480773917e-07, 7.5790850026647911e-07, -4.0599350315246217e-07, 1.0000037907136139e+00, -3.7458882684836554e-07, 6.5634361339740339e-07, -8.1038719254159744e-07, 2.9884331184892134e-07, 1.4701404689643419e-06, 4.2146521475414809e-07, -1.6644852992385783e-06},
    {-1.0114772290586124e-06, 2.0634676218338562e-07, 9.7029096684349097e-07, -3.4237925909642477e-08, -2.9426196475125080e-07, 1.0638669899672937e-06, -3.7458882685695530e-07, 1.0000040909409538e+00, 1.0135823431832957e-06, -4.3731879971817715e-07, -1.0629575592327781e-06, -5.4308744313808650e-07, -4.7119218001061443e-07, 2.2390482880666490e-07},
    {-1.0931183238285416e-06, 2.1325012918142178e-08, -6.9011602744105607e-07, 1.7941651798453029e-07, 9.1967841103271855e-07, -3.4667384025384203e-09, 6.5634361338223832e-07, 1.0135823431859150e-06, 1.0000037915277640e+00, -2.2512009919363388e-07, 4.3886049176884332e-07, -1.7671405393214815e-07, -1.2635091004670191e-07, -9.9466600083380028e-07},
    {-1.1607339003882008e-06, 1.2599014398275915e-06, 1.7665749768352318e-07, -4.8910671542026875e-07, -6.3175275424363840e-07, -2.1168940355080995e-07, -8.1038719256391464e-07, -4.3731879965905620e-07, -2.2512009918712065e-07, 1.0000070094004077e+00, 1.1068257700093337e-06, -2.5064032533781282e-07, 1.1898112064287423e-06, 7.0133581271481540e-07},
    {1.4044867697622922e-06, -7.0769537994812113e-07, -9.3475680433398418e-07, -7.1633651654341180e-07, 6.7947812949011802e-07, 9.4475444100807736e-07, 2.9884331186247810e-07, -1.0629575592270350e-06, 4.3886049177697012e-07, 1.1068257699975081e-06, 1.0000066181281397e+00, -3.9778008988005883e-07, 5.5869208502428489e-07, 4.1101218335837668e-07},
    {-1.0424233422129002e-06, -1.0299426391398981e-06, -6.6643238478764168e-07, -5.3231329493848998e-08, -1.7661123074750161e-06, -4.8391598448028060e-07, 1.4701404689661010e-06, -5.4308744312099253e-07, -1.7671405393271923e-07, -2.5064032532832219e-07, -3.9778008993417783e-07, 1.0000059722432475e+00, 1.6648371307957958e-07, 2.3976280638130071e-07},
    {2.3059540838264995e-07, -2.0818105279608093e-07, -3.2017204968298876e-08, 1.4336129538480873e-07, -2.0828300359609202e-07, -3.1599757891293743e-07, 4.2146521478109522e-07, -4.7119218000425517e-07, -1.2635091003393472e-07, 1.1898112064328798e-06, 5.5869208501557209e-07, 1.6648371310969777e-07, 1.0000058596116717e+00, -9.9485123937034995e-07},
    {-4.1052284459071399e-07, 1.6679568111308294e-06, -5.2401368395395313e-07, -4.8104590137221623e-07, -3.5361336638312828e-07, 6.1880879407820172e-07, -1.6644852992418752e-06, 2.2390482880665187e-07, -9.9466600081126878e-07, 7.0133581270754023e-07, 4.1101218336423725e-07, 2.3976280635406473e-07, -9.9485123935184630e-07, 1.0000045810673441e+00}
}}};

static constexpr auto result = eigvals(mat);

int main() { return 0; }
