#include "../../consteig.hpp"

using namespace consteig;

static constexpr Matrix<double, 6, 6> mat
{{{
    {9.9999999999999978e-01, 1.3646572011251366e-16, -2.9384514306716951e-16, -1.0049392591542065e-16, -2.7209405070723300e-19, 5.5277204374824768e-17},
    {1.3646572011251366e-16, 1.0000000000000000e+00, -1.3357611223807129e-17, -2.8054747900011246e-17, -1.1143190115932305e-16, -9.6190972513690941e-17},
    {-2.9384514306716951e-16, -1.3357611223807129e-17, 1.0000000000000002e+00, -6.4381582496953218e-17, -6.1857866727750876e-17, 1.2252384885244834e-16},
    {-1.0049392591542065e-16, -2.8054747900011246e-17, -6.4381582496953218e-17, 1.0000000000000002e+00, -5.1075020491501826e-17, 3.8428096664576050e-17},
    {-2.7209405070723300e-19, -1.1143190115932305e-16, -6.1857866727750876e-17, -5.1075020491501826e-17, 9.9999999999999989e-01, 5.2974318433562660e-17},
    {5.5277204374824768e-17, -9.6190972513690941e-17, 1.2252384885244834e-16, 3.8428096664576050e-17, 5.2974318433562660e-17, 9.9999999999999989e-01}
}}};

static constexpr auto result = eigvals(mat);

int main() { return 0; }
