#include "../../consteig.hpp"

using namespace consteig;

static constexpr Matrix<double, 14, 14> mat
{{{
    {1.0000000000000000e+00, -4.1094521222568895e-18, 3.9288357902932838e-17, 2.3418426357261211e-16, -3.4963299539871328e-17, -4.3944905617571405e-17, 1.4107057811587038e-17, 1.7543315125629934e-17, -4.8083004444655566e-17, 2.4104936093195984e-17, -4.0106585571344545e-17, 3.8344488000909175e-17, -3.7305679541493363e-17, -9.2554412839635091e-18},
    {-4.1094521222568895e-18, 1.0000000000000002e+00, 2.1941330028240234e-17, -5.6234160884697910e-17, 2.3084884197306541e-17, 5.3072438038178299e-17, -7.2096015948859837e-18, 5.1044192892785668e-19, -2.1164825918502367e-16, -1.5873920196262713e-16, 5.9749740832609314e-17, -1.2179548639142580e-16, -9.0661290543344162e-17, -4.5064720518464076e-17},
    {3.9288357902932838e-17, 2.1941330028240234e-17, 1.0000000000000000e+00, 1.1216553123373494e-16, 7.7947654162535987e-17, -2.8088397727255465e-17, -5.3886043156654125e-18, -8.4063916102933082e-17, 8.1303351535099013e-17, -1.7050835195379240e-16, -1.1401438655661463e-16, 7.3183699341363131e-18, 1.5167918607304103e-16, 3.8641569580428216e-17},
    {2.3418426357261211e-16, -5.6234160884697910e-17, 1.1216553123373494e-16, 1.0000000000000004e+00, 2.5480613517945173e-17, -2.7152896258115632e-16, -5.7714760428464400e-17, 4.1866388998723800e-17, 3.2192670392595906e-17, -4.1031145855070187e-17, 2.2118580227200866e-16, -2.4205568438217062e-17, -8.5117417893091207e-19, 1.2619456415938842e-16},
    {-3.4963299539871328e-17, 2.3084884197306541e-17, 7.7947654162535987e-17, 2.5480613517945173e-17, 1.0000000000000000e+00, 7.8954281881011563e-19, 5.2908619028838413e-17, -1.6166035809577937e-16, 1.0755668188421845e-16, -7.2918180012379377e-17, -5.0736326006907904e-17, -8.0984463551937632e-17, 1.7084603570128844e-17, -7.1974412379413374e-17},
    {-4.3944905617571405e-17, 5.3072438038178299e-17, -2.8088397727255465e-17, -2.7152896258115632e-16, 7.8954281881011563e-19, 1.0000000000000002e+00, 1.2388106062546684e-16, 2.8224472293926120e-17, -6.8800566430151327e-17, 4.3438897473975058e-17, -2.3121541151572077e-16, 1.1584802619332390e-16, 6.5381489778087294e-19, -1.5244168609217507e-16},
    {1.4107057811587038e-17, -7.2096015948859837e-18, -5.3886043156654125e-18, -5.7714760428464400e-17, 5.2908619028838413e-17, 1.2388106062546684e-16, 9.9999999999999967e-01, -6.2928515416727091e-17, -1.1251023408944240e-16, 9.7846299494873950e-17, -2.1847426810619608e-17, 7.6184202435493804e-17, 3.8105586320926698e-17, -3.0163088970758877e-17},
    {1.7543315125629934e-17, 5.1044192892785668e-19, -8.4063916102933082e-17, 4.1866388998723800e-17, -1.6166035809577937e-16, 2.8224472293926120e-17, -6.2928515416727091e-17, 1.0000000000000002e+00, -1.1478678775570963e-16, -9.4392928275479230e-17, 6.8602396333040203e-17, -1.7135069427010915e-16, 3.1634141277028213e-17, 4.5289989466919793e-17},
    {-4.8083004444655566e-17, -2.1164825918502367e-16, 8.1303351535099013e-17, 3.2192670392595906e-17, 1.0755668188421845e-16, -6.8800566430151327e-17, -1.1251023408944240e-16, -1.1478678775570963e-16, 1.0000000000000000e+00, -9.3612757698796070e-17, 7.1668891925049518e-17, -3.0876411009058486e-17, -9.3280560820673873e-17, -5.4468070664664348e-17},
    {2.4104936093195984e-17, -1.5873920196262713e-16, -1.7050835195379240e-16, -4.1031145855070187e-17, -7.2918180012379377e-17, 4.3438897473975058e-17, 9.7846299494873950e-17, -9.4392928275479230e-17, -9.3612757698796070e-17, 1.0000000000000000e+00, 1.8577723174282390e-16, 1.7268059418504452e-17, -7.4676588273410191e-18, -4.3667041511271409e-17},
    {-4.0106585571344545e-17, 5.9749740832609314e-17, -1.1401438655661463e-16, 2.2118580227200866e-16, -5.0736326006907904e-17, -2.3121541151572077e-16, -2.1847426810619608e-17, 6.8602396333040203e-17, 7.1668891925049518e-17, 1.8577723174282390e-16, 1.0000000000000000e+00, -6.2424318687254704e-17, 1.3269182713118404e-16, 1.1865324360554630e-16},
    {3.8344488000909175e-17, -1.2179548639142580e-16, 7.3183699341363131e-18, -2.4205568438217062e-17, -8.0984463551937632e-17, 1.1584802619332390e-16, 7.6184202435493804e-17, -1.7135069427010915e-16, -3.0876411009058486e-17, 1.7268059418504452e-17, -6.2424318687254704e-17, 9.9999999999999989e-01, -9.9940357620144293e-17, -1.2913761700392235e-16},
    {-3.7305679541493363e-17, -9.0661290543344162e-17, 1.5167918607304103e-16, -8.5117417893091207e-19, 1.7084603570128844e-17, 6.5381489778087294e-19, 3.8105586320926698e-17, 3.1634141277028213e-17, -9.3280560820673873e-17, -7.4676588273410191e-18, 1.3269182713118404e-16, -9.9940357620144293e-17, 1.0000000000000000e+00, 5.5915206414111645e-17},
    {-9.2554412839635091e-18, -4.5064720518464076e-17, 3.8641569580428216e-17, 1.2619456415938842e-16, -7.1974412379413374e-17, -1.5244168609217507e-16, -3.0163088970758877e-17, 4.5289989466919793e-17, -5.4468070664664348e-17, -4.3667041511271409e-17, 1.1865324360554630e-16, -1.2913761700392235e-16, 5.5915206414111645e-17, 1.0000000000000000e+00}
}}};

static constexpr auto result = eigvals(mat);

int main() { return 0; }
