#include "../../consteig.hpp"

using namespace consteig;

static constexpr Matrix<double, 20, 20> mat
{{{
    {9.9999999999999967e-01, -3.4353042376505093e-16, 1.4438146062798586e-16, 7.5234732687918700e-17, 8.6898492752770452e-17, 1.3786439336956858e-16, 9.8024346431908318e-19, 8.5324232922151556e-18, -4.2388570272160287e-17, -1.9976736883088033e-16, -1.1761997684985635e-16, -4.2133211880835438e-18, 8.2441548294925588e-17, -2.6786807573270179e-17, -2.5924530561051506e-16, -2.7511381144682419e-17, -1.5090143928183546e-16, -9.8676536772879950e-18, -1.9305047505908604e-16, 2.7881318775907795e-16},
    {-3.4353042376505093e-16, 1.0000000000000002e+00, -2.9999574197929567e-16, -7.7348067187144306e-18, 6.9200043322697467e-17, 5.0546268552732872e-17, -1.2898664464439422e-17, -2.9908569032636051e-16, -1.0550458865499174e-16, 2.9154444558634829e-17, 1.1516246029425570e-17, 9.6272369498445911e-17, -5.0146704340157463e-17, -1.8224887865216152e-17, -2.0578995241172520e-16, 1.3442685774738246e-16, 8.0716475866419338e-18, -1.0071552747866453e-16, 5.0786249144441188e-17, 8.4878591922264224e-17},
    {1.4438146062798586e-16, -2.9999574197929567e-16, 1.0000000000000004e+00, -7.6072749066702540e-17, -1.2853153923341843e-16, -4.0426165672254825e-17, -7.8274612165487621e-17, 2.0461551472799073e-16, 9.0308641479913812e-17, -5.0841625591856799e-17, 4.8561953846507031e-17, 7.4689990769779779e-17, 8.9202139631403099e-17, 1.8789054052912979e-16, -4.6496252584522367e-17, -2.4603782815654216e-16, -1.2311651099436968e-17, 1.3637415230718423e-16, -1.1109847740386601e-16, -7.0345765129416672e-17},
    {7.5234732687918700e-17, -7.7348067187144306e-18, -7.6072749066702540e-17, 1.0000000000000002e+00, 1.2586052734221608e-16, -1.0594261041272320e-16, 8.5649273396140335e-17, 8.1089421078817573e-17, -2.7406376237924318e-17, -6.0177296223892690e-17, -8.3245940412878150e-17, 1.3371983782518151e-17, -6.1485671664904664e-17, -5.3795375661567340e-17, 3.7076628774849402e-17, -6.2068706305422115e-17, 9.8533603238912464e-17, -1.6031875206006244e-16, 7.1914647663046291e-17, 2.2780624172424312e-17},
    {8.6898492752770452e-17, 6.9200043322697467e-17, -1.2853153923341843e-16, 1.2586052734221608e-16, 9.9999999999999978e-01, -1.7361067914676471e-17, -1.4917357082047458e-17, 1.1512720438809388e-16, 2.7023622625687985e-17, 4.3638565062335571e-17, 7.5417709011878322e-17, 5.2005193175842316e-17, -6.0367611548361881e-17, 1.3702146895741888e-16, 2.5540101112226837e-17, 1.7118253531251518e-16, -7.1855624522048163e-18, 3.7127931146116672e-17, 5.2710963418433444e-17, 3.7521127014171930e-17},
    {1.3786439336956858e-16, 5.0546268552732872e-17, -4.0426165672254825e-17, -1.0594261041272320e-16, -1.7361067914676471e-17, 9.9999999999999989e-01, 8.3251085098690701e-17, -2.1925559445353347e-17, 4.4027508379294671e-17, 4.8514137610454288e-17, -9.4253512024627179e-17, -4.4254682682441451e-17, -6.5314784818918504e-17, 1.7768925593974840e-17, 7.8432090634993246e-17, 5.2494255549011902e-17, -2.6695857885527684e-19, 4.9375342817035440e-17, 1.1221716143017233e-16, -4.5523409794498715e-17},
    {9.8024346431908318e-19, -1.2898664464439422e-17, -7.8274612165487621e-17, 8.5649273396140335e-17, -1.4917357082047458e-17, 8.3251085098690701e-17, 1.0000000000000000e+00, 1.9068116919097437e-17, -4.4828371982989594e-17, 2.3910619212509207e-17, -1.8367805304974611e-16, -1.1948003280733470e-16, 9.4494128642518667e-17, -2.8841402639155992e-17, -4.4611845387450777e-17, -1.2087769060967029e-16, 2.9815517638008932e-17, -1.9249915793515875e-16, -9.0884331806303644e-17, -3.9101122893941967e-17},
    {8.5324232922151556e-18, -2.9908569032636051e-16, 2.0461551472799073e-16, 8.1089421078817573e-17, 1.1512720438809388e-16, -2.1925559445353347e-17, 1.9068116919097437e-17, 1.0000000000000002e+00, 1.1815420396045371e-16, -2.2263759835286316e-17, -7.6253496107048031e-17, 7.5041511642515684e-18, -6.3223832299348885e-17, 6.0804899008829580e-17, -7.0958764714132239e-18, 5.6106009587118009e-18, -1.3757444087345825e-16, -2.9686251751829210e-17, 1.5579673453063608e-16, 9.3334657660775552e-17},
    {-4.2388570272160287e-17, -1.0550458865499174e-16, 9.0308641479913812e-17, -2.7406376237924318e-17, 2.7023622625687985e-17, 4.4027508379294671e-17, -4.4828371982989594e-17, 1.1815420396045371e-16, 9.9999999999999989e-01, 1.2916600286856781e-16, 9.8105114351115283e-18, 1.1942269571508466e-17, 1.5866847856514830e-17, -7.9086325904419946e-17, 1.1830043917962118e-16, -1.3325748434295995e-16, 6.1684348835421598e-17, -2.3394453860651752e-17, 3.0296474428155118e-17, -1.9358298023056409e-16},
    {-1.9976736883088033e-16, 2.9154444558634829e-17, -5.0841625591856799e-17, -6.0177296223892690e-17, 4.3638565062335571e-17, 4.8514137610454288e-17, 2.3910619212509207e-17, -2.2263759835286316e-17, 1.2916600286856781e-16, 1.0000000000000004e+00, -6.3427887816331128e-17, 7.4904718190392152e-17, 2.0687165528486358e-17, 2.8208925432241668e-17, 3.5259444677012458e-17, 3.9396723261803366e-17, -4.5633925601170198e-17, -8.5991313690161008e-17, -3.2701839612058891e-17, -1.4443623554118999e-16},
    {-1.1761997684985635e-16, 1.1516246029425570e-17, 4.8561953846507031e-17, -8.3245940412878150e-17, 7.5417709011878322e-17, -9.4253512024627179e-17, -1.8367805304974611e-16, -7.6253496107048031e-17, 9.8105114351115283e-18, -6.3427887816331128e-17, 1.0000000000000002e+00, 4.8748798165695002e-17, -6.0670442249986697e-17, -1.9945458521160795e-17, -2.6046257050036893e-16, -1.4556722311355513e-16, 6.9911121556776377e-17, -1.5491102559173565e-17, -4.8218246354935848e-17, -4.6996848451293590e-17},
    {-4.2133211880835438e-18, 9.6272369498445911e-17, 7.4689990769779779e-17, 1.3371983782518151e-17, 5.2005193175842316e-17, -4.4254682682441451e-17, -1.1948003280733470e-16, 7.5041511642515684e-18, 1.1942269571508466e-17, 7.4904718190392152e-17, 4.8748798165695002e-17, 1.0000000000000002e+00, 9.6380248769611925e-17, 2.3488729088987696e-18, -1.7448878121388780e-17, -7.9460917076974876e-17, 3.0730726123443946e-17, -1.2649982301351923e-16, -1.9664443522510846e-17, -1.2356768324087255e-16},
    {8.2441548294925588e-17, -5.0146704340157463e-17, 8.9202139631403099e-17, -6.1485671664904664e-17, -6.0367611548361881e-17, -6.5314784818918504e-17, 9.4494128642518667e-17, -6.3223832299348885e-17, 1.5866847856514830e-17, 2.0687165528486358e-17, -6.0670442249986697e-17, 9.6380248769611925e-17, 1.0000000000000002e+00, -1.1941987216780172e-16, 3.1243994956153366e-17, 1.0841433142624264e-16, 4.2236319733076414e-17, 2.2261382843606302e-17, -6.0845008555744316e-18, -7.4892768298794799e-17},
    {-2.6786807573270179e-17, -1.8224887865216152e-17, 1.8789054052912979e-16, -5.3795375661567340e-17, 1.3702146895741888e-16, 1.7768925593974840e-17, -2.8841402639155992e-17, 6.0804899008829580e-17, -7.9086325904419946e-17, 2.8208925432241668e-17, -1.9945458521160795e-17, 2.3488729088987696e-18, -1.1941987216780172e-16, 1.0000000000000004e+00, 6.5611036830608498e-17, -3.4430954172052528e-17, -1.0682260428351446e-16, -2.8871669298566327e-17, -2.7687453685454620e-17, 3.5579579407512272e-17},
    {-2.5924530561051506e-16, -2.0578995241172520e-16, -4.6496252584522367e-17, 3.7076628774849402e-17, 2.5540101112226837e-17, 7.8432090634993246e-17, -4.4611845387450777e-17, -7.0958764714132239e-18, 1.1830043917962118e-16, 3.5259444677012458e-17, -2.6046257050036893e-16, -1.7448878121388780e-17, 3.1243994956153366e-17, 6.5611036830608498e-17, 1.0000000000000002e+00, 2.5084543028928354e-16, -6.7539859401704960e-17, -1.7880573063699480e-16, -3.2767528793941606e-17, -1.7192624447018006e-17},
    {-2.7511381144682419e-17, 1.3442685774738246e-16, -2.4603782815654216e-16, -6.2068706305422115e-17, 1.7118253531251518e-16, 5.2494255549011902e-17, -1.2087769060967029e-16, 5.6106009587118009e-18, -1.3325748434295995e-16, 3.9396723261803366e-17, -1.4556722311355513e-16, -7.9460917076974876e-17, 1.0841433142624264e-16, -3.4430954172052528e-17, 2.5084543028928354e-16, 1.0000000000000000e+00, -2.9824264942764264e-17, -2.6151294158780897e-16, -7.9642316568156256e-17, -3.3767522421517493e-17},
    {-1.5090143928183546e-16, 8.0716475866419338e-18, -1.2311651099436968e-17, 9.8533603238912464e-17, -7.1855624522048163e-18, -2.6695857885527684e-19, 2.9815517638008932e-17, -1.3757444087345825e-16, 6.1684348835421598e-17, -4.5633925601170198e-17, 6.9911121556776377e-17, 3.0730726123443946e-17, 4.2236319733076414e-17, -1.0682260428351446e-16, -6.7539859401704960e-17, -2.9824264942764264e-17, 1.0000000000000002e+00, 1.0557709060550065e-16, -2.0054868982881399e-16, 1.4981191250347546e-16},
    {-9.8676536772879950e-18, -1.0071552747866453e-16, 1.3637415230718423e-16, -1.6031875206006244e-16, 3.7127931146116672e-17, 4.9375342817035440e-17, -1.9249915793515875e-16, -2.9686251751829210e-17, -2.3394453860651752e-17, -8.5991313690161008e-17, -1.5491102559173565e-17, -1.2649982301351923e-16, 2.2261382843606302e-17, -2.8871669298566327e-17, -1.7880573063699480e-16, -2.6151294158780897e-16, 1.0557709060550065e-16, 1.0000000000000002e+00, -9.1016875610203083e-17, -1.0627928079834484e-16},
    {-1.9305047505908604e-16, 5.0786249144441188e-17, -1.1109847740386601e-16, 7.1914647663046291e-17, 5.2710963418433444e-17, 1.1221716143017233e-16, -9.0884331806303644e-17, 1.5579673453063608e-16, 3.0296474428155118e-17, -3.2701839612058891e-17, -4.8218246354935848e-17, -1.9664443522510846e-17, -6.0845008555744316e-18, -2.7687453685454620e-17, -3.2767528793941606e-17, -7.9642316568156256e-17, -2.0054868982881399e-16, -9.1016875610203083e-17, 9.9999999999999989e-01, -4.7179721672570327e-17},
    {2.7881318775907795e-16, 8.4878591922264224e-17, -7.0345765129416672e-17, 2.2780624172424312e-17, 3.7521127014171930e-17, -4.5523409794498715e-17, -3.9101122893941967e-17, 9.3334657660775552e-17, -1.9358298023056409e-16, -1.4443623554118999e-16, -4.6996848451293590e-17, -1.2356768324087255e-16, -7.4892768298794799e-17, 3.5579579407512272e-17, -1.7192624447018006e-17, -3.3767522421517493e-17, 1.4981191250347546e-16, -1.0627928079834484e-16, -4.7179721672570327e-17, 1.0000000000000002e+00}
}}};

static constexpr auto result = eigvals(mat);

int main() { return 0; }
