#include "../../consteig.hpp"

using namespace consteig;

static constexpr Matrix<double, 10, 10> mat
{{{
    {1.0000000000000000e+00, 1.3851850547063733e-16, -9.7038737802770276e-17, 2.1584514367764280e-16, -6.8275865632523677e-17, -9.2582860977597265e-18, -1.0825177766466553e-16, -3.5391646808508979e-17, 2.3609165293538886e-16, 4.0799870818185223e-18},
    {1.3851850547063733e-16, 1.0000000000000000e+00, -1.3580319578076243e-16, -9.1718810055692120e-17, 3.7454846971951812e-17, -1.4460734087992706e-16, 4.7555845831605369e-17, -2.5865255258950001e-18, 1.8598467675403818e-16, 1.7253406215220883e-16},
    {-9.7038737802770276e-17, -1.3580319578076243e-16, 9.9999999999999989e-01, -1.0263441160893675e-16, 5.4382161211764209e-17, 7.3774802882935183e-17, -5.2394557749013157e-17, 5.6301812047424919e-17, 2.2016607022126391e-17, -1.2355520019983829e-16},
    {2.1584514367764280e-16, -9.1718810055692120e-17, -1.0263441160893675e-16, 1.0000000000000004e+00, 3.9642299456579823e-17, 3.6255763878264181e-17, -2.1934705055439141e-17, 4.3322125571270326e-18, 2.4352597260535268e-17, -6.8663981809387567e-17},
    {-6.8275865632523677e-17, 3.7454846971951812e-17, 5.4382161211764209e-17, 3.9642299456579823e-17, 1.0000000000000002e+00, -3.7194106338365925e-17, 2.2289306061992638e-17, -1.4404477267750005e-17, -4.5757806962654314e-17, 8.0712193336544375e-17},
    {-9.2582860977597265e-18, -1.4460734087992706e-16, 7.3774802882935183e-17, 3.6255763878264181e-17, -3.7194106338365925e-17, 9.9999999999999978e-01, -2.4053365698615380e-17, 4.5980983991605951e-17, -3.9111095339436021e-17, 4.0307007554789655e-17},
    {-1.0825177766466553e-16, 4.7555845831605369e-17, -5.2394557749013157e-17, -2.1934705055439141e-17, 2.2289306061992638e-17, -2.4053365698615380e-17, 9.9999999999999989e-01, 2.8209768623807411e-17, 1.7394509231478516e-18, 6.4708049710360599e-17},
    {-3.5391646808508979e-17, -2.5865255258950001e-18, 5.6301812047424919e-17, 4.3322125571270326e-18, -1.4404477267750005e-17, 4.5980983991605951e-17, 2.8209768623807411e-17, 1.0000000000000000e+00, 1.0344457467893655e-18, 6.2755396534722308e-17},
    {2.3609165293538886e-16, 1.8598467675403818e-16, 2.2016607022126391e-17, 2.4352597260535268e-17, -4.5757806962654314e-17, -3.9111095339436021e-17, 1.7394509231478516e-18, 1.0344457467893655e-18, 9.9999999999999989e-01, 9.5044083954369496e-17},
    {4.0799870818185223e-18, 1.7253406215220883e-16, -1.2355520019983829e-16, -6.8663981809387567e-17, 8.0712193336544375e-17, 4.0307007554789655e-17, 6.4708049710360599e-17, 6.2755396534722308e-17, 9.5044083954369496e-17, 9.9999999999999978e-01}
}}};

static constexpr auto result = eigvals(mat);

int main() { return 0; }
