#include "../../consteig.hpp"

using namespace consteig;

static constexpr Matrix<double, 18, 18> mat
{{{
    {1.0000067728380682e+00, -1.2992419953555032e-07, 2.0001119261010186e-07, -1.2375364962147392e-06, -9.8300135368153762e-07, 1.6925697181632001e-06, -2.6504706894008975e-07, 9.8624362562245650e-07, -8.0869371505691950e-07, 4.9668809506841946e-07, 4.7156529218874451e-07, 6.4321297962758355e-07, 7.3175907797718286e-07, 7.4094469001872079e-07, -9.9284946076443993e-07, 7.2253282527575415e-07, 2.2493046513570901e-07, -2.8011037483929712e-07},
    {-1.2992419951736084e-07, 1.0000049740009695e+00, -8.4534558537561079e-07, 1.0438827885222254e-06, 3.7514423193653506e-07, -1.1171503861289039e-06, -4.6864343164920967e-07, 1.0858880410648186e-07, -5.9369870598457521e-07, 7.7287401260226457e-07, -6.2372486733973078e-07, -1.2866867086536109e-07, 4.0978469805869467e-07, 5.6871860367038583e-08, 2.9821328253435255e-07, 8.8692901229378462e-07, 3.0142874852913569e-07, -1.1053886759909918e-07},
    {2.0001119262671331e-07, -8.4534558537178940e-07, 1.0000046425848534e+00, 3.8083494838486959e-07, 6.2457381989852823e-07, 7.4283907632633171e-07, 4.3674336368767249e-07, -1.1826689734943857e-06, 8.5451282222548873e-08, 1.0146336775814096e-06, -1.3248806879686475e-06, 2.9043530982335025e-07, 3.4902060219587531e-07, -5.3789699065052295e-07, 4.7459220205302978e-07, -8.5547498525280863e-07, 1.0208192448102857e-06, 6.3419451425627205e-07},
    {-1.2375364962514668e-06, 1.0438827884816402e-06, 3.8083494837036855e-07, 1.0000049759675469e+00, -3.3668809466399368e-07, 6.6587650624181452e-07, -2.8756009579942513e-07, 2.1178999550052667e-07, -1.7198266581324149e-06, -3.3165997881238784e-07, 3.8629779625579787e-07, 3.8970005057176982e-07, 2.5592360431272607e-07, -1.3889901535459513e-07, 1.2510539762353914e-06, 1.5538215790703853e-07, -1.5868455867888404e-08, -6.3026454249694457e-09},
    {-9.8300135368233553e-07, 3.7514423193552063e-07, 6.2457381990774056e-07, -3.3668809464304031e-07, 1.0000053228642876e+00, 6.9790340791736156e-08, -1.5701402858213868e-06, 8.1046212628800195e-07, -1.9749590011565345e-07, 6.6378207701399393e-07, 3.4628655236559202e-07, -2.9585503587172241e-07, -4.5801359262687380e-07, 2.9156540699052623e-07, -1.7441047746743399e-07, 5.5735962349120967e-07, -9.1130801017905271e-07, -4.4084268518856221e-07},
    {1.6925697181057723e-06, -1.1171503861095657e-06, 7.4283907630385685e-07, 6.6587650624946662e-07, 6.9790340778924399e-08, 1.0000050492839130e+00, -1.6956403903432866e-07, 6.6994585663462222e-07, 1.4453637323378159e-07, 1.0870354962708375e-06, -1.3097342688360640e-07, -8.1248165909873907e-07, 9.2041991855507101e-07, -2.0399671750766450e-08, 4.2757609154267932e-07, 1.8500289215381198e-08, 1.1305536162250657e-06, -1.4894872834066857e-08},
    {-2.6504706893865593e-07, -4.6864343164788724e-07, 4.3674336368386365e-07, -2.8756009578393533e-07, -1.5701402858074978e-06, -1.6956403900506108e-07, 1.0000039897739494e+00, 1.5376245863796299e-06, 4.7205075849249258e-07, 9.6224626489782589e-07, -2.9878988146806981e-07, -1.1667333186496526e-07, -2.8339411565902429e-07, -7.7989934237628315e-07, -1.3321455493731394e-07, -4.0805770072523372e-07, -2.5591980766194616e-07, -1.1598044233572134e-07},
    {9.8624362564069185e-07, 1.0858880410029039e-07, -1.1826689734871618e-06, 2.1178999549945679e-07, 8.1046212633315738e-07, 6.6994585667526477e-07, 1.5376245863949367e-06, 1.0000050843511670e+00, -1.3949572689085925e-06, -3.1464844322165327e-07, -3.3441218837665796e-07, -8.0927019310577166e-07, 1.0344898402163585e-06, -4.2582325863291551e-08, -6.6291529892643292e-07, -9.7247210646662922e-07, -1.6850284050208802e-06, -8.4960237182387582e-07},
    {-8.0869371502959941e-07, -5.9369870595483440e-07, 8.5451282240276121e-08, -1.7198266580925542e-06, -1.9749590011414078e-07, 1.4453637327013243e-07, 4.7205075850925775e-07, -1.3949572688424238e-06, 1.0000053151946939e+00, 7.4478559906789118e-07, 7.8331437675270147e-07, -4.9661810387496530e-07, -7.0609982429652855e-07, -3.5095701535858817e-08, -1.2133413769176561e-06, 4.6938017362311500e-07, -8.5833622241669638e-07, 1.4953760337383318e-06},
    {4.9668809510434690e-07, 7.7287401262082349e-07, 1.0146336775886257e-06, -3.3165997882652831e-07, 6.6378207697159835e-07, 1.0870354962195297e-06, 9.6224626489233796e-07, -3.1464844320849657e-07, 7.4478559910118868e-07, 1.0000050022625042e+00, 6.4635316681449842e-07, -9.7298889883535237e-07, 4.1743516896431628e-08, 2.2414903804962190e-07, 2.3735410218692966e-07, 2.0658309363526138e-07, 2.6216326296881377e-07, 3.7111445920926152e-07},
    {4.7156529219394238e-07, -6.2372486735389900e-07, -1.3248806879972809e-06, 3.8629779624149911e-07, 3.4628655231773894e-07, -1.3097342686913844e-07, -2.9878988145313010e-07, -3.3441218835881870e-07, 7.8331437673540717e-07, 6.4635316679821019e-07, 1.0000042207571049e+00, 6.0116557620471137e-07, -3.6339791038431628e-08, -1.4921306159923606e-06, 1.6241177322674173e-07, -5.8231034699279309e-07, -4.6568144733240165e-07, -4.5162462674233858e-07},
    {6.4321297960085363e-07, -1.2866867089006380e-07, 2.9043530983179427e-07, 3.8970005059582253e-07, -2.9585503586941399e-07, -8.1248165909599077e-07, -1.1667333186467806e-07, -8.0927019310883717e-07, -4.9661810390492274e-07, -9.7298889884748717e-07, 6.0116557617357910e-07, 1.0000036781616659e+00, 1.7158818839626728e-06, -1.1919183814918297e-06, 8.4632131623798077e-07, -4.6434320195741115e-08, -5.3517026071897076e-07, -4.3500553036670450e-07},
    {7.3175907795297170e-07, 4.0978469805195817e-07, 3.4902060218406259e-07, 2.5592360432337137e-07, -4.5801359261950790e-07, 9.2041991858858758e-07, -2.8339411567797343e-07, 1.0344898402142599e-06, -7.0609982427723198e-07, 4.1743516898095095e-08, -3.6339791056337904e-08, 1.7158818839230389e-06, 1.0000055693654435e+00, -8.1643026186148185e-07, 7.1835727616449528e-07, -2.0716134769292375e-07, -3.6912621784093342e-07, 6.4649791136474649e-07},
    {7.4094468997932211e-07, 5.6871860372034165e-08, -5.3789699067015876e-07, -1.3889901536236496e-07, 2.9156540699293990e-07, -2.0399671750317169e-08, -7.7989934240800856e-07, -4.2582325857378645e-08, -3.5095701500281719e-08, 2.2414903804695698e-07, -1.4921306159969470e-06, -1.1919183815027440e-06, -8.1643026190416861e-07, 1.0000051384647086e+00, -1.4489691932722024e-07, 7.9348257825605384e-07, 2.2650875811077937e-07, -4.9166648753276273e-08},
    {-9.9284946078502177e-07, 2.9821328256463827e-07, 4.7459220201034466e-07, 1.2510539762296282e-06, -1.7441047746997257e-07, 4.2757609155910689e-07, -1.3321455495480271e-07, -6.6291529894537882e-07, -1.2133413768899680e-06, 2.3735410217569189e-07, 1.6241177321809567e-07, 8.4632131623695311e-07, 7.1835727611885259e-07, -1.4489691931625995e-07, 1.0000055285728602e+00, 8.5860954631428091e-07, 6.1507953939412900e-08, -3.7218323810501963e-07},
    {7.2253282529733623e-07, 8.8692901229483537e-07, -8.5547498522559346e-07, 1.5538215789948101e-07, 5.5735962350005926e-07, 1.8500289219130265e-08, -4.0805770073304538e-07, -9.7247210653021853e-07, 4.6938017361596440e-07, 2.0658309364233752e-07, -5.8231034701297365e-07, -4.6434320170155850e-08, -2.0716134768127466e-07, 7.9348257825913874e-07, 8.5860954636658583e-07, 1.0000036358751447e+00, 1.2543469325523608e-07, 1.6615586818986603e-06},
    {2.2493046513735842e-07, 3.0142874853237241e-07, 1.0208192447741591e-06, -1.5868455898627980e-08, -9.1130801017884720e-07, 1.1305536161569240e-06, -2.5591980763923667e-07, -1.6850284050220084e-06, -8.5833622239902769e-07, 2.6216326295376623e-07, -4.6568144730757908e-07, -5.3517026074011302e-07, -3.6912621790434231e-07, 2.2650875811378596e-07, 6.1507953946191811e-08, 1.2543469325244447e-07, 1.0000050112333796e+00, -9.4902610259914681e-07},
    {-2.8011037483630519e-07, -1.1053886761707896e-07, 6.3419451428052144e-07, -6.3026454121693750e-09, -4.4084268516991086e-07, -1.4894872863026854e-08, -1.1598044234276251e-07, -8.4960237183960882e-07, 1.4953760337298126e-06, 3.7111445920358624e-07, -4.5162462668398500e-07, -4.3500553034789243e-07, 6.4649791137596607e-07, -4.9166648730354198e-08, -3.7218323808701435e-07, 1.6615586818919823e-06, -9.4902610259860746e-07, 1.0000060884477384e+00}
}}};

static constexpr auto result = eigvals(mat);

int main() { return 0; }
