#include "../../consteig.hpp"

using namespace consteig;

static constexpr Matrix<double, 16, 16> mat
{{{
    {-1.5005418658256531e-01, -4.2339229583740234e-01, -2.8848814964294434e-01, 4.9966102838516235e-01, -3.6575844883918762e-01, 7.5310015678405762e-01, -1.1388911008834839e+00, -5.7657057046890259e-01, -3.3701307773590088e+00, 3.5454875230789185e-01, 1.0341928601264954e+00, -8.6005093157291412e-01, 5.4866336286067963e-01, 3.5002893209457397e-01, 2.3358484208583832e+00, -1.6313347369432449e+00},
    {7.0634907484054565e-01, -1.4199301004409790e+00, -1.5182911157608032e+00, 1.2233734130859375e+00, 4.1312327980995178e-01, -1.6019676625728607e-01, -1.2953295707702637e+00, -6.0302627086639404e-01, 3.5454875230789185e-01, 1.8321263790130615e+00, 4.0655386447906494e-01, 5.4031662642955780e-01, 2.8405472636222839e-01, -3.9172819256782532e-01, -4.5070900022983551e-01, -2.9766834974288940e+00},
    {-1.3254125118255615e+00, 8.8987432420253754e-02, 3.1772822141647339e-01, 2.1127532422542572e-01, -7.7795600891113281e-01, 1.2797160446643829e-01, -1.6442295312881470e+00, -2.3519442081451416e+00, 1.0341928601264954e+00, 4.0655386447906494e-01, 8.0878540873527527e-02, -1.4879696071147919e+00, -3.6836183071136475e-01, 1.1505083739757538e-01, -1.5583370625972748e-01, 1.0428524911403656e+00},
    {2.3458603024482727e-01, 1.8211300671100616e-01, -8.4831082820892334e-01, 1.4847221374511719e+00, 9.0333408117294312e-01, -2.0685865879058838e+00, 7.8727900981903076e-01, -6.0300290584564209e-01, -8.6005093157291412e-01, 5.4031662642955780e-01, -1.4879696071147919e+00, 2.2350142002105713e+00, -2.4815126657485962e+00, 4.8458763957023621e-01, 1.5538433790206909e+00, -1.9050101041793823e+00},
    {-1.8723100423812866e-01, 9.1201847791671753e-01, 7.3932361602783203e-01, -1.5114402770996094e-01, 6.2664002180099487e-01, 5.0625240802764893e-01, 7.9188472032546997e-01, -1.2494240999221802e+00, 5.4866336286067963e-01, 2.8405472636222839e-01, -3.6836183071136475e-01, -2.4815126657485962e+00, -4.2820501327514648e+00, 2.0740680098533630e+00, 3.4428071975708008e-01, -1.0963736549019814e+00},
    {-5.8124345541000366e-01, 2.8700479865074158e-01, -2.5611346960067749e-01, 3.5676857829093933e-01, -6.6732072830200195e-01, 9.6947409212589264e-02, 9.2023557424545288e-01, 7.5735175609588623e-01, 3.5002893209457397e-01, -3.9172819256782532e-01, 1.1505083739757538e-01, 4.8458763957023621e-01, 2.0740680098533630e+00, 1.4620345830917358e+00, 6.0301899909973145e-02, -2.1605889499187469e+00},
    {-2.6910927891731262e-01, 8.0485934019088745e-01, -8.9958339929580688e-01, 2.3216041922569275e-01, 9.9425935745239258e-01, -9.7265177965164185e-01, 3.5616514086723328e-01, -1.2207046747207642e+00, 2.3358484208583832e+00, -4.5070900022983551e-01, -1.5583370625972748e-01, 1.5538433790206909e+00, 3.4428071975708008e-01, 6.0301899909973145e-02, 1.5916253626346588e-01, 9.2982517182826996e-01},
    {1.5272266864776611e+00, -8.7722301483154297e-02, 2.1482914686203003e-01, -6.9261264801025391e-01, -6.0569155216217041e-01, 5.5698978900909424e-01, -6.4620906114578247e-01, -1.5883605480194092e+00, -1.6313347369432449e+00, -2.9766834974288940e+00, 1.0428524911403656e+00, -1.9050101041793823e+00, -1.0963736549019814e+00, -2.1605889499187469e+00, 9.2982517182826996e-01, -2.3850972950458527e-01},
    {9.7839581966400146e-01, 3.5548806190490723e-01, 2.7214518785476685e+00, -2.1467667818069458e-01, -5.9451016783714294e-01, 2.4782714843750000e+00, 2.4137860536575317e-01, 4.9679234623908997e-01, 1.5005418658256531e-01, -7.0634907484054565e-01, 1.3254125118255615e+00, -2.3458603024482727e-01, 1.8723100423812866e-01, 5.8124345541000366e-01, 2.6910927891731262e-01, -1.5272266864776611e+00},
    {3.5548806190490723e-01, -1.3372193276882172e-01, -1.7538763880729675e+00, 1.3194266408681870e+00, -5.6234726682305336e-02, 5.2570104598999023e-03, -1.5140847861766815e+00, -4.5389235019683838e-02, 4.2339229583740234e-01, 1.4199301004409790e+00, -8.8987432420253754e-02, -1.8211300671100616e-01, -9.1201847791671753e-01, -2.8700479865074158e-01, -8.0485934019088745e-01, 8.7722301483154297e-02},
    {2.7214518785476685e+00, -1.7538763880729675e+00, -3.8400283455848694e-01, -3.1575640439987183e+00, -1.3771024942398071e+00, 5.4716497659683228e-01, 1.7129445075988770e-01, 6.0458016395568848e-01, 2.8848814964294434e-01, 1.5182911157608032e+00, -3.1772822141647339e-01, 8.4831082820892334e-01, -7.3932361602783203e-01, 2.5611346960067749e-01, 8.9958339929580688e-01, -2.1482914686203003e-01},
    {-2.1467667818069458e-01, 1.3194266408681870e+00, -3.1575640439987183e+00, 2.1058959960937500e+00, -2.1755397319793701e-02, -1.2984603643417358e+00, -1.4736258983612061e-01, 3.1128764152526855e-02, -4.9966102838516235e-01, -1.2233734130859375e+00, -2.1127532422542572e-01, -1.4847221374511719e+00, 1.5114402770996094e-01, -3.5676857829093933e-01, -2.3216041922569275e-01, 6.9261264801025391e-01},
    {-5.9451016783714294e-01, -5.6234726682305336e-02, -1.3771024942398071e+00, -2.1755397319793701e-02, 2.5368647575378418e+00, -2.2899167239665985e-01, -1.3196591138839722e+00, 4.7058698534965515e-01, 3.6575844883918762e-01, -4.1312327980995178e-01, 7.7795600891113281e-01, -9.0333408117294312e-01, -6.2664002180099487e-01, 6.6732072830200195e-01, -9.9425935745239258e-01, 6.0569155216217041e-01},
    {2.4782714843750000e+00, 5.2570104598999023e-03, 5.4716497659683228e-01, -1.2984603643417358e+00, -2.2899167239665985e-01, 2.1810841560363770e+00, 7.1712306141853333e-01, -3.4417358040809631e-01, -7.5310015678405762e-01, 1.6019676625728607e-01, -1.2797160446643829e-01, 2.0685865879058838e+00, -5.0625240802764893e-01, -9.6947409212589264e-02, 9.7265177965164185e-01, -5.5698978900909424e-01},
    {2.4137860536575317e-01, -1.5140847861766815e+00, 1.7129445075988770e-01, -1.4736258983612061e-01, -1.3196591138839722e+00, 7.1712306141853333e-01, -1.3235549926757812e+00, 7.1988059580326080e-01, 1.1388911008834839e+00, 1.2953295707702637e+00, 1.6442295312881470e+00, -7.8727900981903076e-01, -7.9188472032546997e-01, -9.2023557424545288e-01, -3.5616514086723328e-01, 6.4620906114578247e-01},
    {4.9679234623908997e-01, -4.5389235019683838e-02, 6.0458016395568848e-01, 3.1128764152526855e-02, 4.7058698534965515e-01, -3.4417358040809631e-01, 7.1988059580326080e-01, 3.1732218265533447e+00, 5.7657057046890259e-01, 6.0302627086639404e-01, 2.3519442081451416e+00, 6.0300290584564209e-01, 1.2494240999221802e+00, -7.5735175609588623e-01, 1.2207046747207642e+00, 1.5883605480194092e+00}
}}};

static constexpr auto result = eigvals(mat);

int main() { return 0; }
