#include "../../consteig.hpp"

using namespace consteig;

static constexpr Matrix<double, 18, 18> mat
{{{
    {8.0820429325103760e-01, -1.6886858642101288e-01, -7.8618937730789185e-01, 1.3889249563217163e+00, -6.9648677110671997e-01, 3.0351829528808594e-01, -5.9186834096908569e-01, 1.1028106212615967e+00, 4.9725127220153809e-01, -1.6258877515792847e+00, 1.1059903502464294e+00, -2.3735170364379883e+00, -4.1620506346225739e-01, -1.3832062482833862e-02, 1.2261023223400116e+00, 2.0683224275708199e+00, 4.6498292684555054e-01, -1.6217911243438721e-01},
    {-1.7602554559707642e+00, 1.0068348050117493e-01, -1.0716168582439423e-01, 8.2209032773971558e-01, -1.0518345832824707e+00, 6.2954062223434448e-01, 8.4507143497467041e-01, -1.0008441209793091e+00, -6.6227734088897705e-02, 1.1059903502464294e+00, 1.2888402938842773e+00, -1.7082353532314301e+00, 1.2367731928825378e+00, -1.0968203246593475e+00, 1.2771623730659485e+00, 1.6136485040187836e+00, 8.0143752694129944e-01, -1.2472386360168457e+00},
    {-1.6800864934921265e+00, 2.6658868789672852e-01, -8.3689367771148682e-01, -1.0510426759719849e+00, -2.4828431010246277e-01, -4.3024578690528870e-01, 3.1040164828300476e-01, -8.3142590522766113e-01, -1.3914675712585449e+00, -2.3735170364379883e+00, -1.7082353532314301e+00, 1.7243854999542236e+00, -9.3193173408508301e-01, 3.8892661780118942e-01, 1.5367786530405283e+00, 7.5891023874282837e-01, -3.4571662545204163e-01, 3.7512934207916260e+00},
    {-1.5797637701034546e+00, 5.6772142648696899e-01, 5.4546034336090088e-01, 3.1105188652873039e-02, 8.2552933692932129e-01, 1.7237368822097778e+00, 1.0294141769409180e+00, 5.1470041275024414e-01, -2.1651933193206787e+00, -4.1620506346225739e-01, 1.2367731928825378e+00, -9.3193173408508301e-01, -2.1774301528930664e+00, -4.1412214189767838e-01, 7.3021292686462402e-01, 6.4109838753938675e-01, 9.7829092852771282e-01, -2.4599273800849915e+00},
    {1.7841799259185791e+00, 1.6724537611007690e+00, -6.3990956544876099e-01, -3.2356566190719604e-01, 2.4013838768005371e+00, -7.0504927635192871e-01, -6.4693009853363037e-01, -1.2101140022277832e+00, 2.5999739170074463e+00, -1.3832062482833862e-02, -1.0968203246593475e+00, 3.8892661780118942e-01, -4.1412214189767838e-01, -1.7234318256378174e+00, -1.6033798456192017e+00, 1.5629252195358276e+00, -1.6969798803329468e+00, -7.5816622376441956e-01},
    {-1.4478442072868347e-01, 8.2687580585479736e-01, -1.2778800725936890e+00, 2.0526297092437744e+00, 5.2871322631835938e-01, 3.9933335781097412e-01, -2.6670411229133606e-01, 8.3876579999923706e-01, 1.1463912725448608e+00, 1.2261023223400116e+00, 1.2771623730659485e+00, 1.5367786530405283e+00, 7.3021292686462402e-01, -1.6033798456192017e+00, 1.0035310983657837e+00, 1.2627255469560623e+00, -9.4119942188262939e-01, 2.3075687289237976e+00},
    {-5.6567764282226562e-01, 6.2791156768798828e-01, 7.1725785732269287e-01, 5.9036546945571899e-01, -6.3304054737091064e-01, 1.6898275613784790e+00, -2.6382777094841003e-01, -1.9301604032516479e+00, 6.5946646034717560e-02, 2.0683224275708199e+00, 1.6136485040187836e+00, 7.5891023874282837e-01, 6.4109838753938675e-01, 1.5629252195358276e+00, 1.2627255469560623e+00, 1.8683208227157593e+00, 2.1373243927955627e+00, 1.0325996130704880e+00},
    {2.7979865670204163e-01, -2.0417553186416626e-01, 9.9437844753265381e-01, -2.3476317524909973e-01, -1.0673805475234985e+00, -9.6635043621063232e-02, -8.4902024269104004e-01, 2.3576439917087555e-01, 1.1999665498733521e+00, 4.6498292684555054e-01, 8.0143752694129944e-01, -3.4571662545204163e-01, 9.7829092852771282e-01, -1.6969798803329468e+00, -9.4119942188262939e-01, 2.1373243927955627e+00, 5.5142855644226074e-01, 8.3169102668762207e-02},
    {-1.3022304773330688e+00, 3.0164501070976257e-01, -3.1010428071022034e-01, 1.3238483667373657e+00, -1.5727415680885315e-01, 1.6808402538299561e-01, 6.1026595532894135e-02, 6.3431799411773682e-01, 1.6440845727920532e+00, -1.6217911243438721e-01, -1.2472386360168457e+00, 3.7512934207916260e+00, -2.4599273800849915e+00, -7.5816622376441956e-01, 2.3075687289237976e+00, 1.0325996130704880e+00, 8.3169102668762207e-02, 2.5164654254913330e+00},
    {-2.7063697576522827e-01, -8.3294638991355896e-01, -1.7527826726436615e+00, 1.6024122238159180e+00, -1.7078982591629028e+00, -8.9543151855468750e-01, 4.8204848170280457e-01, -6.7388713359832764e-03, 1.2357398867607117e+00, -8.0820429325103760e-01, 1.7602554559707642e+00, 1.6800864934921265e+00, 1.5797637701034546e+00, -1.7841799259185791e+00, 1.4478442072868347e-01, 5.6567764282226562e-01, -2.7979865670204163e-01, 1.3022304773330688e+00},
    {-8.3294638991355896e-01, 2.5438824295997620e-01, -1.8745419383049011e-01, 1.4822793900966644e+00, 3.1476984918117523e-01, -7.7206517755985260e-01, -2.2241783142089844e-01, -9.6229183673858643e-01, 3.8858950138092041e-01, 1.6886858642101288e-01, -1.0068348050117493e-01, -2.6658868789672852e-01, -5.6772142648696899e-01, -1.6724537611007690e+00, -8.2687580585479736e-01, -6.2791156768798828e-01, 2.0417553186416626e-01, -3.0164501070976257e-01},
    {-1.7527826726436615e+00, -1.8745419383049011e-01, -4.3577985763549805e+00, -2.5106408596038818e+00, 1.6952043771743774e-01, -5.2180913090705872e-01, -8.6965319514274597e-01, 4.1298948973417282e-01, -1.9614756703376770e+00, 7.8618937730789185e-01, 1.0716168582439423e-01, 8.3689367771148682e-01, -5.4546034336090088e-01, 6.3990956544876099e-01, 1.2778800725936890e+00, -7.1725785732269287e-01, -9.9437844753265381e-01, 3.1010428071022034e-01},
    {1.6024122238159180e+00, 1.4822793900966644e+00, -2.5106408596038818e+00, 1.3638076186180115e-01, 3.3417111635208130e-01, -4.7720532119274139e-01, -1.1643687412142754e+00, 6.6781863570213318e-02, -1.0718029737472534e+00, -1.3889249563217163e+00, -8.2209032773971558e-01, 1.0510426759719849e+00, -3.1105188652873039e-02, 3.2356566190719604e-01, -2.0526297092437744e+00, -5.9036546945571899e-01, 2.3476317524909973e-01, -1.3238483667373657e+00},
    {-1.7078982591629028e+00, 3.1476984918117523e-01, 1.6952043771743774e-01, 3.3417111635208130e-01, 1.4978432655334473e+00, 2.2261631488800049e-01, -1.9736004136502743e+00, -4.3868660926818848e-01, -5.1224112510681152e-02, 6.9648677110671997e-01, 1.0518345832824707e+00, 2.4828431010246277e-01, -8.2552933692932129e-01, -2.4013838768005371e+00, -5.2871322631835938e-01, 6.3304054737091064e-01, 1.0673805475234985e+00, 1.5727415680885315e-01},
    {-8.9543151855468750e-01, -7.7206517755985260e-01, -5.2180913090705872e-01, -4.7720532119274139e-01, 2.2261631488800049e-01, -9.5362484455108643e-01, 1.0288131386041641e+00, 3.7874972820281982e-01, 3.2577466964721680e-01, -3.0351829528808594e-01, -6.2954062223434448e-01, 4.3024578690528870e-01, -1.7237368822097778e+00, 7.0504927635192871e-01, -3.9933335781097412e-01, -1.6898275613784790e+00, 9.6635043621063232e-02, -1.6808402538299561e-01},
    {4.8204848170280457e-01, -2.2241783142089844e-01, -8.6965319514274597e-01, -1.1643687412142754e+00, -1.9736004136502743e+00, 1.0288131386041641e+00, -9.5009303092956543e-01, -2.2849563360214233e+00, 2.9431486129760742e-01, 5.9186834096908569e-01, -8.4507143497467041e-01, -3.1040164828300476e-01, -1.0294141769409180e+00, 6.4693009853363037e-01, 2.6670411229133606e-01, 2.6382777094841003e-01, 8.4902024269104004e-01, -6.1026595532894135e-02},
    {-6.7388713359832764e-03, -9.6229183673858643e-01, 4.1298948973417282e-01, 6.6781863570213318e-02, -4.3868660926818848e-01, 3.7874972820281982e-01, -2.2849563360214233e+00, 1.0753182172775269e+00, 1.5511936545372009e+00, -1.1028106212615967e+00, 1.0008441209793091e+00, 8.3142590522766113e-01, -5.1470041275024414e-01, 1.2101140022277832e+00, -8.3876579999923706e-01, 1.9301604032516479e+00, -2.3576439917087555e-01, -6.3431799411773682e-01},
    {1.2357398867607117e+00, 3.8858950138092041e-01, -1.9614756703376770e+00, -1.0718029737472534e+00, -5.1224112510681152e-02, 3.2577466964721680e-01, 2.9431486129760742e-01, 1.5511936545372009e+00, -2.1649615764617920e+00, -4.9725127220153809e-01, 6.6227734088897705e-02, 1.3914675712585449e+00, 2.1651933193206787e+00, -2.5999739170074463e+00, -1.1463912725448608e+00, -6.5946646034717560e-02, -1.1999665498733521e+00, -1.6440845727920532e+00}
}}};

static constexpr auto result = eigvals(mat);

int main() { return 0; }
