#include "../../consteig.hpp"

using namespace consteig;

static constexpr Matrix<double, 16, 16> mat
{{{
    {-9.7237676382064819e-01, -2.8043986856937408e-01, 1.4790221303701401e+00, 1.2987645566463470e+00, -3.0222731828689575e-01, 2.4601304531097412e-01, 7.0907756686210632e-01, -2.6518912613391876e-01, 1.6326355934143066e-01, -4.1986879706382751e-01, -3.6148330569267273e-01, -6.2093734741210938e-02, -6.3558748364448547e-01, -3.4428470134735107e+00, 6.0383970290422440e-01, -1.8134772777557373e-02},
    {-2.8043986856937408e-01, 1.8435106277465820e+00, 1.9255766272544861e-01, 1.9145990014076233e+00, 8.0008897930383682e-01, -9.2321649193763733e-01, 7.2740584611892700e-02, -5.2411425113677979e-01, 1.6446921229362488e+00, -7.9013475775718689e-01, 1.6001508235931396e+00, 2.9568290710449219e+00, 2.1521625965833664e+00, 1.8749013245105743e+00, 5.4768389463424683e-01, 1.4262034595012665e+00},
    {1.4790221303701401e+00, 1.9255766272544861e-01, -9.9478763341903687e-01, -5.0215077400207520e-01, 6.2782132625579834e-01, 2.4446367621421814e+00, 2.6545386314392090e+00, 1.2686485499143600e+00, -1.7466556429862976e+00, -2.9954314231872559e-01, 1.0106235742568970e+00, -2.1874016523361206e+00, -3.8752120733261108e-01, 6.6543166339397430e-01, 5.8356541395187378e-01, 1.2139488756656647e-01},
    {1.2987645566463470e+00, 1.9145990014076233e+00, -5.0215077400207520e-01, 2.1411223411560059e+00, 9.5231372117996216e-01, 4.1197896003723145e-02, -3.5262167453765869e-01, -7.2071549296379089e-01, 9.2534801363945007e-01, -1.2833544015884399e+00, 2.1110327243804932e+00, -1.0555808246135712e+00, -5.9146654605865479e-01, -8.5613463819026947e-01, 1.6198933124542236e-01, 3.2375752925872803e-02},
    {-3.0222731828689575e-01, 8.0008897930383682e-01, 6.2782132625579834e-01, 9.5231372117996216e-01, -5.9431117773056030e-01, -1.3584399819374084e+00, -1.5446363389492035e-01, 4.3109455704689026e-01, -3.3955726027488708e-01, -6.6396814584732056e-01, -6.8675299733877182e-01, -1.7869527861475945e+00, -4.5137530565261841e-01, -4.9036896228790283e-01, -3.4054059982299805e+00, 9.4769167900085449e-01},
    {2.4601304531097412e-01, -9.2321649193763733e-01, 2.4446367621421814e+00, 4.1197896003723145e-02, -1.3584399819374084e+00, -2.4807400703430176e+00, 4.4637328386306763e-01, 1.8775140643119812e+00, 1.2401543855667114e+00, -1.2056153938174248e+00, -8.7665975093841553e-01, -1.7643225193023682e-01, -1.3193640261888504e+00, 1.5413179993629456e+00, -4.2416393943130970e-01, -3.0859781503677368e+00},
    {7.0907756686210632e-01, 7.2740584611892700e-02, 2.6545386314392090e+00, -3.5262167453765869e-01, -1.5446363389492035e-01, 4.4637328386306763e-01, 1.4863537549972534e+00, -9.2821705341339111e-01, 9.1227444261312485e-01, 1.0484143607318401e+00, -1.6531020998954773e+00, -1.6700957715511322e-01, -5.7625135779380798e-01, -1.3069701865315437e+00, -1.4939559400081635e+00, 4.6513241529464722e-01},
    {-2.6518912613391876e-01, -5.2411425113677979e-01, 1.2686485499143600e+00, -7.2071549296379089e-01, 4.3109455704689026e-01, 1.8775140643119812e+00, -9.2821705341339111e-01, 1.2878255546092987e-01, 4.1751676797866821e-01, 5.8596152067184448e-01, 1.3613218814134598e-01, -1.3691977411508560e+00, 3.1305563449859619e-01, 1.8071801662445068e+00, 1.5753218233585358e+00, -1.6056832075119019e+00},
    {1.6326355934143066e-01, 1.6446921229362488e+00, -1.7466556429862976e+00, 9.2534801363945007e-01, -3.3955726027488708e-01, 1.2401543855667114e+00, 9.1227444261312485e-01, 4.1751676797866821e-01, 1.2673389911651611e+00, 1.2905457615852356e+00, -8.5420188307762146e-01, -1.7121529579162598e-01, 1.7291522026062012e+00, 3.1971836090087891e+00, 1.3036492094397545e+00, -1.7699117958545685e-01},
    {-4.1986879706382751e-01, -7.9013475775718689e-01, -2.9954314231872559e-01, -1.2833544015884399e+00, -6.6396814584732056e-01, -1.2056153938174248e+00, 1.0484143607318401e+00, 5.8596152067184448e-01, 1.2905457615852356e+00, 2.8653547763824463e+00, 9.1611845791339874e-01, -3.3868539333343506e-01, 7.6855108141899109e-01, 4.6589727979153395e-01, 2.7752915620803833e+00, -7.6867766678333282e-01},
    {-3.6148330569267273e-01, 1.6001508235931396e+00, 1.0106235742568970e+00, 2.1110327243804932e+00, -6.8675299733877182e-01, -8.7665975093841553e-01, -1.6531020998954773e+00, 1.3613218814134598e-01, -8.5420188307762146e-01, 9.1611845791339874e-01, -1.3913738727569580e-01, -2.2100403904914856e+00, -1.6434029936790466e+00, -8.3838014304637909e-01, 1.0666575841605663e+00, 8.1929528713226318e-01},
    {-6.2093734741210938e-02, 2.9568290710449219e+00, -2.1874016523361206e+00, -1.0555808246135712e+00, -1.7869527861475945e+00, -1.7643225193023682e-01, -1.6700957715511322e-01, -1.3691977411508560e+00, -1.7121529579162598e-01, -3.3868539333343506e-01, -2.2100403904914856e+00, 3.2781345844268799e+00, 4.1401395201683044e-01, 4.0932642221450806e+00, 6.2710452079772949e-01, 7.3197114467620850e-01},
    {-6.3558748364448547e-01, 2.1521625965833664e+00, -3.8752120733261108e-01, -5.9146654605865479e-01, -4.5137530565261841e-01, -1.3193640261888504e+00, -5.7625135779380798e-01, 3.1305563449859619e-01, 1.7291522026062012e+00, 7.6855108141899109e-01, -1.6434029936790466e+00, 4.1401395201683044e-01, -1.1056299321353436e-02, 1.0393114984035492e+00, -6.7636892199516296e-01, -8.4042644407600164e-01},
    {-3.4428470134735107e+00, 1.8749013245105743e+00, 6.6543166339397430e-01, -8.5613463819026947e-01, -4.9036896228790283e-01, 1.5413179993629456e+00, -1.3069701865315437e+00, 1.8071801662445068e+00, 3.1971836090087891e+00, 4.6589727979153395e-01, -8.3838014304637909e-01, 4.0932642221450806e+00, 1.0393114984035492e+00, -6.0586035251617432e-01, -1.4325020611286163e+00, 4.3414747714996338e-01},
    {6.0383970290422440e-01, 5.4768389463424683e-01, 5.8356541395187378e-01, 1.6198933124542236e-01, -3.4054059982299805e+00, -4.2416393943130970e-01, -1.4939559400081635e+00, 1.5753218233585358e+00, 1.3036492094397545e+00, 2.7752915620803833e+00, 1.0666575841605663e+00, 6.2710452079772949e-01, -6.7636892199516296e-01, -1.4325020611286163e+00, -1.3959543704986572e+00, 1.2251779884099960e+00},
    {-1.8134772777557373e-02, 1.4262034595012665e+00, 1.2139488756656647e-01, 3.2375752925872803e-02, 9.4769167900085449e-01, -3.0859781503677368e+00, 4.6513241529464722e-01, -1.6056832075119019e+00, -1.7699117958545685e-01, -7.6867766678333282e-01, 8.1929528713226318e-01, 7.3197114467620850e-01, -8.4042644407600164e-01, 4.3414747714996338e-01, 1.2251779884099960e+00, -1.5253275632858276e-01}
}}};

static constexpr auto result = eigvals(mat);

int main() { return 0; }
