#include "../../consteig.hpp"

using namespace consteig;

static constexpr Matrix<double, 8, 8> mat
{{{
    {1.0000000000000004e+00, -4.8978134860636504e-17, -2.0959002121521736e-16, 5.8393694522387639e-17, 1.7899600991232553e-16, 1.4070815123651673e-16, 1.3707523910940702e-16, -2.2299129861575645e-16},
    {-4.8978134860636504e-17, 1.0000000000000000e+00, -1.4410283087084682e-16, 1.8756118960313016e-16, -5.2306458897249445e-17, 5.4537651635714091e-18, -4.8599753236792448e-17, 1.5829191140057610e-16},
    {-2.0959002121521736e-16, -1.4410283087084682e-16, 1.0000000000000000e+00, 4.7236645480190852e-16, -7.3419758212083205e-18, -2.3177471187312414e-16, -2.8871068958825754e-16, -1.0886626287531518e-16},
    {5.8393694522387639e-17, 1.8756118960313016e-16, 4.7236645480190852e-16, 9.9999999999999978e-01, 2.9180684425923092e-17, 2.0072275357728643e-16, 6.0123064633432996e-17, -6.3982010435792737e-17},
    {1.7899600991232553e-16, -5.2306458897249445e-17, -7.3419758212083205e-18, 2.9180684425923092e-17, 9.9999999999999989e-01, -2.2580260329886880e-16, 1.3631724409670971e-16, 7.7672526858429954e-17},
    {1.4070815123651673e-16, 5.4537651635714091e-18, -2.3177471187312414e-16, 2.0072275357728643e-16, -2.2580260329886880e-16, 1.0000000000000000e+00, 3.2148930024595775e-18, -2.5669211252636595e-17},
    {1.3707523910940702e-16, -4.8599753236792448e-17, -2.8871068958825754e-16, 6.0123064633432996e-17, 1.3631724409670971e-16, 3.2148930024595775e-18, 9.9999999999999978e-01, 2.0542212671163224e-17},
    {-2.2299129861575645e-16, 1.5829191140057610e-16, -1.0886626287531518e-16, -6.3982010435792737e-17, 7.7672526858429954e-17, -2.5669211252636595e-17, 2.0542212671163224e-17, 1.0000000000000000e+00}
}}};

static constexpr auto result = eigvals(mat);

int main() { return 0; }
