#include "../../consteig.hpp"

using namespace consteig;

static constexpr Matrix<double, 8, 8> mat
{{{
    {-1.4895084500312805e-01, 3.6013242602348328e-01, -3.3082422614097595e-01, 4.0427160263061523e-01, -1.1454461812973022e+00, -4.9047239124774933e-01, 7.9193125665187836e-01, -9.7552023455500603e-01},
    {-1.3998708128929138e-01, 3.1714093685150146e-01, -3.0689358711242676e-01, -5.1155769824981689e-01, -4.9047239124774933e-01, 2.2196049690246582e+00, -1.7345973849296570e-01, -3.6339279413223267e+00},
    {-6.9660103321075439e-01, 6.4433562755584717e-01, 4.0669286251068115e-01, -2.9833182692527771e-01, 7.9193125665187836e-01, -1.7345973849296570e-01, 1.6121642664074898e-02, -3.4488615393638611e-01},
    {-2.5912961959838867e+00, 1.4321138858795166e+00, -3.0033496022224426e-01, 8.4499639272689819e-01, -9.7552023455500603e-01, -3.6339279413223267e+00, -3.4488615393638611e-01, 8.4403129294514656e-03},
    {3.5551021099090576e+00, -6.5680062770843506e-01, -1.0078112781047821e+00, 2.5877779722213745e-01, 1.4895084500312805e-01, 1.3998708128929138e-01, 6.9660103321075439e-01, 2.5912961959838867e+00},
    {-6.5680062770843506e-01, -1.2077360153198242e+00, 7.4074625968933105e-01, 1.0774893760681152e+00, -3.6013242602348328e-01, -3.1714093685150146e-01, -6.4433562755584717e-01, -1.4321138858795166e+00},
    {-1.0078112781047821e+00, 7.4074625968933105e-01, 2.1949608325958252e+00, 4.4524919986724854e-01, 3.3082422614097595e-01, 3.0689358711242676e-01, -4.0669286251068115e-01, 3.0033496022224426e-01},
    {2.5877779722213745e-01, 1.0774893760681152e+00, 4.4524919986724854e-01, -2.0653274059295654e+00, -4.0427160263061523e-01, 5.1155769824981689e-01, 2.9833182692527771e-01, -8.4499639272689819e-01}
}}};

static constexpr auto result = eigvals(mat);

int main() { return 0; }
