#include "../../consteig.hpp"

using namespace consteig;

static constexpr Matrix<double, 16, 16> mat
{{{
    {1.0000040029094805e+00, -1.8350842981190141e-06, 3.7220302445226564e-07, -1.5526975429588205e-06, 1.9123216400780460e-08, 1.0441966026876002e-06, 5.2197033638318014e-07, 5.8123751347249918e-07, 5.0540767669170114e-08, -6.3305125979855485e-07, 1.2241127920421349e-06, 1.2031940024116470e-06, 3.2281291342929583e-07, -1.4041247408618715e-06, 3.0451578858502585e-07, -2.5324826121817262e-07},
    {-1.8350842981964049e-06, 1.0000044444623761e+00, -1.1585827041064428e-07, -3.1430537806198389e-07, -7.2177710642094656e-08, -7.3788540220062266e-07, -8.2086189630982898e-07, -3.3092677909901744e-07, 7.7440978981297670e-07, -9.8721316963544207e-07, -4.0132575295556090e-07, 4.1159645610039904e-07, -6.1428599008878019e-08, -2.6084451049260069e-07, -3.9297648758607594e-07, 3.0645424342321814e-07},
    {3.7220302444545963e-07, -1.1585827039491668e-07, 1.0000068291092625e+00, -5.9470989860534545e-07, 5.5373428846438101e-07, 1.4071104058029434e-06, 1.0962427533418637e-06, -1.3281251282385867e-06, -9.1390997906856082e-08, 6.5741868566158468e-07, -1.6685581233760191e-06, 5.6172298738255620e-07, -5.7545540230485768e-07, 2.5843807328489538e-07, -5.8388114860540298e-07, 1.0718668501526604e-06},
    {-1.5526975429050616e-06, -3.1430537806267380e-07, -5.9470989862668919e-07, 1.0000059626576812e+00, -8.5225867743813505e-08, -2.8984350789174858e-07, 1.5941427716720251e-06, 9.1569700197297613e-08, 1.5536881393846640e-07, 6.6072706535291184e-07, -1.2882890736167481e-06, 2.6400524622123707e-07, 6.0860300054679213e-07, 1.9506987660085358e-06, 1.0782739534810969e-06, 8.3865140070943732e-07},
    {1.9123216404877141e-08, -7.2177710641417214e-08, 5.5373428844469056e-07, -8.5225867733913476e-08, 1.0000044337282699e+00, 6.3338560435307385e-07, 3.2250582800980197e-07, 5.8383970629941785e-07, 7.2812227991107837e-07, 3.5135464317093187e-07, 7.6837914909985159e-08, 1.1986336764649244e-07, -6.8680476519508096e-07, 7.6346236728572713e-07, -7.5593712946195900e-07, -1.5370907575620936e-07},
    {1.0441966026409484e-06, -7.3788540224710306e-07, 1.4071104058073552e-06, -2.8984350788689704e-07, 6.3338560435727037e-07, 1.0000036925756244e+00, 5.7278748263361388e-08, 7.5524024968823966e-08, -5.8464616732534697e-08, 2.6672476740197301e-07, -3.3559038109477876e-07, -1.9139844995911384e-06, 3.0581615717975294e-07, 1.7823760256227865e-07, -1.9355103225327359e-07, -8.7566806561843615e-07},
    {5.2197033634230773e-07, -8.2086189630210468e-07, 1.0962427533426633e-06, 1.5941427716991520e-06, 3.2250582800052686e-07, 5.7278748279190343e-08, 1.0000038452146276e+00, -3.4494733618152551e-08, -1.1679040040149908e-06, -1.6449589807273836e-06, 1.6770697416043269e-07, 6.4333943506797445e-07, -4.7874981985575712e-07, -5.7680113633254378e-07, -2.6538104544245093e-07, 1.7645552313485780e-07},
    {5.8123751345469614e-07, -3.3092677909674448e-07, -1.3281251282794369e-06, 9.1569700203591531e-08, 5.8383970631687117e-07, 7.5524024952724040e-08, -3.4494733609068712e-08, 1.0000046062831902e+00, -1.2232782636249685e-06, -6.8215020459641104e-07, -3.6749176946787320e-08, -4.0108680799904059e-07, 5.9651669623742315e-07, -1.4301074090915437e-06, 5.3457070771609846e-07, -1.0246006989922061e-07},
    {5.0540767678424790e-08, 7.7440978982749453e-07, -9.1390997903864454e-08, 1.5536881394252152e-07, 7.2812227986820993e-07, -5.8464616728002396e-08, -1.1679040040393788e-06, -1.2232782636324903e-06, 1.0000059935117789e+00, -1.8203426606462841e-07, 8.6039289843091977e-07, 2.0714389226598253e-07, -5.2451500562244060e-07, 1.1062107138079342e-06, 4.0171394801775851e-07, 4.1219164124938393e-07},
    {-6.3305125979874596e-07, -9.8721316960818921e-07, 6.5741868565456352e-07, 6.6072706536608490e-07, 3.5135464317987405e-07, 2.6672476741511616e-07, -1.6449589807391519e-06, -6.8215020457092075e-07, -1.8203426606693015e-07, 1.0000062697095595e+00, 1.1271634178285875e-06, 1.2177174150621648e-07, -7.4585325593210002e-07, -1.1227389943376625e-07, -5.4242913989268159e-07, 3.3288802136029720e-07},
    {1.2241127919995647e-06, -4.0132575293768649e-07, -1.6685581234054995e-06, -1.2882890736360877e-06, 7.6837914901256590e-08, -3.3559038108920989e-07, 1.6770697416793380e-07, -3.6749176939905051e-08, 8.6039289840489278e-07, 1.1271634178083087e-06, 1.0000046725553857e+00, 7.9830073111629185e-07, -3.5873364683823066e-07, 4.1769893030771942e-07, 2.5946610265432758e-07, 1.2532990500981960e-06},
    {1.2031940023784084e-06, 4.1159645608064004e-07, 5.6172298732215745e-07, 2.6400524623583801e-07, 1.1986336765822965e-07, -1.9139844995858525e-06, 6.4333943511113279e-07, -4.0108680798146010e-07, 2.0714389226899627e-07, 1.2177174151134265e-07, 7.9830073112024845e-07, 1.0000053838150333e+00, 2.8588259140186318e-07, -3.2053811176441051e-07, 3.1585500928808424e-07, 7.9330949107925519e-07},
    {3.2281291343900764e-07, -6.1428599007844440e-08, -5.7545540230563092e-07, 6.0860300052659558e-07, -6.8680476521291535e-07, 3.0581615717366627e-07, -4.7874981987624547e-07, 5.9651669622651231e-07, -5.2451500561083572e-07, -7.4585325591876137e-07, -3.5873364682841058e-07, 2.8588259140041258e-07, 1.0000047198402373e+00, 6.4265923843649762e-07, 3.8532616497925493e-07, -1.8728797155026238e-07},
    {-1.4041247409003297e-06, -2.6084451051840455e-07, 2.5843807326488925e-07, 1.9506987660186985e-06, 7.6346236728412475e-07, 1.7823760258470663e-07, -5.7680113632617706e-07, -1.4301074091072212e-06, 1.1062107138099787e-06, -1.1227389942835308e-07, 4.1769893031107092e-07, -3.2053811178958147e-07, 6.4265923843034541e-07, 1.0000059936570826e+00, -3.8239109934260491e-07, 4.0382184564191719e-07},
    {3.0451578862194474e-07, -3.9297648759569734e-07, -5.8388114861287222e-07, 1.0782739534737076e-06, -7.5593712941675921e-07, -1.9355103222647508e-07, -2.6538104547083718e-07, 5.3457070770990951e-07, 4.0171394800035622e-07, -5.4242913990940752e-07, 2.5946610263281548e-07, 3.1585500929648633e-07, 3.8532616499503965e-07, -3.8239109935639365e-07, 1.0000060766414627e+00, 7.5926512651885501e-07},
    {-2.5324826123780509e-07, 3.0645424345360921e-07, 1.0718668501424433e-06, 8.3865140072117201e-07, -1.5370907576288843e-07, -8.7566806563224321e-07, 1.7645552314403707e-07, -1.0246006987895113e-07, 4.1219164126034808e-07, 3.3288802135958717e-07, 1.2532990500963134e-06, 7.9330949106763781e-07, -1.8728797153413342e-07, 4.0382184564957331e-07, 7.5926512652175165e-07, 1.0000030733289473e+00}
}}};

static constexpr auto result = eigvals(mat);

int main() { return 0; }
