#include "../../consteig.hpp"

using namespace consteig;

static constexpr Matrix<double, 16, 16> mat
{{{
    {1.0000042435419820e+00, -9.0523777572222968e-07, 1.1878539116173551e-07, -3.2012656900001455e-07, 1.1414396470986522e-07, 1.2492599246540600e-07, 6.8886163016724700e-07, 5.6656446493337213e-07, 1.0815725258207532e-06, -1.5527744602929193e-07, 4.4373897311542064e-07, -5.4694055648890610e-07, -4.9006939877866768e-07, 5.1267959329545880e-08, -1.6553822773399728e-06, 2.0113617911304906e-07},
    {-9.0523777568374347e-07, 1.0000049057182989e+00, -3.4960389772768056e-07, 2.1009276302181635e-07, -9.7390621293428580e-07, -4.0694653434482500e-08, -3.8938486723081487e-07, 1.0951180562054872e-06, -7.7085613593028577e-08, -3.3995460995887530e-07, -5.2677194471072550e-07, 1.5174871807715271e-06, -1.6337495434412237e-07, -7.1333348848685765e-07, 1.7800972511665502e-06, -7.6540962494224409e-07},
    {1.1878539114935090e-07, -3.4960389773075037e-07, 1.0000074898405749e+00, -1.1959041563371497e-06, 3.4922287528891219e-07, -2.2587818192694699e-07, -5.6733472435772882e-07, 1.0449216488829646e-06, 8.1725125516659083e-07, 1.3639584181768826e-06, -1.2557220738061365e-06, 2.1032805578497885e-07, -3.9494494012691440e-08, -2.3129758493697462e-07, 2.0939464480657541e-07, 5.4852377049373472e-07},
    {-3.2012656899707069e-07, 2.1009276302876528e-07, -1.1959041562971856e-06, 1.0000056396065129e+00, 1.7165444178371665e-07, -1.2533851256330217e-07, 8.3031315056129927e-07, -9.5326968997517209e-07, -5.9582241712554042e-07, 1.2828666781602623e-06, 1.9912400368538305e-07, -1.0435701375595360e-06, -3.9263082841518411e-08, 7.2258369187817602e-07, -8.2320571485327440e-07, 1.1129603675946111e-06},
    {1.1414396476301512e-07, -9.7390621293955096e-07, 3.4922287527684075e-07, 1.7165444178697706e-07, 1.0000039512716319e+00, 5.9348934666218766e-08, -2.0326548294486079e-07, 2.1981836051377697e-07, 9.9299865127203155e-07, -9.6072142509948854e-08, 2.3081102939896852e-07, -1.8705298527238777e-07, 3.0953519305878656e-07, -1.1633565235920760e-07, -1.3292084435019510e-06, 1.0752534718727963e-07},
    {1.2492599245787482e-07, -4.0694653435236769e-08, -2.2587818192812338e-07, -1.2533851258541082e-07, 5.9348934648539726e-08, 1.0000059616686237e+00, -3.8271502437861513e-08, 1.1612197701204158e-06, 6.5221753749661739e-07, -2.3863200834125919e-07, 1.4097499321719408e-07, 1.7727271368288727e-07, -1.9722178906806209e-06, 2.8284176877953053e-07, -2.9727212843073844e-07, 1.3245423443375205e-07},
    {6.8886163016830145e-07, -3.8938486724742773e-07, -5.6733472436150532e-07, 8.3031315058871275e-07, -2.0326548295643349e-07, -3.8271502425709098e-08, 1.0000041648598978e+00, -3.6230298911725053e-07, 6.4593493508287997e-07, -6.1007790515758571e-07, -1.0891984233098999e-07, 2.3242883986799375e-07, -8.0955145410706698e-08, 4.8889334697773807e-07, 3.2776019132545089e-07, 2.5481371426368676e-06},
    {5.6656446496213060e-07, 1.0951180562616870e-06, 1.0449216488618722e-06, -9.5326969003226528e-07, 2.1981836052362100e-07, 1.1612197701902727e-06, -3.6230298912241521e-07, 1.0000046322421485e+00, -4.6633978828741051e-07, -9.7536672686765842e-07, 3.9695910504263557e-07, -7.2274899771055047e-07, -4.1220284973516590e-07, 9.7963573825325496e-07, -8.3181301720153573e-07, 4.4694028530907415e-07},
    {1.0815725258513216e-06, -7.7085613588719681e-08, 8.1725125515752302e-07, -5.9582241716389556e-07, 9.9299865126961963e-07, 6.5221753750693086e-07, 6.4593493508860782e-07, -4.6633978828422863e-07, 1.0000058042346962e+00, 1.1324913754951915e-06, -4.1725274370842967e-07, 3.0263284637289032e-07, -3.4136055479144327e-07, -5.1481978724415522e-08, 8.5506407279798962e-07, 3.8937049778311918e-07},
    {-1.5527744600221967e-07, -3.3995460996147865e-07, 1.3639584182201628e-06, 1.2828666781431469e-06, -9.6072142508389387e-08, -2.3863200834636198e-07, -6.1007790521696727e-07, -9.7536672683901812e-07, 1.1324913755358473e-06, 1.0000042201724819e+00, -1.7680457137880760e-06, -2.3128602401645410e-07, 5.6366173848445553e-07, -7.9662116439580657e-07, -7.0654357830658763e-07, 9.0492631683797877e-07},
    {4.4373897312455769e-07, -5.2677194472445644e-07, -1.2557220738113449e-06, 1.9912400369974349e-07, 2.3081102940603733e-07, 1.4097499324737775e-07, -1.0891984231212015e-07, 3.9695910502662660e-07, -4.1725274371603613e-07, -1.7680457137824630e-06, 1.0000040028102899e+00, -1.7799657214617297e-06, 9.9503675285225694e-08, -6.0236467942630923e-08, 5.8830164100932283e-07, -5.8398933816216341e-07},
    {-5.4694055651147699e-07, 1.5174871807802204e-06, 2.1032805578681991e-07, -1.0435701375316517e-06, -1.8705298526581890e-07, 1.7727271368520115e-07, 2.3242883988254422e-07, -7.2274899773724906e-07, 3.0263284637720606e-07, -2.3128602403510155e-07, -1.7799657214607952e-06, 1.0000049521107046e+00, -6.5506485088948450e-07, -5.9582194361515138e-07, -1.0940613852083833e-06, 6.1336438104936973e-07},
    {-4.9006939875597916e-07, -1.6337495433961716e-07, -3.9494493994890322e-08, -3.9263082764563052e-08, 3.0953519304200519e-07, -1.9722178907069992e-06, -8.0955145421068663e-08, -4.1220284977523659e-07, -3.4136055478007862e-07, 5.6366173848099868e-07, 9.9503675296720089e-08, -6.5506485088000112e-07, 1.0000044416463998e+00, 4.4101308835315999e-07, -7.7993958505488166e-07, -6.3775641224720786e-07},
    {5.1267959329529370e-08, -7.1333348849140462e-07, -2.3129758492030372e-07, 7.2258369187370337e-07, -1.1633565236742726e-07, 2.8284176877312431e-07, 4.8889334697029201e-07, 9.7963573820754610e-07, -5.1481978732786556e-08, -7.9662116441806109e-07, -6.0236467910385226e-08, -5.9582194361872745e-07, 4.4101308833957051e-07, 1.0000065997640815e+00, 5.8471029021664429e-07, 5.5817398935990980e-07},
    {-1.6553822773389369e-06, 1.7800972511803426e-06, 2.0939464480673208e-07, -8.2320571485362677e-07, -1.3292084435310796e-06, -2.9727212843181253e-07, 3.2776019132637600e-07, -8.3181301719333963e-07, 8.5506407278250554e-07, -7.0654357832443144e-07, 5.8830164098745212e-07, -1.0940613851420631e-06, -7.7993958505372451e-07, 5.8471029020759734e-07, 1.0000044835568460e+00, -4.3443053691501035e-07},
    {2.0113617913595471e-07, -7.6540962495263528e-07, 5.4852377052291310e-07, 1.1129603676155351e-06, 1.0752534719739376e-07, 1.3245423443420503e-07, 2.5481371426847174e-06, 4.4694028530488515e-07, 3.8937049781425140e-07, 9.0492631680646618e-07, -5.8398933813366181e-07, 6.1336438104936126e-07, -6.3775641224821403e-07, 5.5817398933496849e-07, -4.3443053690838184e-07, 1.0000045069548289e+00}
}}};

static constexpr auto result = eigvals(mat);

int main() { return 0; }
