#include "../../consteig.hpp"

using namespace consteig;

static constexpr Matrix<double, 12, 12> mat
{{{
    {-6.3444983959197998e-01, -8.2452630996704102e-01, 1.1357703208923340e+00, 2.0499305427074432e-01, -7.4624150991439819e-01, -8.7689650058746338e-01, -4.0700984001159668e+00, -1.5724369883537292e-01, -1.4780873656272888e+00, 1.0398547947406769e+00, -1.0785270333290100e+00, -6.7849352955818176e-01},
    {-1.3430024683475494e-01, 6.2876582145690918e-01, -2.6025300845503807e-02, -4.2948669195175171e-01, 1.6941262483596802e+00, -1.5274019241333008e+00, -1.5724369883537292e-01, -1.9388679265975952e+00, -1.7461054921150208e+00, 5.4779452085494995e-01, -9.2940253019332886e-01, 1.8625978529453278e+00},
    {-3.6725696176290512e-02, 1.8693251609802246e+00, -1.1365419626235962e+00, 3.3769878745079041e-01, -3.6063107848167419e-01, 2.8891435265541077e-01, -1.4780873656272888e+00, -1.7461054921150208e+00, -1.1020568609237671e+00, 4.6279615163803101e-01, 4.6007324755191803e-01, -1.6807171851396561e+00},
    {1.3373883962631226e+00, 7.7211606502532959e-01, 1.6253288835287094e-02, 1.6826041042804718e-01, 1.2175686359405518e+00, -5.9997326135635376e-01, 1.0398547947406769e+00, 5.4779452085494995e-01, 4.6279615163803101e-01, 2.4742937088012695e+00, -1.7321808151900768e+00, 2.4386326074600220e+00},
    {-8.4451925754547119e-01, -1.5605593919754028e+00, 9.9176812171936035e-01, -1.2546977400779724e-01, -7.1417438983917236e-01, -1.3120553493499756e+00, -1.0785270333290100e+00, -9.2940253019332886e-01, 4.6007324755191803e-01, -1.7321808151900768e+00, 2.7422592639923096e+00, -1.2987307608127594e+00},
    {1.2691248655319214e+00, 7.7136945724487305e-01, -1.5469156503677368e+00, 6.8843378685414791e-03, -1.4295065402984619e+00, 3.7195619940757751e-01, -6.7849352955818176e-01, 1.8625978529453278e+00, -1.6807171851396561e+00, 2.4386326074600220e+00, -1.2987307608127594e+00, -2.1035540103912354e+00},
    {-2.1283740997314453e+00, -1.7223793268203735e+00, -7.2071003913879395e-01, -6.9885869324207306e-01, 1.9256356358528137e-01, 1.5890492796897888e+00, 6.3444983959197998e-01, 1.3430024683475494e-01, 3.6725696176290512e-02, -1.3373883962631226e+00, 8.4451925754547119e-01, -1.2691248655319214e+00},
    {-1.7223793268203735e+00, -8.5482865571975708e-01, -1.1253387928009033e+00, -3.7549687623977661e+00, 5.3457856178283691e-01, -4.4891944527626038e-01, 8.2452630996704102e-01, -6.2876582145690918e-01, -1.8693251609802246e+00, -7.7211606502532959e-01, 1.5605593919754028e+00, -7.7136945724487305e-01},
    {-7.2071003913879395e-01, -1.1253387928009033e+00, 2.2965459525585175e-01, 2.7691237926483154e+00, 4.5583343505859375e-01, -1.4661502912640572e+00, -1.1357703208923340e+00, 2.6025300845503807e-02, 1.1365419626235962e+00, -1.6253288835287094e-02, -9.9176812171936035e-01, 1.5469156503677368e+00},
    {-6.9885869324207306e-01, -3.7549687623977661e+00, 2.7691237926483154e+00, 1.9264196157455444e+00, -8.7963572144508362e-01, 1.9301197528839111e+00, -2.0499305427074432e-01, 4.2948669195175171e-01, -3.3769878745079041e-01, -1.6826041042804718e-01, 1.2546977400779724e-01, -6.8843378685414791e-03},
    {1.9256356358528137e-01, 5.3457856178283691e-01, 4.5583343505859375e-01, -8.7963572144508362e-01, 2.4493148326873779e+00, -2.5543385744094849e-01, 7.4624150991439819e-01, -1.6941262483596802e+00, 3.6063107848167419e-01, -1.2175686359405518e+00, 7.1417438983917236e-01, 1.4295065402984619e+00},
    {1.5890492796897888e+00, -4.4891944527626038e-01, -1.4661502912640572e+00, 1.9301197528839111e+00, -2.5543385744094849e-01, -2.5568189620971680e+00, 8.7689650058746338e-01, 1.5274019241333008e+00, -2.8891435265541077e-01, 5.9997326135635376e-01, 1.3120553493499756e+00, -3.7195619940757751e-01}
}}};

static constexpr auto result = eigvals(mat);

int main() { return 0; }
