#include "../../consteig.hpp"

using namespace consteig;

static constexpr Matrix<double, 12, 12> mat
{{{
    {1.0000048064470222e+00, 2.3265135157174603e-07, -1.7462735251890388e-09, -5.8435850804983541e-07, -2.0174991204562381e-06, 5.2947942591553259e-07, 1.0794814784374469e-06, -9.9893359230161336e-07, -4.1000603728979504e-07, 5.8381882772235809e-07, -1.4287757395662064e-07, -6.3260561558179625e-07},
    {2.3265135157596473e-07, 1.0000052334614542e+00, -1.2670353949908195e-06, 2.1192556950157824e-06, 1.1316432951968887e-06, -1.4013828641154386e-07, -1.5605977654530724e-06, 5.8872981463459117e-07, -4.5702931956564042e-07, 7.9391747984001742e-07, 6.9100187328245695e-07, -1.2640831863634871e-06},
    {-1.7462735029217552e-09, -1.2670353949892694e-06, 1.0000048713899639e+00, 8.9793492519284666e-08, 3.7829161154591830e-07, -5.6251397471845969e-07, 7.0865243957793401e-07, 1.3855335724713617e-06, -1.2808489164866673e-06, -1.5532116102135234e-06, -1.9406633044622748e-07, -3.5307988092606416e-07},
    {-5.8435850803882324e-07, 2.1192556950085725e-06, 8.9793492549251963e-08, 1.0000067515117457e+00, 1.1927526757279774e-06, -1.2287641858364300e-06, 9.6827345375458614e-07, -1.2703661683929471e-06, 1.7851950235466599e-06, 4.8080968897377757e-07, -6.8069913923398886e-08, -8.0054469792498905e-08},
    {-2.0174991204539622e-06, 1.1316432951823998e-06, 3.7829161158719739e-07, 1.1927526757304969e-06, 1.0000037100901134e+00, 8.6368293735941982e-07, 1.4818322889876666e-06, 1.6784759159119886e-06, 3.0250110699182445e-07, -6.7346187230237971e-08, -1.3452540447638539e-07, 5.2949033095133832e-07},
    {5.2947942587321863e-07, -1.4013828638209925e-07, -5.6251397468221504e-07, -1.2287641858410993e-06, 8.6368293736013663e-07, 1.0000051417237776e+00, -1.0626035301545794e-06, -1.9982975724106328e-07, 8.0589211760161169e-07, 3.0362195862995277e-07, -1.6322987089653520e-06, 8.5695420001206820e-07},
    {1.0794814784178995e-06, -1.5605977654425262e-06, 7.0865243960535077e-07, 9.6827345375596468e-07, 1.4818322889531371e-06, -1.0626035301387157e-06, 1.0000049337831833e+00, 1.0363630197467035e-06, 5.7809546088320439e-07, 8.5091063309767392e-07, -8.9351378317415444e-07, -3.2857140968048082e-07},
    {-9.9893359228607327e-07, 5.8872981461902377e-07, 1.3855335724732101e-06, -1.2703661684130105e-06, 1.6784759158969961e-06, -1.9982975725190487e-07, 1.0363630197170085e-06, 1.0000051697428971e+00, -2.0073775667266097e-07, -6.5009648094020167e-07, -9.6330414063738587e-07, -6.9665937107938746e-07},
    {-4.1000603729210146e-07, -4.5702931959477915e-07, -1.2808489165011217e-06, 1.7851950236068272e-06, 3.0250110700561351e-07, 8.0589211763835174e-07, 5.7809546088632031e-07, -2.0073775667038319e-07, 1.0000060537377844e+00, 8.9148724674522834e-08, -4.7638159610105368e-07, 4.9782577595077376e-07},
    {5.8381882767866697e-07, 7.9391747986932317e-07, -1.5532116101877673e-06, 4.8080968898086490e-07, -6.7346187242973310e-08, 3.0362195860294338e-07, 8.5091063302844591e-07, -6.5009648093987080e-07, 8.9148724732394732e-08, 1.0000049339967951e+00, 1.6095099748262845e-08, 8.3512538950434919e-07},
    {-1.4287757393401696e-07, 6.9100187329791456e-07, -1.9406633043131224e-07, -6.8069913904711406e-08, -1.3452540447202203e-07, -1.6322987089906747e-06, -8.9351378315886253e-07, -9.6330414063452904e-07, -4.7638159612002965e-07, 1.6095099726046481e-08, 1.0000051161035910e+00, 2.9802967326885144e-07},
    {-6.3260561555439453e-07, -1.2640831863695601e-06, -3.5307988095591292e-07, -8.0054469790156621e-08, 5.2949033091537733e-07, 8.5695419996573201e-07, -3.2857140968973275e-07, -6.9665937105548737e-07, 4.9782577592917961e-07, 8.3512538950894159e-07, 2.9802967327401681e-07, 1.0000032780116725e+00}
}}};

static constexpr auto result = eigvals(mat);

int main() { return 0; }
