#include "../../consteig.hpp"

using namespace consteig;

static constexpr Matrix<double, 6, 6> mat
{{{
    {-2.6655131578445435e-01, 2.1018448472023010e-01, -1.1766061782836914e+00, 1.7044054269790649e+00, -1.1083204746246338e+00, 8.1259614229202271e-01},
    {2.1018448472023010e-01, -2.6655131578445435e-01, 2.1018448472023010e-01, -1.1766061782836914e+00, 1.7044054269790649e+00, -1.1083204746246338e+00},
    {-1.1766061782836914e+00, 2.1018448472023010e-01, -2.6655131578445435e-01, 2.1018448472023010e-01, -1.1766061782836914e+00, 1.7044054269790649e+00},
    {1.7044054269790649e+00, -1.1766061782836914e+00, 2.1018448472023010e-01, -2.6655131578445435e-01, 2.1018448472023010e-01, -1.1766061782836914e+00},
    {-1.1083204746246338e+00, 1.7044054269790649e+00, -1.1766061782836914e+00, 2.1018448472023010e-01, -2.6655131578445435e-01, 2.1018448472023010e-01},
    {8.1259614229202271e-01, -1.1083204746246338e+00, 1.7044054269790649e+00, -1.1766061782836914e+00, 2.1018448472023010e-01, -2.6655131578445435e-01}
}}};

static constexpr auto result = eigvals(mat);

int main() { return 0; }
