#include "../../consteig.hpp"

using namespace consteig;

static constexpr Matrix<double, 8, 8> mat
{{{
    {1.0000046970387371e+00, -2.8070288417023761e-06, -8.8750405412515631e-08, 1.4200484008105480e-06, 7.9208337747520153e-07, 6.7765129829109921e-07, 1.0311170655184977e-07, 2.0038864683983859e-06},
    {-2.8070288417964785e-06, 1.0000032455179999e+00, 2.7347886649051371e-07, -3.6984122016293321e-07, 5.1643623165517000e-07, 1.6399734467122219e-07, -1.3484714935600337e-06, -3.7863901634404857e-07},
    {-8.8750405345701778e-08, 2.7347886646276597e-07, 1.0000053593330631e+00, 2.0660434141211227e-06, -2.2880921885486150e-06, -1.0065885420349907e-06, 7.1562118284648740e-07, 1.9610017408992281e-08},
    {1.4200484008491099e-06, -3.6984122020155516e-07, 2.0660434141110451e-06, 1.0000036271711077e+00, -1.6130730916253637e-07, 3.6583241276860486e-08, 1.4979890253641587e-07, -3.7515607514868095e-07},
    {7.9208337744339057e-07, 5.1643623162311002e-07, -2.2880921885718834e-06, -1.6130730916212707e-07, 1.0000054276634434e+00, 2.0167469592774991e-07, -2.3462903987797031e-07, -5.0776937488041156e-07},
    {6.7765129827759232e-07, 1.6399734463818939e-07, -1.0065885420919357e-06, 3.6583241268438828e-08, 2.0167469593603580e-07, 1.0000059042986236e+00, -8.6038042317138492e-07, 1.0056902354387402e-06},
    {1.0311170659782027e-07, -1.3484714935513783e-06, 7.1562118283747190e-07, 1.4979890256614437e-07, -2.3462903988196682e-07, -8.6038042318055236e-07, 1.0000080511809122e+00, 1.8547817047774889e-06},
    {2.0038864684002959e-06, -3.7863901632035573e-07, 1.9610017398755411e-08, -3.7515607514471445e-07, -5.0776937486361913e-07, 1.0056902354444128e-06, 1.8547817047347599e-06, 1.0000036877961143e+00}
}}};

static constexpr auto result = eigvals(mat);

int main() { return 0; }
