#include "../../consteig.hpp"

using namespace consteig;

static constexpr Matrix<double, 8, 8> mat
{{{
    {1.2448371648788452e+00, -9.3386274576187134e-01, 9.0312683582305908e-01, -6.6632658243179321e-01, 8.8048321008682251e-01, -1.1970970630645752e+00, 1.3487863540649414e+00, -3.9823588728904724e-01},
    {-9.3386274576187134e-01, 1.2448371648788452e+00, -9.3386274576187134e-01, 9.0312683582305908e-01, -6.6632658243179321e-01, 8.8048321008682251e-01, -1.1970970630645752e+00, 1.3487863540649414e+00},
    {9.0312683582305908e-01, -9.3386274576187134e-01, 1.2448371648788452e+00, -9.3386274576187134e-01, 9.0312683582305908e-01, -6.6632658243179321e-01, 8.8048321008682251e-01, -1.1970970630645752e+00},
    {-6.6632658243179321e-01, 9.0312683582305908e-01, -9.3386274576187134e-01, 1.2448371648788452e+00, -9.3386274576187134e-01, 9.0312683582305908e-01, -6.6632658243179321e-01, 8.8048321008682251e-01},
    {8.8048321008682251e-01, -6.6632658243179321e-01, 9.0312683582305908e-01, -9.3386274576187134e-01, 1.2448371648788452e+00, -9.3386274576187134e-01, 9.0312683582305908e-01, -6.6632658243179321e-01},
    {-1.1970970630645752e+00, 8.8048321008682251e-01, -6.6632658243179321e-01, 9.0312683582305908e-01, -9.3386274576187134e-01, 1.2448371648788452e+00, -9.3386274576187134e-01, 9.0312683582305908e-01},
    {1.3487863540649414e+00, -1.1970970630645752e+00, 8.8048321008682251e-01, -6.6632658243179321e-01, 9.0312683582305908e-01, -9.3386274576187134e-01, 1.2448371648788452e+00, -9.3386274576187134e-01},
    {-3.9823588728904724e-01, 1.3487863540649414e+00, -1.1970970630645752e+00, 8.8048321008682251e-01, -6.6632658243179321e-01, 9.0312683582305908e-01, -9.3386274576187134e-01, 1.2448371648788452e+00}
}}};

static constexpr auto result = eigvals(mat);

int main() { return 0; }
