#include "../../consteig.hpp"

using namespace consteig;

static constexpr Matrix<double, 18, 18> mat
{{{
    {9.9999999999999933e-01, -2.2970230322567482e-16, -5.8524436881719593e-17, 1.1140537375918228e-16, -3.5754371894855287e-17, 4.5922260948922535e-17, 1.1643995008763235e-16, -2.4221020659420413e-16, -7.1363657026461612e-17, 1.5573628488547006e-16, -3.2635294328409168e-17, 3.4349007562584247e-18, 1.9644469120462742e-16, -9.5718759240274964e-17, -1.3627141602445082e-16, 1.5419429945407629e-16, 2.9104411110583601e-16, 2.5487586896333285e-16},
    {-2.2970230322567482e-16, 1.0000000000000000e+00, 9.0549690977409786e-17, 4.0109348521553493e-17, -4.8234621622068714e-17, -8.5163225012330252e-17, -1.8180085676766200e-16, -2.3134676056709198e-17, -2.6467739721481119e-17, -1.8727287819932474e-17, -2.2629199476151666e-16, -6.3682036764246416e-17, -8.7507218160185131e-17, 5.9744637288555277e-17, -4.2829844456573802e-17, -2.4477871124926480e-17, 5.0532768902592489e-17, -3.0358554432668915e-17},
    {-5.8524436881719593e-17, 9.0549690977409786e-17, 9.9999999999999989e-01, -1.9503109726683149e-16, 2.5888939420773389e-16, 5.7040372246673904e-17, 1.2291270404960214e-16, 1.0315255022099503e-16, -6.4529579742119015e-17, 1.2591890754230943e-16, 6.4831090447812016e-17, 2.4918982969691445e-17, -6.2170044527935896e-17, -1.8560545448498092e-16, 1.8052093530762194e-17, -5.5449860304299662e-17, -6.2645445612307424e-17, 1.2090458389359328e-16},
    {1.1140537375918228e-16, 4.0109348521553493e-17, -1.9503109726683149e-16, 1.0000000000000000e+00, -8.4243003788526552e-17, -6.0593498339703793e-17, -4.9789825502936635e-17, -3.6863993065134487e-16, 1.1370881742650059e-16, 8.4702293205705272e-17, -1.1940896126920412e-16, -3.5825710664283951e-17, 4.3504593553257341e-17, 1.1286146895260274e-18, 2.7072091176656966e-16, -6.1964587406144460e-17, -1.9011384080052470e-16, 2.4509510707013306e-17},
    {-3.5754371894855287e-17, -4.8234621622068714e-17, 2.5888939420773389e-16, -8.4243003788526552e-17, 9.9999999999999989e-01, -4.3049702216832754e-17, -2.5419670866764771e-17, 3.2017021843457115e-16, -4.5244029550243858e-17, 1.1222217085526175e-16, 1.2591943047513638e-16, 4.1916775964687228e-17, -1.4266177742894580e-17, 1.9969312888378191e-16, -2.7232113853656042e-16, 4.9588396311969992e-17, 1.0930479259322522e-16, 3.5862729721263845e-17},
    {4.5922260948922535e-17, -8.5163225012330252e-17, 5.7040372246673904e-17, -6.0593498339703793e-17, -4.3049702216832754e-17, 1.0000000000000002e+00, 2.5990675320156875e-17, -4.2676423691297040e-17, 9.3467578006486478e-17, 5.0613376580808494e-17, 1.4754106104045449e-16, 2.0528557206665774e-16, 6.3648589490858686e-17, 1.4747961626100890e-16, -1.7875109218637619e-16, 1.4424776340122496e-16, 1.5700572569349369e-17, 2.3827216475599421e-18},
    {1.1643995008763235e-16, -1.8180085676766200e-16, 1.2291270404960214e-16, -4.9789825502936635e-17, -2.5419670866764771e-17, 2.5990675320156875e-17, 1.0000000000000000e+00, 9.3121968274059102e-17, 2.3625134544802660e-17, 1.6762923003080168e-16, 7.2891304914512104e-17, -1.4784939186926817e-16, 7.1487089657837327e-18, -1.0058113519088568e-16, -1.1959080716951968e-17, -6.2693017477468605e-17, 5.5638567861170550e-17, 7.2711875857403695e-17},
    {-2.4221020659420413e-16, -2.3134676056709198e-17, 1.0315255022099503e-16, -3.6863993065134487e-16, 3.2017021843457115e-16, -4.2676423691297040e-17, 9.3121968274059102e-17, 1.0000000000000004e+00, 1.3272353472814499e-16, 9.9702446694583075e-17, -4.2569774226691708e-17, 2.8301394556352389e-16, -2.7229237749798757e-16, 2.3292199458136341e-17, -1.2961837404622390e-16, 8.8253742923890324e-17, -4.1262911449700314e-17, 6.3285413997126285e-17},
    {-7.1363657026461612e-17, -2.6467739721481119e-17, -6.4529579742119015e-17, 1.1370881742650059e-16, -4.5244029550243858e-17, 9.3467578006486478e-17, 2.3625134544802660e-17, 1.3272353472814499e-16, 1.0000000000000004e+00, -1.9293840700431080e-17, -8.7033399830322328e-17, -9.9408177348003518e-17, 9.6818547294185645e-18, 2.9825779398141278e-16, -1.2633547843712031e-17, -1.0888626284986143e-16, -4.9085983923640847e-17, -1.3559314118140532e-16},
    {1.5573628488547006e-16, -1.8727287819932474e-17, 1.2591890754230943e-16, 8.4702293205705272e-17, 1.1222217085526175e-16, 5.0613376580808494e-17, 1.6762923003080168e-16, 9.9702446694583075e-17, -1.9293840700431080e-17, 1.0000000000000002e+00, 1.5701327502714703e-16, -5.2836186100787122e-17, -7.5572674420041160e-17, 1.1075878816947175e-16, 3.3078189430237753e-17, 6.8170094435060592e-17, 1.5399442367558316e-16, 2.0640345350961474e-16},
    {-3.2635294328409168e-17, -2.2629199476151666e-16, 6.4831090447812016e-17, -1.1940896126920412e-16, 1.2591943047513638e-16, 1.4754106104045449e-16, 7.2891304914512104e-17, -4.2569774226691708e-17, -8.7033399830322328e-17, 1.5701327502714703e-16, 1.0000000000000004e+00, 5.1165144571458438e-17, 4.9300403392248112e-17, -7.6349848976706792e-17, 7.4514366630756700e-19, 8.1801699122141664e-17, 1.4221335274219788e-16, 2.6759483701711112e-16},
    {3.4349007562584247e-18, -6.3682036764246416e-17, 2.4918982969691445e-17, -3.5825710664283951e-17, 4.1916775964687228e-17, 2.0528557206665774e-16, -1.4784939186926817e-16, 2.8301394556352389e-16, -9.9408177348003518e-17, -5.2836186100787122e-17, 5.1165144571458438e-17, 1.0000000000000002e+00, -1.8129528922908476e-16, -1.0469411638903002e-17, 7.8747786648158808e-17, -7.3436120510789488e-18, -3.6139404012069456e-17, -1.3307272509783679e-16},
    {1.9644469120462742e-16, -8.7507218160185131e-17, -6.2170044527935896e-17, 4.3504593553257341e-17, -1.4266177742894580e-17, 6.3648589490858686e-17, 7.1487089657837327e-18, -2.7229237749798757e-16, 9.6818547294185645e-18, -7.5572674420041160e-17, 4.9300403392248112e-17, -1.8129528922908476e-16, 1.0000000000000002e+00, 5.4351238057796604e-17, 4.2556381351523311e-17, -1.0145920142836450e-17, -6.7140069419981137e-17, -1.0836074590215005e-16},
    {-9.5718759240274964e-17, 5.9744637288555277e-17, -1.8560545448498092e-16, 1.1286146895260274e-18, 1.9969312888378191e-16, 1.4747961626100890e-16, -1.0058113519088568e-16, 2.3292199458136341e-17, 2.9825779398141278e-16, 1.1075878816947175e-16, -7.6349848976706792e-17, -1.0469411638903002e-17, 5.4351238057796604e-17, 9.9999999999999978e-01, 1.4281681844813905e-16, -1.3057779064831296e-16, -6.4777244377913934e-17, 2.3295259678910557e-18},
    {-1.3627141602445082e-16, -4.2829844456573802e-17, 1.8052093530762194e-17, 2.7072091176656966e-16, -2.7232113853656042e-16, -1.7875109218637619e-16, -1.1959080716951968e-17, -1.2961837404622390e-16, -1.2633547843712031e-17, 3.3078189430237753e-17, 7.4514366630756700e-19, 7.8747786648158808e-17, 4.2556381351523311e-17, 1.4281681844813905e-16, 1.0000000000000004e+00, -4.2098127913104973e-17, 3.6884792246605478e-17, -4.0723001347626542e-17},
    {1.5419429945407629e-16, -2.4477871124926480e-17, -5.5449860304299662e-17, -6.1964587406144460e-17, 4.9588396311969992e-17, 1.4424776340122496e-16, -6.2693017477468605e-17, 8.8253742923890324e-17, -1.0888626284986143e-16, 6.8170094435060592e-17, 8.1801699122141664e-17, -7.3436120510789488e-18, -1.0145920142836450e-17, -1.3057779064831296e-16, -4.2098127913104973e-17, 9.9999999999999989e-01, -9.6436121907400676e-19, -1.5423078677639687e-17},
    {2.9104411110583601e-16, 5.0532768902592489e-17, -6.2645445612307424e-17, -1.9011384080052470e-16, 1.0930479259322522e-16, 1.5700572569349369e-17, 5.5638567861170550e-17, -4.1262911449700314e-17, -4.9085983923640847e-17, 1.5399442367558316e-16, 1.4221335274219788e-16, -3.6139404012069456e-17, -6.7140069419981137e-17, -6.4777244377913934e-17, 3.6884792246605478e-17, -9.6436121907400676e-19, 9.9999999999999956e-01, 4.5036414949812354e-17},
    {2.5487586896333285e-16, -3.0358554432668915e-17, 1.2090458389359328e-16, 2.4509510707013306e-17, 3.5862729721263845e-17, 2.3827216475599421e-18, 7.2711875857403695e-17, 6.3285413997126285e-17, -1.3559314118140532e-16, 2.0640345350961474e-16, 2.6759483701711112e-16, -1.3307272509783679e-16, -1.0836074590215005e-16, 2.3295259678910557e-18, -4.0723001347626542e-17, -1.5423078677639687e-17, 4.5036414949812354e-17, 1.0000000000000002e+00}
}}};

static constexpr auto result = eigvals(mat);

int main() { return 0; }
