#include "../../consteig.hpp"

using namespace consteig;

static constexpr Matrix<double, 16, 16> mat
{{{
    {3.0559214949607849e-01, 1.5367316007614136e+00, -7.2172856330871582e-01, 8.7518179416656494e-01, 1.4528603851795197e-01, 4.0344689041376114e-02, 4.3601006269454956e-02, 1.4648752212524414e+00, -1.3733472824096680e+00, 1.5133884251117706e+00, -3.1392395496368408e-01, -1.2464955151081085e+00, 5.2421602606773376e-01, 2.5136370658874512e+00, -1.3426852822303772e+00, -2.5283217430114746e-01},
    {7.0853188633918762e-02, 7.4131518602371216e-02, 1.4047671854496002e-01, 1.0987465381622314e+00, 3.8969721645116806e-02, 1.7002025246620178e-01, -1.9868898391723633e-01, -1.0286643505096436e+00, 1.5133884251117706e+00, -1.9020135402679443e+00, -1.3753875195980072e+00, 6.6375665366649628e-01, 3.9416974410414696e-01, 9.2437200248241425e-01, 3.4165965318679810e+00, -2.8243525624275208e+00},
    {-6.1694478988647461e-01, -1.0646679438650608e-02, 1.0719233751296997e+00, -6.4896297454833984e-01, 1.1592508852481842e-01, -7.4282622337341309e-01, 2.3173251152038574e+00, 5.3474164009094238e-01, -3.1392395496368408e-01, -1.3753875195980072e+00, 6.0964995622634888e-01, -6.0288608074188232e-02, 2.8496146202087402e-01, 1.4648764133453369e+00, -2.4554653763771057e+00, 7.2805339097976685e-01},
    {-2.4118793010711670e-01, 1.8282140493392944e+00, 1.7708881199359894e-01, 1.3878969848155975e-01, -6.5197068452835083e-01, 1.8030378818511963e+00, 2.9650017619132996e-01, 6.4167970418930054e-01, -1.2464955151081085e+00, 6.6375665366649628e-01, -6.0288608074188232e-02, 3.9405530691146851e-01, -9.5976367592811584e-01, 1.1048059165477753e-01, -2.2414659857749939e+00, 5.8627794682979584e-01},
    {9.2958986759185791e-01, -1.8644379079341888e-01, -1.1415023803710938e+00, 7.2488403320312500e-01, -1.4221683740615845e+00, -8.8627135753631592e-01, -5.8819860219955444e-01, -1.1170772314071655e+00, 5.2421602606773376e-01, 3.9416974410414696e-01, 2.8496146202087402e-01, -9.5976367592811584e-01, 2.7124919891357422e+00, 2.9602358341217041e+00, -1.8628776073455811e-01, -1.1023644655942917e+00},
    {-6.9705516099929810e-02, 1.7263998985290527e+00, -8.7874621152877808e-01, 1.0490831136703491e+00, 3.7911325693130493e-01, 1.6114443540573120e+00, -4.7077879309654236e-02, 2.3865962028503418e-01, 2.5136370658874512e+00, 9.2437200248241425e-01, 1.4648764133453369e+00, 1.1048059165477753e-01, 2.9602358341217041e+00, -1.6681253910064697e+00, 8.8071274757385254e-01, -4.3113210201263428e+00},
    {3.1883198022842407e-01, 7.7767765522003174e-01, 4.4071310758590698e-01, 1.1028185486793518e-01, -4.1179579496383667e-01, -4.0340578556060791e-01, 7.0983964204788208e-01, 1.7189092636108398e+00, -1.3426852822303772e+00, 3.4165965318679810e+00, -2.4554653763771057e+00, -2.2414659857749939e+00, -1.8628776073455811e-01, 8.8071274757385254e-01, 2.3923468589782715e+00, -1.6518710018135607e-01},
    {2.0331900566816330e-02, 3.0829063057899475e-01, 7.6869964599609375e-01, -9.3324691057205200e-01, 6.0240566730499268e-01, -6.2998169660568237e-01, -1.2023898959159851e-01, 1.9363573193550110e-01, -2.5283217430114746e-01, -2.8243525624275208e+00, 7.2805339097976685e-01, 5.8627794682979584e-01, -1.1023644655942917e+00, -4.3113210201263428e+00, -1.6518710018135607e-01, -1.0069117546081543e+00},
    {-3.3308899402618408e+00, -7.8840383887290955e-01, 1.2823760509490967e-01, -1.7441481053829193e+00, 3.2748878002166748e-03, 1.1014649868011475e+00, 1.0242822170257568e+00, 4.2949934005737305e+00, -3.0559214949607849e-01, -7.0853188633918762e-02, 6.1694478988647461e-01, 2.4118793010711670e-01, -9.2958986759185791e-01, 6.9705516099929810e-02, -3.1883198022842407e-01, -2.0331900566816330e-02},
    {-7.8840383887290955e-01, 1.9083157777786255e+00, -1.9240729212760925e+00, -2.9613620042800903e-01, 2.4317238330841064e+00, -1.3350254297256470e+00, -6.6808778047561646e-01, -1.9457727074623108e+00, -1.5367316007614136e+00, -7.4131518602371216e-02, 1.0646679438650608e-02, -1.8282140493392944e+00, 1.8644379079341888e-01, -1.7263998985290527e+00, -7.7767765522003174e-01, -3.0829063057899475e-01},
    {1.2823760509490967e-01, -1.9240729212760925e+00, -1.6455857753753662e+00, 1.7762599289417267e+00, 1.2464023530483246e+00, -1.1482333540916443e+00, 7.2709721326828003e-01, 5.2011984586715698e-01, 7.2172856330871582e-01, -1.4047671854496002e-01, -1.0719233751296997e+00, -1.7708881199359894e-01, 1.1415023803710938e+00, 8.7874621152877808e-01, -4.4071310758590698e-01, -7.6869964599609375e-01},
    {-1.7441481053829193e+00, -2.9613620042800903e-01, 1.7762599289417267e+00, 1.3254063129425049e+00, -1.5362100005149841e+00, -3.8974635303020477e-02, 9.7188949584960938e-01, -1.6053890138864517e+00, -8.7518179416656494e-01, -1.0987465381622314e+00, 6.4896297454833984e-01, -1.3878969848155975e-01, -7.2488403320312500e-01, -1.0490831136703491e+00, -1.1028185486793518e-01, 9.3324691057205200e-01},
    {3.2748878002166748e-03, 2.4317238330841064e+00, 1.2464023530483246e+00, -1.5362100005149841e+00, -1.1537163257598877e+00, 5.3882552683353424e-01, -1.3930680751800537e+00, -4.7738814353942871e-01, -1.4528603851795197e-01, -3.8969721645116806e-02, -1.1592508852481842e-01, 6.5197068452835083e-01, 1.4221683740615845e+00, -3.7911325693130493e-01, 4.1179579496383667e-01, -6.0240566730499268e-01},
    {1.1014649868011475e+00, -1.3350254297256470e+00, -1.1482333540916443e+00, -3.8974635303020477e-02, 5.3882552683353424e-01, -2.3115916252136230e+00, 2.3767352104187012e-03, -9.0872822701931000e-01, -4.0344689041376114e-02, -1.7002025246620178e-01, 7.4282622337341309e-01, -1.8030378818511963e+00, 8.8627135753631592e-01, -1.6114443540573120e+00, 4.0340578556060791e-01, 6.2998169660568237e-01},
    {1.0242822170257568e+00, -6.6808778047561646e-01, 7.2709721326828003e-01, 9.7188949584960938e-01, -1.3930680751800537e+00, 2.3767352104187012e-03, 1.2521524429321289e+00, -1.7659614086151123e+00, -4.3601006269454956e-02, 1.9868898391723633e-01, -2.3173251152038574e+00, -2.9650017619132996e-01, 5.8819860219955444e-01, 4.7077879309654236e-02, -7.0983964204788208e-01, 1.2023898959159851e-01},
    {4.2949934005737305e+00, -1.9457727074623108e+00, 5.2011984586715698e-01, -1.6053890138864517e+00, -4.7738814353942871e-01, -9.0872822701931000e-01, -1.7659614086151123e+00, -6.0534512996673584e-01, -1.4648752212524414e+00, 1.0286643505096436e+00, -5.3474164009094238e-01, -6.4167970418930054e-01, 1.1170772314071655e+00, -2.3865962028503418e-01, -1.7189092636108398e+00, -1.9363573193550110e-01}
}}};

static constexpr auto result = eigvals(mat);

int main() { return 0; }
