#include "../../consteig.hpp"

using namespace consteig;

static constexpr Matrix<double, 14, 14> mat
{{{
    {1.4574805498123169e+00, 3.2643371820449829e-01, -2.1274075508117676e+00, 1.2766320705413818e+00, -6.0201090574264526e-01, 2.6513513922691345e-01, -8.7614345550537109e-01, -9.5828884840011597e-01, 6.1588680744171143e-01, -1.5343721508979797e+00, -1.0734513700008392e+00, -9.3471258878707886e-01, 1.9756857752799988e+00, 1.9539176449179649e+00},
    {-1.5714440345764160e+00, 3.5896432399749756e-01, 7.9883426427841187e-01, -1.0512254238128662e+00, 9.7801351547241211e-01, -8.5692405700683594e-01, 2.8892439603805542e-01, 6.1588680744171143e-01, -2.9823603630065918e+00, 2.4707569181919098e-01, -7.1333902329206467e-01, -3.7281000614166260e-01, -6.7722320556640625e-01, -4.4680316746234894e-01},
    {1.1978013515472412e+00, -9.9589061737060547e-01, 5.6011301279067993e-01, 5.5103719234466553e-01, 1.5545969009399414e+00, -1.3144763708114624e+00, -8.6681079864501953e-01, -1.5343721508979797e+00, 2.4707569181919098e-01, 2.8600866794586182e+00, -4.8778742551803589e-02, 2.0824410617351532e+00, 1.1721965074539185e+00, 8.8211634755134583e-01},
    {-6.0751950740814209e-01, -9.4969302415847778e-02, -7.6760959625244141e-01, -1.1024800539016724e+00, -4.8591265082359314e-01, -1.5162606239318848e+00, -5.4473698139190674e-01, -1.0734513700008392e+00, -7.1333902329206467e-01, -4.8778742551803589e-02, 1.2490828037261963e+00, -3.5040644407272339e+00, -8.3352079987525940e-01, -1.3228106498718262e+00},
    {1.5135647058486938e+00, 1.8628946542739868e+00, 3.4956476092338562e-01, -3.3596599102020264e-01, -1.0905625820159912e+00, -1.3384684324264526e+00, 1.9910314679145813e-01, -9.3471258878707886e-01, -3.7281000614166260e-01, 2.0824410617351532e+00, -3.5040644407272339e+00, 9.0536403656005859e-01, 4.4212181307375431e-01, 8.3239370584487915e-01},
    {2.9295873641967773e-01, -9.6920293569564819e-01, 1.7452093362808228e+00, -8.5411375761032104e-01, 8.3477079868316650e-01, 2.3904137611389160e+00, 1.1466275155544281e-01, 1.9756857752799988e+00, -6.7722320556640625e-01, 1.1721965074539185e+00, -8.3352079987525940e-01, 4.4212181307375431e-01, 6.4295637607574463e-01, 1.5575320124626160e+00},
    {3.7685260176658630e-01, 4.1298449039459229e-01, -1.9877941608428955e+00, 4.0770801901817322e-01, 2.5756993889808655e-01, 5.6587952375411987e-01, 1.1816195249557495e+00, 1.9539176449179649e+00, -4.4680316746234894e-01, 8.8211634755134583e-01, -1.3228106498718262e+00, 8.3239370584487915e-01, 1.5575320124626160e+00, -2.0714545249938965e+00},
    {8.9701187610626221e-01, -1.0241143554449081e+00, -3.4025255590677261e-01, -3.9075514674186707e-01, -3.5318759083747864e-01, 5.8128005266189575e-01, -1.6361431367695332e+00, -1.4574805498123169e+00, 1.5714440345764160e+00, -1.1978013515472412e+00, 6.0751950740814209e-01, -1.5135647058486938e+00, -2.9295873641967773e-01, -3.7685260176658630e-01},
    {-1.0241143554449081e+00, -1.7951989173889160e+00, -3.7094845771789551e+00, 8.7859559059143066e-01, -1.3671492040157318e+00, -2.1328303515911102e+00, 1.2152685672044754e+00, -3.2643371820449829e-01, -3.5896432399749756e-01, 9.9589061737060547e-01, 9.4969302415847778e-02, -1.8628946542739868e+00, 9.6920293569564819e-01, -4.1298449039459229e-01},
    {-3.4025255590677261e-01, -3.7094845771789551e+00, 2.6295006275177002e+00, 1.7121402025222778e+00, 3.6632674932479858e-01, 2.0500099658966064e-01, -9.4673037528991699e-03, 2.1274075508117676e+00, -7.9883426427841187e-01, -5.6011301279067993e-01, 7.6760959625244141e-01, -3.4956476092338562e-01, -1.7452093362808228e+00, 1.9877941608428955e+00},
    {-3.9075514674186707e-01, 8.7859559059143066e-01, 1.7121402025222778e+00, 3.0481963157653809e+00, 8.7626069784164429e-01, -7.0539191365242004e-02, 3.8037317991256714e-01, -1.2766320705413818e+00, 1.0512254238128662e+00, -5.5103719234466553e-01, 1.1024800539016724e+00, 3.3596599102020264e-01, 8.5411375761032104e-01, -4.0770801901817322e-01},
    {-3.5318759083747864e-01, -1.3671492040157318e+00, 3.6632674932479858e-01, 8.7626069784164429e-01, 1.1923118680715561e-01, 1.0666856765747070e+00, 3.4173975884914398e-01, 6.0201090574264526e-01, -9.7801351547241211e-01, -1.5545969009399414e+00, 4.8591265082359314e-01, 1.0905625820159912e+00, -8.3477079868316650e-01, -2.5756993889808655e-01},
    {5.8128005266189575e-01, -2.1328303515911102e+00, 2.0500099658966064e-01, -7.0539191365242004e-02, 1.0666856765747070e+00, 8.5272681713104248e-01, 2.3472925424575806e+00, -2.6513513922691345e-01, 8.5692405700683594e-01, 1.3144763708114624e+00, 1.5162606239318848e+00, 1.3384684324264526e+00, -2.3904137611389160e+00, -5.6587952375411987e-01},
    {-1.6361431367695332e+00, 1.2152685672044754e+00, -9.4673037528991699e-03, 3.8037317991256714e-01, 3.4173975884914398e-01, 2.3472925424575806e+00, 4.5912954956293106e-02, 8.7614345550537109e-01, -2.8892439603805542e-01, 8.6681079864501953e-01, 5.4473698139190674e-01, -1.9910314679145813e-01, -1.1466275155544281e-01, -1.1816195249557495e+00}
}}};

static constexpr auto result = eigvals(mat);

int main() { return 0; }
