#include "../../consteig.hpp"

using namespace consteig;

static constexpr Matrix<double, 8, 8> mat
{{{
    {2.3346199095249176e-01, -1.6210634708404541e+00, -3.9137068390846252e-01, -6.8438237905502319e-01, -9.9099367856979370e-01, 3.2360470294952393e-01, -2.0465290546417236e+00, 4.0819752216339111e-01},
    {-1.6210634708404541e+00, 2.3346199095249176e-01, -1.6210634708404541e+00, -3.9137068390846252e-01, -6.8438237905502319e-01, -9.9099367856979370e-01, 3.2360470294952393e-01, -2.0465290546417236e+00},
    {-3.9137068390846252e-01, -1.6210634708404541e+00, 2.3346199095249176e-01, -1.6210634708404541e+00, -3.9137068390846252e-01, -6.8438237905502319e-01, -9.9099367856979370e-01, 3.2360470294952393e-01},
    {-6.8438237905502319e-01, -3.9137068390846252e-01, -1.6210634708404541e+00, 2.3346199095249176e-01, -1.6210634708404541e+00, -3.9137068390846252e-01, -6.8438237905502319e-01, -9.9099367856979370e-01},
    {-9.9099367856979370e-01, -6.8438237905502319e-01, -3.9137068390846252e-01, -1.6210634708404541e+00, 2.3346199095249176e-01, -1.6210634708404541e+00, -3.9137068390846252e-01, -6.8438237905502319e-01},
    {3.2360470294952393e-01, -9.9099367856979370e-01, -6.8438237905502319e-01, -3.9137068390846252e-01, -1.6210634708404541e+00, 2.3346199095249176e-01, -1.6210634708404541e+00, -3.9137068390846252e-01},
    {-2.0465290546417236e+00, 3.2360470294952393e-01, -9.9099367856979370e-01, -6.8438237905502319e-01, -3.9137068390846252e-01, -1.6210634708404541e+00, 2.3346199095249176e-01, -1.6210634708404541e+00},
    {4.0819752216339111e-01, -2.0465290546417236e+00, 3.2360470294952393e-01, -9.9099367856979370e-01, -6.8438237905502319e-01, -3.9137068390846252e-01, -1.6210634708404541e+00, 2.3346199095249176e-01}
}}};

static constexpr auto result = eigvals(mat);

int main() { return 0; }
