#include "../../consteig.hpp"

using namespace consteig;

static constexpr Matrix<double, 14, 14> mat
{{{
    {1.0000048659574803e+00, 1.0135317812194411e-06, -8.5892723075056493e-07, 3.2612953023111041e-07, 1.1624530681260024e-06, -1.8908016402240794e-06, -1.4828565262257098e-06, 8.3905783370417329e-07, 2.4813723300552264e-06, 9.2578294069835701e-08, 5.2708491721310716e-07, -1.2372064592959224e-06, -4.1002046974741665e-07, 1.7272502786540647e-07},
    {1.0135317812021748e-06, 1.0000066914194508e+00, 1.6967475533342917e-07, 4.5974937303545386e-07, 3.4855396969843026e-07, 3.9033306081719146e-07, 7.4900617421564609e-08, 6.4511492067560268e-07, -7.4394171375553699e-09, 1.1155829312593742e-06, 2.9898301813919651e-07, 1.1820376862325391e-06, 7.9361841921561617e-07, 5.3549062667351622e-07},
    {-8.5892723073539786e-07, 1.6967475534289511e-07, 1.0000047082846910e+00, 2.4212078814223303e-07, 5.9607099309004883e-07, -3.3739551147552648e-07, 4.7109134053045963e-07, -5.8153799741747875e-09, 1.2629183656747983e-07, 7.4731591729410123e-07, -3.0580634039183974e-07, -1.6235010692386152e-07, 7.4524743701791062e-07, -5.2846913239527591e-07},
    {3.2612953025279175e-07, 4.5974937303456522e-07, 2.4212078815847298e-07, 1.0000036460260164e+00, -1.2774636951277734e-06, 3.9283261037973805e-07, -3.0063276991113603e-07, -1.0265210642823214e-06, 7.3804758308166911e-07, 1.0047847220383000e-06, -6.7782916834095408e-07, -5.5837775500183587e-08, 4.1785413924125323e-07, 4.3612059509440622e-07},
    {1.1624530680867062e-06, 3.4855396965790789e-07, 5.9607099310100414e-07, -1.2774636951035332e-06, 1.0000060200808312e+00, -9.7237305015542876e-08, 7.4020959771659808e-08, 1.0231768428506022e-06, 5.6685797643505460e-07, -7.3591976207719109e-07, -1.0050587667754011e-08, -3.6795669734997004e-07, 3.8651578115619557e-07, 4.0348299494363374e-07},
    {-1.8908016402232484e-06, 3.9033306082075006e-07, -3.3739551146641622e-07, 3.9283261038956855e-07, -9.7237305021922278e-08, 1.0000043933842258e+00, 9.2198797110155026e-07, 5.1257199121862070e-07, 1.4278610074585051e-06, -2.6844943441119623e-07, -1.0728879780159161e-06, 1.4920264306465242e-06, 1.6146371463243522e-06, -1.2468228557877150e-07},
    {-1.4828565262142873e-06, 7.4900617422168994e-08, 4.7109134051157646e-07, -3.0063276993027564e-07, 7.4020959772798697e-08, 9.2198797110480668e-07, 1.0000063730006146e+00, 3.4519668546893850e-07, 3.6432785037663401e-07, -7.8224388186603205e-07, 8.0372419759379501e-07, 3.2173506032070536e-07, -3.3904604674246775e-07, -1.9462329858232261e-07},
    {8.3905783371933328e-07, 6.4511492068140877e-07, -5.8153799980462489e-09, -1.0265210642564530e-06, 1.0231768428512470e-06, 5.1257199123469093e-07, 3.4519668547527351e-07, 1.0000045941802973e+00, -2.9335612624379350e-07, -1.1041405557534885e-06, -9.3076926525441762e-07, -3.3386653062087131e-07, -3.7405535764328367e-07, -1.1656138227356221e-06},
    {2.4813723300000782e-06, -7.4394171430870707e-09, 1.2629183657437232e-07, 7.3804758307370308e-07, 5.6685797642780908e-07, 1.4278610074468321e-06, 3.6432785037836307e-07, -2.9335612624697480e-07, 1.0000069886917702e+00, 3.6649165061299637e-07, 1.6734134525155255e-06, 1.5865400179545424e-06, -4.3846753248058725e-07, -7.6326450361252727e-07},
    {9.2578294043189659e-08, 1.1155829312588888e-06, 7.4731591729136489e-07, 1.0047847220069255e-06, -7.3591976205058144e-07, -2.6844943438328814e-07, -7.8224388185921904e-07, -1.1041405556946771e-06, 3.6649165061553667e-07, 1.0000047222253305e+00, 9.2167196130529613e-07, -4.1744496262682313e-07, 2.2921298074436239e-08, -8.6931832824747669e-09},
    {5.2708491717629035e-07, 2.9898301817333236e-07, -3.0580634041957716e-07, -6.7782916826976965e-07, -1.0050587664072586e-08, -1.0728879779980175e-06, 8.0372419763089039e-07, -9.3076926521941726e-07, 1.6734134525943177e-06, 9.2167196127557448e-07, 1.0000052890594568e+00, -1.0932737724616062e-06, 2.4148340789403100e-08, 5.4567842714781033e-07},
    {-1.2372064593140993e-06, 1.1820376861953713e-06, -1.6235010691764043e-07, -5.5837775484170714e-08, -3.6795669735129130e-07, 1.4920264306171578e-06, 3.2173506029709352e-07, -3.3386653061350816e-07, 1.5865400179500851e-06, -4.1744496260288842e-07, -1.0932737724698501e-06, 1.0000048727675490e+00, -8.9600929710230891e-07, 1.3295236638860449e-06},
    {-4.1002046974358960e-07, 7.9361841922446894e-07, 7.4524743701682102e-07, 4.1785413922880587e-07, 3.8651578115829631e-07, 1.6146371462592393e-06, -3.3904604673377867e-07, -3.7405535763907037e-07, -4.3846753248818000e-07, 2.2921298058848633e-08, 2.4148340787441838e-08, -8.9600929710051436e-07, 1.0000031708583059e+00, -2.0745616127890447e-07},
    {1.7272502786681196e-07, 5.3549062664795382e-07, -5.2846913238293231e-07, 4.3612059509606879e-07, 4.0348299494305167e-07, -1.2468228557594376e-07, -1.9462329859694894e-07, -1.1656138226804191e-06, -7.6326450361269201e-07, -8.6931832803917243e-09, 5.4567842716093966e-07, 1.3295236639267156e-06, -2.0745616129310416e-07, 1.0000036640639813e+00}
}}};

static constexpr auto result = eigvals(mat);

int main() { return 0; }
