#include "../../consteig.hpp"

using namespace consteig;

static constexpr Matrix<double, 14, 14> mat
{{{
    {9.9999999999999989e-01, -1.0999687262492232e-16, -1.0231972007729165e-16, -2.0960207213945225e-16, -3.9637508667664240e-17, 1.4056802755062677e-16, 9.4640528757528197e-17, -7.0783494928790882e-17, 1.6431465324982144e-16, 1.3108843440039243e-16, -2.0318426714805183e-17, -3.6840106031881054e-17, 2.1720316681421071e-16, -1.4952177465068402e-16},
    {-1.0999687262492232e-16, 9.9999999999999956e-01, 9.3828876080453820e-18, -1.5475474189222644e-16, -1.1672740987546753e-16, -1.2210062231231174e-16, -1.1352556247393059e-17, -1.1546617372625500e-17, 4.9584021255206679e-17, -9.6875153007990671e-18, 2.8678340553452897e-16, 3.4036414026722073e-16, -1.8178731988225680e-16, -6.5388707888465579e-17},
    {-1.0231972007729165e-16, 9.3828876080453820e-18, 1.0000000000000000e+00, 1.1603935760817144e-16, 5.7462722524725222e-17, 2.0565671924745510e-17, -6.4001954675370929e-17, 3.0307695970026364e-17, 2.0292656304945698e-16, 4.4585967899273639e-17, -2.8612470145542307e-17, -5.6467709739737126e-17, -1.2178098528430732e-16, -5.5066288897531260e-17},
    {-2.0960207213945225e-16, -1.5475474189222644e-16, 1.1603935760817144e-16, 9.9999999999999956e-01, -8.4483278282028823e-17, -9.4773137200250346e-17, 4.3228148558935777e-17, -8.7525311752640766e-17, 8.8400027826384752e-17, 6.3662036549709482e-17, 8.3701685074220202e-17, 5.2853062078778606e-17, -1.9414028674426221e-16, -3.6124568296657993e-17},
    {-3.9637508667664240e-17, -1.1672740987546753e-16, 5.7462722524725222e-17, -8.4483278282028823e-17, 9.9999999999999989e-01, -4.8938614544887454e-17, 9.1060136791246854e-17, -5.2743119192170935e-17, 1.5331395096717887e-16, -7.8446253263381802e-17, 4.1686741329789509e-17, 1.4653449548877747e-17, -6.9545986934578941e-17, -5.2708461803089588e-17},
    {1.4056802755062677e-16, -1.2210062231231174e-16, 2.0565671924745510e-17, -9.4773137200250346e-17, -4.8938614544887454e-17, 9.9999999999999978e-01, 8.5953100564807083e-17, 1.2645481771760551e-16, -1.8317982028280180e-17, 2.9661195917682019e-19, -2.9617190720742028e-17, 6.5478080758854566e-17, 2.4633197446065281e-17, -1.4061663961500533e-17},
    {9.4640528757528197e-17, -1.1352556247393059e-17, -6.4001954675370929e-17, 4.3228148558935777e-17, 9.1060136791246854e-17, 8.5953100564807083e-17, 9.9999999999999967e-01, -4.4407104863166216e-17, -1.1464112839232166e-16, -9.5638460012807286e-17, -1.6969491230922512e-17, 7.9645817989134029e-17, 5.2250701745738301e-17, 1.0206366140741850e-16},
    {-7.0783494928790882e-17, -1.1546617372625500e-17, 3.0307695970026364e-17, -8.7525311752640766e-17, -5.2743119192170935e-17, 1.2645481771760551e-16, -4.4407104863166216e-17, 9.9999999999999989e-01, 7.9880311297927426e-17, 8.6203751172802050e-17, -1.6425527561108288e-16, 7.1817819280832392e-18, -3.3227517339466494e-17, -1.1537886845957858e-16},
    {1.6431465324982144e-16, 4.9584021255206679e-17, 2.0292656304945698e-16, 8.8400027826384752e-17, 1.5331395096717887e-16, -1.8317982028280180e-17, -1.1464112839232166e-16, 7.9880311297927426e-17, 1.0000000000000000e+00, 6.7630631813884233e-17, -1.0114954678838990e-16, -2.5323643669309151e-17, -7.9862195358016120e-17, 3.5615091726169159e-17},
    {1.3108843440039243e-16, -9.6875153007990671e-18, 4.4585967899273639e-17, 6.3662036549709482e-17, -7.8446253263381802e-17, 2.9661195917682019e-19, -9.5638460012807286e-17, 8.6203751172802050e-17, 6.7630631813884233e-17, 9.9999999999999978e-01, -1.2192571121250768e-16, -3.6287737928035084e-17, -2.3429644558642251e-16, -1.3302012756496801e-16},
    {-2.0318426714805183e-17, 2.8678340553452897e-16, -2.8612470145542307e-17, 8.3701685074220202e-17, 4.1686741329789509e-17, -2.9617190720742028e-17, -1.6969491230922512e-17, -1.6425527561108288e-16, -1.0114954678838990e-16, -1.2192571121250768e-16, 1.0000000000000002e+00, -7.7117246716707638e-18, 1.5207511197570310e-17, 3.2939906949993235e-16},
    {-3.6840106031881054e-17, 3.4036414026722073e-16, -5.6467709739737126e-17, 5.2853062078778606e-17, 1.4653449548877747e-17, 6.5478080758854566e-17, 7.9645817989134029e-17, 7.1817819280832392e-18, -2.5323643669309151e-17, -3.6287737928035084e-17, -7.7117246716707638e-18, 9.9999999999999989e-01, 1.8213112333032303e-17, -8.2762116279088754e-17},
    {2.1720316681421071e-16, -1.8178731988225680e-16, -1.2178098528430732e-16, -1.9414028674426221e-16, -6.9545986934578941e-17, 2.4633197446065281e-17, 5.2250701745738301e-17, -3.3227517339466494e-17, -7.9862195358016120e-17, -2.3429644558642251e-16, 1.5207511197570310e-17, 1.8213112333032303e-17, 1.0000000000000002e+00, -5.0627216475346719e-17},
    {-1.4952177465068402e-16, -6.5388707888465579e-17, -5.5066288897531260e-17, -3.6124568296657993e-17, -5.2708461803089588e-17, -1.4061663961500533e-17, 1.0206366140741850e-16, -1.1537886845957858e-16, 3.5615091726169159e-17, -1.3302012756496801e-16, 3.2939906949993235e-16, -8.2762116279088754e-17, -5.0627216475346719e-17, 1.0000000000000002e+00}
}}};

static constexpr auto result = eigvals(mat);

int main() { return 0; }
