#include "../../consteig.hpp"

using namespace consteig;

static constexpr Matrix<double, 14, 14> mat
{{{
    {1.0000068908209716e+00, 7.7074383091089982e-08, 9.1953322729159870e-07, -1.6043048804087036e-07, 3.6824100812027734e-09, -1.9849701346033893e-06, 3.5562275734739405e-07, -9.9088366027873920e-07, -8.8449962024571098e-07, 8.1671986841460730e-07, 4.0540899723304326e-07, -5.6302098409159956e-07, 4.8320561048332230e-07, -8.3748728093074982e-08},
    {7.7074383089443760e-08, 1.0000052519464759e+00, 7.9598023176175944e-07, 5.0757965774224981e-07, -2.6171397319362214e-07, -4.6597707215840529e-07, 1.6860264728148457e-07, 1.3382685527601467e-06, -6.1272138854529933e-07, -7.2617680139775378e-08, -1.2253434819256376e-06, 1.2330332790172121e-06, 1.2749835665197650e-06, -1.4875232418222502e-08},
    {9.1953322728171552e-07, 7.9598023180299025e-07, 1.0000049699673939e+00, 3.5668960977160594e-07, -2.2051278135743301e-06, 8.8048407408634454e-07, 6.2901857318207160e-07, -4.0328630681527531e-08, 5.0053750923313642e-07, 1.3106386049954247e-06, -9.0373885319535591e-07, 9.0702393370960741e-07, 8.0100559483447481e-08, -9.8340741909281797e-07},
    {-1.6043048799652900e-07, 5.0757965777030640e-07, 3.5668960980606589e-07, 1.0000044219159996e+00, 2.6075795177100559e-07, 5.2768399047725922e-07, -1.9218542878381582e-06, 6.6086901898980284e-07, 1.2529586814336060e-06, 5.7284447610434601e-07, -6.9722764029249452e-07, 8.6073123847816037e-07, 4.2767013497028919e-07, 3.9420430827058704e-07},
    {3.6824100533592015e-09, -2.6171397319531261e-07, -2.2051278135566970e-06, 2.6075795173213573e-07, 1.0000049775965436e+00, 1.0690794413136952e-06, -1.2925655015693893e-06, -3.3862628797850806e-07, 5.0003648474376722e-07, -1.0447009007049584e-06, 1.1861114154882135e-06, 5.7121633888020128e-07, -9.0700871612750127e-08, -5.1230470567011935e-08},
    {-1.9849701346111863e-06, -4.6597707212285727e-07, 8.8048407415797907e-07, 5.2768399053560592e-07, 1.0690794413213763e-06, 1.0000042630692041e+00, -5.3049165894912145e-07, 1.1034888915105055e-07, 7.7707788587038699e-07, 3.1610892073165821e-07, -3.8884168295417599e-07, -4.1513895710758920e-07, 2.3870968785524173e-07, -5.8392012525243458e-08},
    {3.5562275735714636e-07, 1.6860264728910948e-07, 6.2901857320687442e-07, -1.9218542878408010e-06, -1.2925655015789966e-06, -5.3049165897681424e-07, 1.0000043343291849e+00, 4.3683941127819095e-07, -6.2727604889145141e-07, 6.7456130248811416e-08, 5.6837851334912805e-07, 3.6765103133822165e-07, 1.1958666417941000e-06, -1.0171368449946164e-06},
    {-9.9088366028343854e-07, 1.3382685527428591e-06, -4.0328630696855076e-08, 6.6086901899528854e-07, -3.3862628798080347e-07, 1.1034888919043737e-07, 4.3683941131131793e-07, 1.0000027232218780e+00, 1.7175757537156371e-06, -1.0827127140226998e-06, 6.8044867721976691e-08, -4.0999554915038175e-07, -7.5885767310869695e-09, -2.7377936997969958e-07},
    {-8.8449962024960373e-07, -6.1272138854886512e-07, 5.0053750921222974e-07, 1.2529586814111170e-06, 5.0003648473369631e-07, 7.7707788591646061e-07, -6.2727604892999077e-07, 1.7175757536996428e-06, 1.0000044756609263e+00, 7.2826843108688009e-07, 1.9066397776793250e-07, -1.5728575690813689e-06, 1.3383062886262974e-07, -3.4379917921104723e-09},
    {8.1671986842969941e-07, -7.2617680124416090e-08, 1.3106386049892805e-06, 5.7284447607806089e-07, -1.0447009007061263e-06, 3.1610892073418602e-07, 6.7456130238720514e-08, -1.0827127140192511e-06, 7.2826843108775295e-07, 1.0000053847079236e+00, 6.6163068667454369e-08, -2.0842111349917620e-08, -1.7065040740058016e-06, 5.1188400941879282e-07},
    {4.0540899721885949e-07, -1.2253434819058789e-06, -9.0373885317249692e-07, -6.9722764033972752e-07, 1.1861114154884712e-06, -3.8884168296499440e-07, 5.6837851338173373e-07, 6.8044867716120927e-08, 1.9066397776609356e-07, 6.6163068674898293e-08, 1.0000057801999194e+00, 6.6376591730500005e-08, -1.2162735086291817e-06, 1.9013624838190611e-07},
    {-5.6302098408676639e-07, 1.2330332790281871e-06, 9.0702393367759508e-07, 8.6073123848963989e-07, 5.7121633887545377e-07, -4.1513895708552277e-07, 3.6765103136445299e-07, -4.0999554913499269e-07, -1.5728575690753549e-06, -2.0842111348545301e-08, 6.6376591728144142e-08, 1.0000061392911415e+00, 4.0322795880748873e-07, 7.4994936173354978e-08},
    {4.8320561049522714e-07, 1.2749835665096427e-06, 8.0100559462506153e-08, 4.2767013494609777e-07, -9.0700871617648982e-08, 2.3870968782691658e-07, 1.1958666418017915e-06, -7.5885766959568984e-09, 1.3383062887463167e-07, -1.7065040740006334e-06, -1.2162735086559613e-06, 4.0322795877741276e-07, 1.0000038814823791e+00, 1.1418944285093765e-06},
    {-8.3748728098013197e-08, -1.4875232429032324e-08, -9.8340741909121496e-07, 3.9420430827881633e-07, -5.1230470534392193e-08, -5.8392012518383484e-08, -1.0171368449876186e-06, -2.7377936997011334e-07, -3.4379917905673003e-09, 5.1188400939291798e-07, 1.9013624839129910e-07, 7.4994936179551262e-08, 1.1418944284924403e-06, 1.0000065057900573e+00}
}}};

static constexpr auto result = eigvals(mat);

int main() { return 0; }
