#include "../../consteig.hpp"

using namespace consteig;

static constexpr Matrix<double, 8, 8> mat
{{{
    {1.0000000000000000e+00, 1.2202549128103091e-16, -1.9857502873198535e-16, -1.0168919260477102e-16, 6.6899344557797309e-17, 1.1134303904107108e-16, -2.2013194561332701e-16, -5.4052231723237716e-17},
    {1.2202549128103091e-16, 9.9999999999999967e-01, -5.6395070663251244e-16, 2.5592184564428733e-17, 1.8203952022079187e-16, 1.4216192447773518e-16, -1.2304414507876055e-19, -5.1103715356556948e-17},
    {-1.9857502873198535e-16, -5.6395070663251244e-16, 1.0000000000000000e+00, 1.3078382492099068e-18, 2.7041918759317592e-16, -3.4960563649749340e-16, 1.8958605092339572e-16, 1.5529149491922945e-16},
    {-1.0168919260477102e-16, 2.5592184564428733e-17, 1.3078382492099068e-18, 9.9999999999999978e-01, 1.1065948958504117e-16, -6.6379095727014564e-17, 5.9939791888641285e-17, 5.6371341988405359e-17},
    {6.6899344557797309e-17, 1.8203952022079187e-16, 2.7041918759317592e-16, 1.1065948958504117e-16, 1.0000000000000000e+00, 1.9768963025146586e-16, -1.4858060017657222e-18, -7.0336886599155673e-17},
    {1.1134303904107108e-16, 1.4216192447773518e-16, -3.4960563649749340e-16, -6.6379095727014564e-17, 1.9768963025146586e-16, 1.0000000000000002e+00, -1.1204973508797726e-16, -1.4289095899822678e-16},
    {-2.2013194561332701e-16, -1.2304414507876055e-19, 1.8958605092339572e-16, 5.9939791888641285e-17, -1.4858060017657222e-18, -1.1204973508797726e-16, 1.0000000000000000e+00, -9.2999781655667540e-17},
    {-5.4052231723237716e-17, -5.1103715356556948e-17, 1.5529149491922945e-16, 5.6371341988405359e-17, -7.0336886599155673e-17, -1.4289095899822678e-16, -9.2999781655667540e-17, 1.0000000000000000e+00}
}}};

static constexpr auto result = eigvals(mat);

int main() { return 0; }
