#include "../../consteig.hpp"

using namespace consteig;

static constexpr Matrix<double, 12, 12> mat
{{{
    {-2.5315854549407959e+00, 1.0408466458320618e+00, 9.1973549127578735e-01, 1.6085215806961060e+00, -9.8268732428550720e-01, -1.8573786914348602e+00, -1.9859576225280762e+00, -2.8860074281692505e-01, -5.8071687817573547e-01, 6.5995246171951294e-01, -1.3603746891021729e-02, -1.6926307380199432e+00},
    {1.0408466458320618e+00, 2.0104515552520752e+00, -1.0784278213977814e+00, -1.5417260527610779e+00, -1.7338211238384247e+00, 5.0007709860801697e-01, 1.9299631714820862e+00, 2.2372295260429382e+00, -3.2030653953552246e-01, -1.3948521018028259e+00, -1.6535510420799255e+00, -6.9751071929931641e-01},
    {9.1973549127578735e-01, -1.0784278213977814e+00, 2.2790307998657227e+00, -1.0887770680710673e-02, 3.7338295578956604e-01, -2.5356539487838745e+00, -4.6804319834336638e-01, 2.6103968918323517e-01, 7.1774262189865112e-01, 1.0518892109394073e+00, -6.6034430265426636e-01, 1.2531963586807251e+00},
    {1.6085215806961060e+00, -1.5417260527610779e+00, -1.0887770680710673e-02, -5.1121121644973755e-01, -1.1545438766479492e+00, -3.0596357583999634e-01, 2.2225442528724670e+00, -4.7602713108062744e-02, 1.3664099276065826e+00, 2.6533635854721069e+00, 1.2536871097981930e+00, 4.1587302088737488e-01},
    {-9.8268732428550720e-01, -1.7338211238384247e+00, 3.7338295578956604e-01, -1.1545438766479492e+00, 1.2546823024749756e+00, -1.7514430582523346e+00, 1.4653493463993073e+00, -4.4686923362314701e-01, -1.3507429361343384e+00, 2.0957595109939575e-01, 1.1002957820892334e-02, -3.9856405463069677e-02},
    {-1.8573786914348602e+00, 5.0007709860801697e-01, -2.5356539487838745e+00, -3.0596357583999634e-01, -1.7514430582523346e+00, 2.6630914211273193e+00, 8.1254059076309204e-01, 4.3093085289001465e-01, -1.0389173328876495e+00, -1.2419239878654480e+00, 1.2711720019578934e+00, 4.7823338955640793e-01},
    {-1.9859576225280762e+00, 1.9299631714820862e+00, -4.6804319834336638e-01, 2.2225442528724670e+00, 1.4653493463993073e+00, 8.1254059076309204e-01, -3.1020026206970215e+00, -2.0715171098709106e-01, -2.6697728037834167e-01, 2.2721068859100342e+00, -1.3428117334842682e+00, 9.6457561105489731e-01},
    {-2.8860074281692505e-01, 2.2372295260429382e+00, 2.6103968918323517e-01, -4.7602713108062744e-02, -4.4686923362314701e-01, 4.3093085289001465e-01, -2.0715171098709106e-01, 4.5997595787048340e-01, 1.7621114850044250e+00, 1.7395048141479492e+00, -6.2401080131530762e-01, 4.3293847702443600e-01},
    {-5.8071687817573547e-01, -3.2030653953552246e-01, 7.1774262189865112e-01, 1.3664099276065826e+00, -1.3507429361343384e+00, -1.0389173328876495e+00, -2.6697728037834167e-01, 1.7621114850044250e+00, 5.9079378843307495e-01, 4.5483410358428955e-01, -1.1013790369033813e+00, 3.3756051063537598e+00},
    {6.5995246171951294e-01, -1.3948521018028259e+00, 1.0518892109394073e+00, 2.6533635854721069e+00, 2.0957595109939575e-01, -1.2419239878654480e+00, 2.2721068859100342e+00, 1.7395048141479492e+00, 4.5483410358428955e-01, -8.5255771875381470e-01, -5.2246302366256714e-01, -4.5066025294363499e-01},
    {-1.3603746891021729e-02, -1.6535510420799255e+00, -6.6034430265426636e-01, 1.2536871097981930e+00, 1.1002957820892334e-02, 1.2711720019578934e+00, -1.3428117334842682e+00, -6.2401080131530762e-01, -1.1013790369033813e+00, -5.2246302366256714e-01, -2.7386367321014404e+00, -4.8539118468761444e-01},
    {-1.6926307380199432e+00, -6.9751071929931641e-01, 1.2531963586807251e+00, 4.1587302088737488e-01, -3.9856405463069677e-02, 4.7823338955640793e-01, 9.6457561105489731e-01, 4.3293847702443600e-01, 3.3756051063537598e+00, -4.5066025294363499e-01, -4.8539118468761444e-01, 2.5296788215637207e+00}
}}};

static constexpr auto result = eigvals(mat);

int main() { return 0; }
