#include "../../consteig.hpp"

using namespace consteig;

static constexpr Matrix<double, 10, 10> mat
{{{
    {2.6644468307495117e+00, 7.2331824898719788e-01, -1.4250082373619080e+00, -2.4699360132217407e-01, -8.5164469480514526e-01, 1.7797075882554054e+00, -9.3176556006073952e-01, -6.8099689483642578e-01, 4.5065677165985107e-01, -4.8573082685470581e-01},
    {7.2331824898719788e-01, 9.4114565849304199e-01, 2.5560982525348663e-02, -9.1320557892322540e-01, 2.6863852739334106e+00, 3.4298343956470490e-01, 1.8783363997936249e+00, 2.3721674680709839e+00, -1.7436519265174866e-01, 4.9760934710502625e-01},
    {-1.4250082373619080e+00, 2.5560982525348663e-02, -1.2553735971450806e+00, -2.0106652975082397e+00, 5.1380333304405212e-01, 8.2245987653732300e-01, 2.1316223144531250e+00, 7.0032747834920883e-01, 7.6840285677462816e-01, 1.1299940347671509e+00},
    {-2.4699360132217407e-01, -9.1320557892322540e-01, -2.0106652975082397e+00, -8.1868344545364380e-01, -2.0160646736621857e-01, 1.8192405998706818e+00, 9.1514685750007629e-01, -2.3249062895774841e-01, 9.2817683145403862e-01, 1.1272107362747192e+00},
    {-8.5164469480514526e-01, 2.6863852739334106e+00, 5.1380333304405212e-01, -2.0160646736621857e-01, -3.0121824741363525e+00, 4.7020339965820312e-01, 6.4332675933837891e-01, -1.4038760662078857e+00, -2.0690069794654846e+00, 2.4218210577964783e+00},
    {1.7797075882554054e+00, 3.4298343956470490e-01, 8.2245987653732300e-01, 1.8192405998706818e+00, 4.7020339965820312e-01, -3.1273329257965088e+00, 1.8133401870727539e-01, 1.1501639783382416e+00, 1.1493061482906342e+00, 1.2433790564537048e+00},
    {-9.3176556006073952e-01, 1.8783363997936249e+00, 2.1316223144531250e+00, 9.1514685750007629e-01, 6.4332675933837891e-01, 1.8133401870727539e-01, 4.7490209341049194e-01, 1.3950368314981461e+00, -1.2734101340174675e+00, -8.0948032438755035e-01},
    {-6.8099689483642578e-01, 2.3721674680709839e+00, 7.0032747834920883e-01, -2.3249062895774841e-01, -1.4038760662078857e+00, 1.1501639783382416e+00, 1.3950368314981461e+00, -2.0601370334625244e+00, 1.8026726921088994e+00, -5.1276504993438721e-02},
    {4.5065677165985107e-01, -1.7436519265174866e-01, 7.6840285677462816e-01, 9.2817683145403862e-01, -2.0690069794654846e+00, 1.1493061482906342e+00, -1.2734101340174675e+00, 1.8026726921088994e+00, 1.3468225002288818e+00, -9.9493416398763657e-01},
    {-4.8573082685470581e-01, 4.9760934710502625e-01, 1.1299940347671509e+00, 1.1272107362747192e+00, 2.4218210577964783e+00, 1.2433790564537048e+00, -8.0948032438755035e-01, -5.1276504993438721e-02, -9.9493416398763657e-01, -9.7545313835144043e-01}
}}};

static constexpr auto result = eigvals(mat);

int main() { return 0; }
