#include "../../consteig.hpp"

using namespace consteig;

static constexpr Matrix<double, 18, 18> mat
{{{
    {1.0000050179135358e+00, 4.8968356749418808e-07, 2.7379580180500087e-08, -1.7972445390503149e-07, 5.6025778333667137e-07, 9.0416491433367185e-07, 2.4970278594661031e-07, 3.5886855655965165e-07, -1.8415534548062993e-06, -5.0613333168438685e-07, -4.8143426495929115e-08, 1.5216668259843492e-07, 6.5829415340284853e-07, 1.8766069729804264e-07, 6.5787448888684474e-07, -3.8395911292339107e-07, -2.8534363219051341e-07, 8.9961385417531168e-07},
    {4.8968356751653726e-07, 1.0000057300123508e+00, -4.4889803593565363e-07, 5.8944725459642323e-07, 2.0442814886800190e-07, -1.2776595700122299e-07, 5.1500883319370628e-07, -1.4642714580601081e-06, -8.7270404101373111e-07, 1.3070009762277120e-08, -4.9701432943453675e-07, 5.9241075411695924e-07, -1.7530246824011090e-06, 8.8253622821086582e-07, 4.6565860244369503e-07, -1.3243366937741395e-07, -2.2168753352404019e-07, -2.7533942629713472e-07},
    {2.7379580182117324e-08, -4.4889803591460735e-07, 1.0000041151597800e+00, -9.3569191249727270e-07, -4.9392245125477318e-07, -1.1153404061874285e-06, -6.8327587056114319e-09, 1.3510954431530937e-07, -1.8461427412184614e-06, -3.9131022531100508e-07, -6.7062738422667047e-07, -1.5524534467244070e-06, -6.3441398418501955e-07, 5.5286055079033402e-07, -6.6971423630628287e-07, -6.0066813172415180e-07, -4.7163825561466197e-09, 3.8711545823669243e-07},
    {-1.7972445389573541e-07, 5.8944725457846052e-07, -9.3569191248973432e-07, 1.0000036543638104e+00, 2.0058104669047007e-07, -1.0936689273025403e-06, -1.0780867074195370e-06, -3.1868922345667304e-07, -7.1643410987294527e-07, 7.8207570507562549e-07, 4.2801975341680447e-07, -1.3805490414987197e-07, 7.9335077995390411e-07, -1.8370857856506132e-07, 1.1658773094036047e-06, 8.9026471314152161e-07, -1.9077630893004778e-07, -5.4978102872586331e-07},
    {5.6025778327713999e-07, 2.0442814884776215e-07, -4.9392245123425539e-07, 2.0058104670332973e-07, 1.0000046787764509e+00, -3.4072030079462710e-07, -1.0324005852676783e-06, 4.8131104753517913e-07, -1.1982246498511098e-07, -6.6176388053272656e-07, -5.0811193740796536e-08, 6.5946305978699762e-07, -1.3892258969684842e-07, 2.4222085790593169e-07, -1.7977176563404681e-06, 2.6536840064541588e-07, 8.1116235638038184e-07, 3.4087567507081923e-08},
    {9.0416491432442522e-07, -1.2776595700839742e-07, -1.1153404061674741e-06, -1.0936689273170659e-06, -3.4072030079034069e-07, 1.0000044451821088e+00, 3.6837620059492333e-07, -6.0732576242318375e-07, 2.4203792658710983e-07, 3.3958417259717042e-07, 1.2720489555230321e-08, -2.8186012730630770e-07, -9.3015095694317804e-07, -3.0295161409726202e-07, 1.9647865577609178e-07, 1.7786092458384260e-07, 9.3292157944181813e-07, -1.2659789322262089e-06},
    {2.4970278591396307e-07, 5.1500883319984663e-07, -6.8327587061094136e-09, -1.0780867073691396e-06, -1.0324005852729794e-06, 3.6837620059608985e-07, 1.0000052826844890e+00, 4.1544736097120249e-08, 4.9169023928929050e-07, 1.3613804998662535e-06, -6.5712992882492016e-07, 1.3267259369629988e-07, 1.7812444959756949e-07, 2.9335545819436300e-07, 1.6108820773910356e-07, -9.0390507400394728e-08, 2.8224033674374381e-07, 6.3929521740172420e-07},
    {3.5886855654113207e-07, -1.4642714580497119e-06, 1.3510954432858021e-07, -3.1868922345498453e-07, 4.8131104755903465e-07, -6.0732576241737110e-07, 4.1544736087195922e-08, 1.0000056800863293e+00, 6.2829290875986260e-08, 7.7097877066972118e-07, -8.2455526032869995e-07, -5.3468392920658393e-08, -1.2749376235622732e-06, 7.0680982900424864e-07, -6.9263184592072836e-07, -2.2422130913328395e-06, 1.5211700626002218e-07, -2.6552127154636994e-07},
    {-1.8415534548112513e-06, -8.7270404101482982e-07, -1.8461427412454413e-06, -7.1643410987921373e-07, -1.1982246495785319e-07, 2.4203792658617794e-07, 4.9169023929942969e-07, 6.2829290917070812e-08, 1.0000054282256017e+00, 4.1694333522388796e-07, -7.1539053374412112e-07, -6.7089807785716179e-07, -2.5228573617454441e-07, -1.2644992644128282e-06, 8.7704036510177717e-07, 7.1084340295304625e-07, -2.6566014534928627e-07, -5.8795896618496239e-07},
    {-5.0613333175415537e-07, 1.3070009758330918e-08, -3.9131022531716047e-07, 7.8207570508949259e-07, -6.6176388054089460e-07, 3.3958417257209380e-07, 1.3613804998719456e-06, 7.7097877067180044e-07, 4.1694333522319218e-07, 1.0000059279183440e+00, -6.4975785583938606e-07, -5.3264574340905859e-07, 4.0372394158401071e-07, 1.3634937962501533e-06, -1.4738931275575227e-06, 5.9677415312356103e-07, 9.5959610969139282e-07, -4.5596624280240908e-07},
    {-4.8143426468640877e-08, -4.9701432942154252e-07, -6.7062738421554797e-07, 4.2801975339511921e-07, -5.0811193749852595e-08, 1.2720489559730515e-08, -6.5712992887261923e-07, -8.2455526029986007e-07, -7.1539053373782078e-07, -6.4975785580362888e-07, 1.0000056702181923e+00, -3.1852857694323509e-07, -1.2659319467894456e-06, -2.6536845550729174e-07, 2.0137501023563893e-07, 1.9719085656431729e-07, -2.2397386336062647e-07, 8.1035944597256403e-07},
    {1.5216668257956519e-07, 5.9241075411010897e-07, -1.5524534467500346e-06, -1.3805490416450168e-07, 6.5946305978453127e-07, -2.8186012726637428e-07, 1.3267259366983367e-07, -5.3468392926380551e-08, -6.7089807788002935e-07, -5.3264574342201808e-07, -3.1852857693643918e-07, 1.0000053649864882e+00, -4.4034959934221653e-07, 4.1186387745790100e-07, 3.6470184101454460e-07, 6.3729783485067233e-07, -8.0050888234707083e-08, -5.2939534944090006e-07},
    {6.5829415343057001e-07, -1.7530246824264688e-06, -6.3441398421358383e-07, 7.9335077994114748e-07, -1.3892258969062495e-07, -9.3015095696470348e-07, 1.7812444962810466e-07, -1.2749376235780653e-06, -2.5228573615915514e-07, 4.0372394159109900e-07, -1.2659319467779854e-06, -4.4034959935029071e-07, 1.0000056374452064e+00, 2.6030590398572776e-07, 1.5664985793147850e-06, 1.4587989799748419e-07, 1.4382003998988639e-07, 7.0119440870185774e-08},
    {1.8766069731434763e-07, 8.8253622821373832e-07, 5.5286055083166637e-07, -1.8370857857443493e-07, 2.4222085789242353e-07, -3.0295161411285822e-07, 2.9335545823971405e-07, 7.0680982898520607e-07, -1.2644992644953442e-06, 1.3634937962669741e-06, -2.6536845551714904e-07, 4.1186387747659200e-07, 2.6030590397295752e-07, 1.0000046190727083e+00, -5.7519915428063431e-07, -6.4502917157790581e-07, -2.5922621164693268e-07, -9.5163287021141078e-07},
    {6.5787448889992642e-07, 4.6565860242003142e-07, -6.6971423631162066e-07, 1.1658773093960299e-06, -1.7977176563455546e-06, 1.9647865578254572e-07, 1.6108820775778839e-07, -6.9263184593404869e-07, 8.7704036510798201e-07, -1.4738931274650195e-06, 2.0137501021226129e-07, 3.6470184101357459e-07, 1.5664985793464727e-06, -5.7519915426236170e-07, 1.0000060609528196e+00, -9.7122167951438965e-07, -2.9674328705256417e-07, -1.4428468240855222e-07},
    {-3.8395911289469677e-07, -1.3243366938833647e-07, -6.0066813171512359e-07, 8.9026471315243668e-07, 2.6536840066317573e-07, 1.7786092453883230e-07, -9.0390507429779280e-08, -2.2422130913279289e-06, 7.1084340291657068e-07, 5.9677415309942271e-07, 1.9719085657757180e-07, 6.3729783485409000e-07, 1.4587989797380120e-07, -6.4502917154194260e-07, -9.7122167953884518e-07, 1.0000055735724414e+00, 1.2991258112291717e-06, -3.2274525398066117e-07},
    {-2.8534363221881236e-07, -2.2168753352666470e-07, -4.7163825693898458e-09, -1.9077630899140420e-07, 8.1116235641907420e-07, 9.3292157946802173e-07, 2.8224033674806421e-07, 1.5211700624063553e-07, -2.6566014538203384e-07, 9.5959610970846329e-07, -2.2397386336061506e-07, -8.0050888230831325e-08, 1.4382004002055793e-07, -2.5922621163898741e-07, -2.9674328702711099e-07, 1.2991258112325176e-06, 1.0000037709837553e+00, 1.9989618908093437e-07},
    {8.9961385417633415e-07, -2.7533942628712888e-07, 3.8711545821529087e-07, -5.4978102872570724e-07, 3.4087567488224826e-08, -1.2659789321421908e-06, 6.3929521736885805e-07, -2.6552127157611170e-07, -5.8795896615490310e-07, -4.5596624278178298e-07, 8.1035944596587110e-07, -5.2939534946041612e-07, 7.0119440876018006e-08, -9.5163287020578193e-07, -1.4428468240008469e-07, -3.2274525398327591e-07, 1.9989618904585490e-07, 1.0000033424455910e+00}
}}};

static constexpr auto result = eigvals(mat);

int main() { return 0; }
