#include "../../consteig.hpp"

using namespace consteig;

static constexpr Matrix<double, 18, 18> mat
{{{
    {1.0000047311299967e+00, -9.0224477051289021e-08, -3.8144481877533093e-07, -5.4097239970885956e-07, 1.4444215946632805e-07, 7.9891489116533057e-08, 3.8486449093101415e-07, 1.9239285928988071e-07, 2.5944042580616602e-08, 8.9364588175778204e-08, 6.7105742329250371e-07, 9.1788324418805712e-07, 1.1246037166722044e-06, 3.8204254006120268e-07, -2.9362944559322160e-07, -1.0751209311873521e-06, 1.9111109446880817e-07, -4.9481327382554275e-07},
    {-9.0224477076554399e-08, 1.0000060286455112e+00, -7.7173361322724498e-07, -7.1042692173165419e-07, 8.6868741031599327e-07, -1.2269948457646883e-06, -1.7915605384239552e-08, -1.9581361030845747e-07, 3.7177199865947126e-07, -1.6460739763288594e-07, 7.1229910337267032e-07, -4.9703731741498645e-07, -2.2700646292891948e-07, 3.8518954461621325e-07, -5.7015004857038026e-07, 4.9453971489464230e-08, 6.7253681373984214e-07, 6.4349896626824710e-07},
    {-3.8144481877481197e-07, -7.7173361323994497e-07, 1.0000053142249579e+00, -6.4503321110842535e-07, 6.5228330547226585e-07, 3.1945452497339519e-07, -3.9913143469537392e-08, 2.3962207273001352e-07, -3.0093395471701988e-07, -2.4146822180381760e-07, -9.1127932959426873e-07, 1.6564552210464053e-07, 3.8421570752599646e-08, -1.4335716660815832e-07, 3.1107643082137158e-07, 1.5547607101369965e-06, -5.3561219605219098e-07, -1.9427698027362900e-08},
    {-5.4097239967849036e-07, -7.1042692176698584e-07, -6.4503321111173577e-07, 1.0000052301928719e+00, 5.4641912332288937e-07, 3.5530744594109862e-07, -7.9345887402925144e-07, 1.1778453878640674e-06, 3.1099986226558119e-07, 1.0115731078291747e-07, -4.8700991260448550e-07, 6.4605797763939359e-07, -4.3836758999337320e-07, 8.1241292837514458e-07, 1.1661525041464488e-06, 1.2749167597893788e-06, -1.4959538390535362e-07, 8.6667322951445285e-07},
    {1.4444215950191494e-07, 8.6868741031715498e-07, 6.5228330544077306e-07, 5.4641912332257597e-07, 1.0000055237318866e+00, -1.0512346286598795e-07, 1.3068982548436037e-06, -1.0766506611453488e-06, -6.4385608143250478e-07, 1.9196640155391774e-07, 2.4635395753975400e-07, 2.0443840125648265e-07, -1.0132317347272451e-06, -1.1848031863608629e-07, 1.2812902113429167e-07, 6.9457292670014984e-08, 1.5695449392743676e-06, -8.1606762710757572e-07},
    {7.9891489102037358e-08, -1.2269948457253216e-06, 3.1945452499834121e-07, 3.5530744592833749e-07, -1.0512346287412621e-07, 1.0000037186331110e+00, -6.0062752897792032e-08, -7.3308384120656998e-08, -4.2979191582433664e-07, -2.7120608047772984e-07, -1.7678156256862469e-06, -1.2688250949337418e-06, 4.8990620627913846e-07, -7.3973080871382774e-07, 1.0049541329573835e-06, -7.1739265765860597e-07, 3.9235597441957608e-07, 1.4682038702408649e-06},
    {3.8486449092229013e-07, -1.7915605365434660e-08, -3.9913143457908159e-08, -7.9345887403763082e-07, 1.3068982548466729e-06, -6.0062752911956435e-08, 1.0000049765503720e+00, -7.3351328868435823e-07, 3.3807808010617832e-07, 4.8886611265067789e-08, 1.0591825182111230e-07, 1.0809375589948260e-06, -4.1398140888079036e-07, 5.0986964104319251e-07, -6.3334345460003212e-07, 8.7217264211479600e-07, 2.8836878343274369e-07, -1.5143731877474458e-08},
    {1.9239285928346179e-07, -1.9581361034905018e-07, 2.3962207271778686e-07, 1.1778453878628847e-06, -1.0766506611506432e-06, -7.3308384110760292e-08, -7.3351328865663643e-07, 1.0000047003945542e+00, 8.0338899419076950e-07, -7.8098602700220223e-07, 5.1520778132379731e-07, 4.4647362808757777e-08, -1.3463080911890813e-07, -1.6080550119853372e-06, 3.0830556024725270e-07, -1.5768570578672157e-07, -3.9034473831947528e-07, -8.7805138863649768e-07},
    {2.5944042594518285e-08, 3.7177199863038791e-07, -3.0093395474995686e-07, 3.1099986227365453e-07, -6.4385608144013782e-07, -4.2979191582634570e-07, 3.3807808010055244e-07, 8.0338899425493913e-07, 1.0000041115652747e+00, 4.7141411066963867e-07, 1.3141449030265216e-06, 2.3151920204035722e-07, 4.4911821001477941e-07, -1.1803398355962858e-07, 2.8839181222445305e-07, 9.5824977373223141e-07, 7.9016488815053213e-07, 8.0072150396633594e-07},
    {8.9364588196834675e-08, -1.6460739765189641e-07, -2.4146822179659045e-07, 1.0115731079977639e-07, 1.9196640157876272e-07, -2.7120608048878632e-07, 4.8886611272667560e-08, -7.8098602696978776e-07, 4.7141411067484559e-07, 1.0000038336955708e+00, -1.2997292091274710e-06, -8.7268353070695614e-07, -2.1505023667058364e-07, -7.0850462260368918e-07, -8.9094674068632470e-07, 1.3291271006861566e-06, -7.5615163943718374e-07, -1.4991457762654034e-06},
    {6.7105742326444585e-07, 7.1229910335503912e-07, -9.1127932955991466e-07, -4.8700991260109187e-07, 2.4635395754610680e-07, -1.7678156257055480e-06, 1.0591825182418428e-07, 5.1520778134988074e-07, 1.3141449030160129e-06, -1.2997292090796755e-06, 1.0000048743286645e+00, -1.3496890886821010e-06, 2.3356136001505068e-07, -1.3614414804383346e-07, 2.7089608837907829e-07, 8.3403489181350857e-07, -3.4303531192343851e-07, -1.1973751803150392e-06},
    {9.1788324418752370e-07, -4.9703731739851293e-07, 1.6564552212318518e-07, 6.4605797767324664e-07, 2.0443840122954134e-07, -1.2688250949310199e-06, 1.0809375590295249e-06, 4.4647362812527848e-08, 2.3151920204520624e-07, -8.7268353069916778e-07, -1.3496890887084401e-06, 1.0000052093575911e+00, -4.5329102370968858e-07, 2.2344833935891440e-07, -2.5894053022617165e-07, -9.4655760326000482e-08, -1.2109209626852356e-06, 8.0105560558117497e-07},
    {1.1246037166584499e-06, -2.2700646291616661e-07, 3.8421570777881039e-08, -4.3836758996447752e-07, -1.0132317347357093e-06, 4.8990620628501645e-07, -4.1398140884438484e-07, -1.3463080912215161e-07, 4.4911821000906024e-07, -2.1505023666319280e-07, 2.3356136001773535e-07, -4.5329102374818988e-07, 1.0000042449898583e+00, 1.0743547181826229e-06, 1.7918424382575993e-07, 5.6485234470360265e-07, 1.2164840425146774e-06, 9.9893510558324974e-08},
    {3.8204254005161676e-07, 3.8518954458991690e-07, -1.4335716659796177e-07, 8.1241292834691075e-07, -1.1848031866368777e-07, -7.3973080870393238e-07, 5.0986964106447506e-07, -1.6080550120150206e-06, -1.1803398356283189e-07, -7.0850462260765276e-07, -1.3614414805343548e-07, 2.2344833935473469e-07, 1.0743547182121454e-06, 1.0000061323194387e+00, -9.3856737638324570e-07, 6.0695699254959026e-07, 7.5178067505476930e-07, 4.9723006075185468e-07},
    {-2.9362944557023054e-07, -5.7015004855741568e-07, 3.1107643084014543e-07, 1.1661525041179140e-06, 1.2812902113415347e-07, 1.0049541329364446e-06, -6.3334345459622026e-07, 3.0830556023071380e-07, 2.8839181219966934e-07, -8.9094674068235931e-07, 2.7089608839971704e-07, -2.5894053025351514e-07, 1.7918424379677706e-07, -9.3856737638514803e-07, 1.0000040197988305e+00, 2.0744570588941560e-07, 9.2955524766472704e-07, 4.7484614673233795e-07},
    {-1.0751209312010535e-06, 4.9453971476471625e-08, 1.5547607101382838e-06, 1.2749167598108646e-06, 6.9457292634779194e-08, -7.1739265766730182e-07, 8.7217264211904345e-07, -1.5768570578890681e-07, 9.5824977370279278e-07, 1.3291271006866534e-06, 8.3403489178811113e-07, -9.4655760355486004e-08, 5.6485234469378511e-07, 6.0695699254191741e-07, 2.0744570594541048e-07, 1.0000063679045925e+00, -1.5926861596137017e-06, 3.6283880808161087e-08},
    {1.9111109446785930e-07, 6.7253681372749356e-07, -5.3561219602500398e-07, -1.4959538391426947e-07, 1.5695449392830446e-06, 3.9235597442839846e-07, 2.8836878343945087e-07, -3.9034473833351374e-07, 7.9016488816095593e-07, -7.5615163946467494e-07, -3.4303531191536793e-07, -1.2109209626963398e-06, 1.2164840425542620e-06, 7.5178067504974745e-07, 9.2955524768183064e-07, -1.5926861596115412e-06, 1.0000063285062941e+00, 6.0181025907099465e-07},
    {-4.9481327382902395e-07, 6.4349896631508632e-07, -1.9427698029591371e-08, 8.6667322953331680e-07, -8.1606762711295819e-07, 1.4682038702396830e-06, -1.5143731897564508e-08, -8.7805138864269679e-07, 8.0072150394025103e-07, -1.4991457762855797e-06, -1.1973751803180087e-06, 8.0105560559477419e-07, 9.9893510557901642e-08, 4.9723006073233438e-07, 4.7484614675562591e-07, 3.6283880860030262e-08, 6.0181025905856846e-07, 1.0000046540306218e+00}
}}};

static constexpr auto result = eigvals(mat);

int main() { return 0; }
