#include "../../consteig.hpp"

using namespace consteig;

static constexpr Matrix<double, 12, 12> mat
{{{
    {-2.1337565779685974e-01, 8.7494993954896927e-01, -1.0246516764163971e+00, -6.5970391035079956e-02, 8.6886602640151978e-01, 3.0264359712600708e-01, 1.8445467948913574e+00, 1.7524322271347046e+00, -2.2540483474731445e+00, -2.5972257554531097e-01, -1.0500347018241882e+00, 8.0964994430541992e-01},
    {8.7494993954896927e-01, -1.7113282680511475e+00, 1.1600205898284912e+00, -8.0744028091430664e-03, 2.4442462921142578e+00, -6.1296784877777100e-01, 6.4109873771667480e-01, 4.2859038710594177e-01, 2.3088722825050354e+00, 1.1926558613777161e-01, 8.8658833503723145e-01, -1.1015796959400177e+00},
    {-1.0246516764163971e+00, 1.1600205898284912e+00, -2.4248187541961670e+00, -1.8991305828094482e+00, -9.8445403575897217e-01, 2.3883962631225586e-01, 6.1040956154465675e-01, 2.4176853895187378e-01, -1.8067836761474609e-01, -2.8794676065444946e-01, 1.5842381119728088e+00, 2.0229752659797668e+00},
    {-6.5970391035079956e-02, -8.0744028091430664e-03, -1.8991305828094482e+00, 3.4567189216613770e+00, 9.1219417750835419e-01, 1.8445113599300385e+00, 6.4118532463908195e-01, -7.6181693375110626e-01, -1.1503815650939941e-02, 3.8333472609519958e-01, -1.4509704783558846e+00, -8.9105682075023651e-01},
    {8.6886602640151978e-01, 2.4442462921142578e+00, -9.8445403575897217e-01, 9.1219417750835419e-01, 6.8684923648834229e-01, 1.5762457549571991e+00, -7.5083249807357788e-01, -2.1019189357757568e+00, -1.5821065604686737e+00, -1.8802630901336670e-01, 2.6689380407333374e-01, 5.3450083732604980e-01},
    {3.0264359712600708e-01, -6.1296784877777100e-01, 2.3883962631225586e-01, 1.8445113599300385e+00, 1.5762457549571991e+00, 4.9079772830009460e-01, -2.2943631112575531e+00, -2.5492642521858215e+00, 3.3531790971755981e-01, 7.4355581402778625e-01, -5.5671893805265427e-01, 2.0716275274753571e+00},
    {1.8445467948913574e+00, 6.4109873771667480e-01, 6.1040956154465675e-01, 6.4118532463908195e-01, -7.5083249807357788e-01, -2.2943631112575531e+00, -1.2155081033706665e+00, 2.9210746288299561e-02, 1.6431625187397003e+00, -1.1694725602865219e+00, 1.0800915360450745e+00, 2.3056652396917343e-01},
    {1.7524322271347046e+00, 4.2859038710594177e-01, 2.4176853895187378e-01, -7.6181693375110626e-01, -2.1019189357757568e+00, -2.5492642521858215e+00, 2.9210746288299561e-02, -2.7255837917327881e+00, 3.8545372486114502e+00, -4.1806626319885254e-01, 1.3613077700138092e+00, 1.6764443516731262e+00},
    {-2.2540483474731445e+00, 2.3088722825050354e+00, -1.8067836761474609e-01, -1.1503815650939941e-02, -1.5821065604686737e+00, 3.3531790971755981e-01, 1.6431625187397003e+00, 3.8545372486114502e+00, 1.1484618186950684e+00, 2.7978302538394928e+00, 1.4496847987174988e+00, 1.0623478889465332e-01},
    {-2.5972257554531097e-01, 1.1926558613777161e-01, -2.8794676065444946e-01, 3.8333472609519958e-01, -1.8802630901336670e-01, 7.4355581402778625e-01, -1.1694725602865219e+00, -4.1806626319885254e-01, 2.7978302538394928e+00, 6.2191772460937500e-01, 1.2235642075538635e+00, 9.3486082553863525e-01},
    {-1.0500347018241882e+00, 8.8658833503723145e-01, 1.5842381119728088e+00, -1.4509704783558846e+00, 2.6689380407333374e-01, -5.5671893805265427e-01, 1.0800915360450745e+00, 1.3613077700138092e+00, 1.4496847987174988e+00, 1.2235642075538635e+00, -4.0549790859222412e-01, -1.7374204397201538e+00},
    {8.0964994430541992e-01, -1.1015796959400177e+00, 2.0229752659797668e+00, -8.9105682075023651e-01, 5.3450083732604980e-01, 2.0716275274753571e+00, 2.3056652396917343e-01, 1.6764443516731262e+00, 1.0623478889465332e-01, 9.3486082553863525e-01, -1.7374204397201538e+00, -8.7762314081192017e-01}
}}};

static constexpr auto result = eigvals(mat);

int main() { return 0; }
