#include "../../consteig.hpp"

using namespace consteig;

static constexpr Matrix<double, 6, 6> mat
{{{
    {-1.7847157716751099e+00, 1.5232688188552856e-01, 1.1733350902795792e+00, -8.7534987926483154e-01, 1.8286485671997070e+00, 3.0794791579246521e+00},
    {1.5232688188552856e-01, -2.3590159416198730e+00, -7.6358512043952942e-01, -1.2452751398086548e-01, -1.9513471424579620e+00, 1.6637246310710907e+00},
    {1.1733350902795792e+00, -7.6358512043952942e-01, -7.1343523263931274e-01, -1.2227673530578613e+00, 3.9092487096786499e-01, -1.3652013242244720e+00},
    {-8.7534987926483154e-01, -1.2452751398086548e-01, -1.2227673530578613e+00, 8.3855766057968140e-01, -1.1966938897967339e+00, 1.7718183100223541e+00},
    {1.8286485671997070e+00, -1.9513471424579620e+00, 3.9092487096786499e-01, -1.1966938897967339e+00, -2.1396427154541016e+00, 1.2020252645015717e+00},
    {3.0794791579246521e+00, 1.6637246310710907e+00, -1.3652013242244720e+00, 1.7718183100223541e+00, 1.2020252645015717e+00, 3.1831336021423340e+00}
}}};

static constexpr auto result = eigvals(mat);

int main() { return 0; }
