#include "../../consteig.hpp"

using namespace consteig;

static constexpr Matrix<double, 10, 10> mat
{{{
    {-1.2311338186264038e+00, -1.5531575679779053e-01, -3.9843967556953430e-01, 1.5466375350952148e+00, 5.1424938440322876e-01, 2.6645336151123047e+00, 4.2033043503761292e-01, -4.2703697085380554e-01, -2.2226726114749908e+00, 9.5440798997879028e-01},
    {7.8820455074310303e-01, -1.4035682678222656e+00, 8.0670535564422607e-01, 5.9499937295913696e-01, -2.2188523411750793e-01, 4.2033043503761292e-01, 1.9924962520599365e+00, -6.9875337649136782e-02, -7.2364962100982666e-01, -5.3906828165054321e-01},
    {-1.0178977251052856e-01, 8.0347746610641479e-02, 1.4822331666946411e+00, -8.2136315107345581e-01, -6.5305441617965698e-01, -4.2703697085380554e-01, -6.9875337649136782e-02, -3.6051520705223083e-01, 1.1313242912292480e+00, -6.7870861291885376e-01},
    {2.3754158616065979e-01, -1.2887878417968750e+00, -4.3954136967658997e-01, 3.3623149991035461e-01, -1.5885689258575439e+00, -2.2226726114749908e+00, -7.2364962100982666e-01, 1.1313242912292480e+00, 1.2439233064651489e+00, 2.1665186285972595e+00},
    {-2.4215631484985352e+00, 7.6832824945449829e-01, -2.0833598077297211e-01, -1.2352809906005859e+00, -1.3940217494964600e+00, 9.5440798997879028e-01, -5.3906828165054321e-01, -6.7870861291885376e-01, 2.1665186285972595e+00, -2.1812148392200470e-01},
    {-2.1067602634429932e+00, -1.1537388563156128e+00, 2.4238792061805725e-01, -5.8138205111026764e-01, 3.0693733692169189e+00, 1.2311338186264038e+00, -7.8820455074310303e-01, 1.0178977251052856e-01, -2.3754158616065979e-01, 2.4215631484985352e+00},
    {-1.1537388563156128e+00, -1.6765614748001099e+00, -6.4573228359222412e-02, -3.4015636444091797e+00, -8.1260758638381958e-01, 1.5531575679779053e-01, 1.4035682678222656e+00, -8.0347746610641479e-02, 1.2887878417968750e+00, -7.6832824945449829e-01},
    {2.4238792061805725e-01, -6.4573228359222412e-02, 2.0932455062866211e+00, 1.1932782977819443e+00, 3.9867204427719116e-01, 3.9843967556953430e-01, -8.0670535564422607e-01, -1.4822331666946411e+00, 4.3954136967658997e-01, 2.0833598077297211e-01},
    {-5.8138205111026764e-01, -3.4015636444091797e+00, 1.1932782977819443e+00, -1.4709105491638184e+00, -9.6151033043861389e-01, -1.5466375350952148e+00, -5.9499937295913696e-01, 8.2136315107345581e-01, -3.3623149991035461e-01, 1.2352809906005859e+00},
    {3.0693733692169189e+00, -8.1260758638381958e-01, 3.9867204427719116e-01, -9.6151033043861389e-01, -1.5828112363815308e+00, -5.1424938440322876e-01, 2.2188523411750793e-01, 6.5305441617965698e-01, 1.5885689258575439e+00, 1.3940217494964600e+00}
}}};

static constexpr auto result = eigvals(mat);

int main() { return 0; }
