#include "../../consteig.hpp"

using namespace consteig;

static constexpr Matrix<double, 20, 20> mat
{{{
    {2.5361087918281555e-01, 5.9848022460937500e-01, -9.1891929507255554e-02, -4.1434806585311890e-01, 1.9822503626346588e-01, 2.9127827286720276e-01, 1.6927953958511353e+00, 8.5683691501617432e-01, 6.4751338958740234e-01, -6.1378335952758789e-01, 9.1178637742996216e-01, 2.0788158997893333e+00, 1.1011294722557068e+00, -2.3257250189781189e+00, -2.4302150458097458e+00, -5.1286877691745758e-01, -1.0744117498397827e+00, -5.8539557456970215e-01, -1.6078194007277489e+00, 1.2314260005950928e-02},
    {2.4332909584045410e+00, 2.4558916687965393e-01, -1.5886726379394531e+00, -4.3994656205177307e-01, 6.2161159515380859e-01, -1.6636476516723633e+00, -2.3305542767047882e-01, 1.9053636789321899e+00, 2.1422431468963623e+00, 2.7625912427902222e-01, 2.0788158997893333e+00, 7.0367336273193359e-01, 1.0719245076179504e+00, 2.4165123701095581e+00, 9.0388986468315125e-01, -1.1614798307418823e+00, -2.8684097528457642e-01, -1.3324490785598755e+00, 3.9543694257736206e-01, 3.2434797286987305e-01},
    {-1.3091744482517242e-01, -9.5804381370544434e-01, 4.6140488982200623e-01, 2.7113080024719238e-01, -1.3843666762113571e-02, 1.6274398565292358e+00, 8.3169615268707275e-01, 1.9760654866695404e-01, 9.9076932668685913e-01, -1.2157255411148071e+00, 1.1011294722557068e+00, 1.0719245076179504e+00, 3.0388799309730530e-01, 1.4646688103675842e+00, 1.5644150972366333e+00, 1.4333323538303375e+00, -1.3991766721010208e+00, 1.0238362764939666e+00, 1.7167618423700333e+00, 7.0648327469825745e-01},
    {-6.1288046836853027e-01, -8.4817820787429810e-01, 4.1644930839538574e-01, 1.0140078067779541e+00, 6.3343340158462524e-01, -1.3544724881649017e-01, -6.1677998304367065e-01, -5.5725246667861938e-01, -1.5206262469291687e-01, -1.2249284982681274e+00, -2.3257250189781189e+00, 2.4165123701095581e+00, 1.4646688103675842e+00, -1.1527538299560547e-01, 3.7554195523262024e-01, 1.1504581570625305e-01, 1.4911058247089386e+00, -3.3018097281455994e-01, -1.8121534585952759e-01, 1.4410058259963989e+00},
    {-8.7688469886779785e-01, 3.6295008659362793e-01, -6.7403250932693481e-01, -4.8447415232658386e-02, 1.0832961797714233e+00, 2.5710380077362061e-01, 5.4688721895217896e-01, 9.3337988853454590e-01, 9.9209463596343994e-01, 4.5831512659788132e-02, -2.4302150458097458e+00, 9.0388986468315125e-01, 1.5644150972366333e+00, 3.7554195523262024e-01, -1.4860439300537109e+00, 5.0820130109786987e-01, -2.7720786333084106e+00, -1.0630022287368774e+00, -1.9730145335197449e+00, 1.0537938412744552e+00},
    {-3.1387761235237122e-01, -6.5914654731750488e-01, 3.9228764176368713e-01, 6.6447061300277710e-01, 5.3975510597229004e-01, -7.3598086833953857e-01, 2.1243755817413330e+00, -4.2763471603393555e-01, -9.4119244813919067e-01, -8.3650672435760498e-01, -5.1286877691745758e-01, -1.1614798307418823e+00, 1.4333323538303375e+00, 1.1504581570625305e-01, 5.0820130109786987e-01, -1.1610757112503052e+00, -5.2833092212677002e-01, -2.0283554792404175e+00, -1.7318894863128662e+00, -1.7016621232032776e+00},
    {-1.7864815890789032e-01, 3.1478878110647202e-02, -1.2607452869415283e+00, 2.6306027173995972e-01, 7.2609210014343262e-01, 1.7580680549144745e-01, 1.2264033555984497e+00, 6.6660583019256592e-01, -2.0537095069885254e+00, 2.1060335636138916e-01, -1.0744117498397827e+00, -2.8684097528457642e-01, -1.3991766721010208e+00, 1.4911058247089386e+00, -2.7720786333084106e+00, -5.2833092212677002e-01, 1.1259728670120239e+00, -1.4404286742210388e+00, -2.0362910032272339e+00, -3.3872488141059875e+00},
    {-8.0807900428771973e-01, -1.9174983501434326e+00, 5.2817296981811523e-01, 2.7114307880401611e-01, -9.5560091733932495e-01, -8.9893388748168945e-01, 1.4057039022445679e+00, 1.6639137268066406e-01, -1.0912942886352539e+00, -9.1253489255905151e-02, -5.8539557456970215e-01, -1.3324490785598755e+00, 1.0238362764939666e+00, -3.3018097281455994e-01, -1.0630022287368774e+00, -2.0283554792404175e+00, -1.4404286742210388e+00, 9.7445482015609741e-01, 7.1335324645042419e-01, -5.4822176694869995e-01},
    {-1.2484101057052612e+00, 1.1579860448837280e+00, 8.7828153371810913e-01, -5.7084554433822632e-01, 4.5746377110481262e-01, 3.4131363034248352e-01, 1.2892837524414062e+00, 4.6159815788269043e-01, 9.1654920578002930e-01, -1.3061244785785675e-01, -1.6078194007277489e+00, 3.9543694257736206e-01, 1.7167618423700333e+00, -1.8121534585952759e-01, -1.9730145335197449e+00, -1.7318894863128662e+00, -2.0362910032272339e+00, 7.1335324645042419e-01, -8.3002853393554688e-01, 9.2016106843948364e-01},
    {8.3307072520256042e-02, -6.1269736289978027e-01, -1.0896445512771606e+00, -2.1192125976085663e-01, 6.4609032869338989e-01, -8.7915927171707153e-01, -2.6868307590484619e+00, 1.9710880517959595e-01, 5.4760807752609253e-01, 1.6371141672134399e+00, 1.2314260005950928e-02, 3.2434797286987305e-01, 7.0648327469825745e-01, 1.4410058259963989e+00, 1.0537938412744552e+00, -1.7016621232032776e+00, -3.3872488141059875e+00, -5.4822176694869995e-01, 9.2016106843948364e-01, 2.2344155311584473e+00},
    {1.5006090700626373e-01, -7.8535115718841553e-01, -8.0880108475685120e-01, -5.1914554834365845e-01, -3.8274109363555908e-02, -9.9573265761137009e-01, 6.2344174087047577e-01, 6.3155055046081543e-02, 6.5619785501621664e-01, -1.7625971436500549e+00, -2.5361087918281555e-01, -2.4332909584045410e+00, 1.3091744482517242e-01, 6.1288046836853027e-01, 8.7688469886779785e-01, 3.1387761235237122e-01, 1.7864815890789032e-01, 8.0807900428771973e-01, 1.2484101057052612e+00, -8.3307072520256042e-02},
    {-7.8535115718841553e-01, -5.0763789564371109e-02, -6.2149578332901001e-01, -1.2890660762786865e+00, -3.1999961733818054e+00, 4.5368793606758118e-01, -9.5672416687011719e-01, -6.9490242004394531e-01, -7.7332553267478943e-01, 2.6386368870735168e+00, -5.9848022460937500e-01, -2.4558916687965393e-01, 9.5804381370544434e-01, 8.4817820787429810e-01, -3.6295008659362793e-01, 6.5914654731750488e-01, -3.1478878110647202e-02, 1.9174983501434326e+00, -1.1579860448837280e+00, 6.1269736289978027e-01},
    {-8.0880108475685120e-01, -6.2149578332901001e-01, 5.9461631774902344e+00, -3.3288344740867615e-01, -1.9511090125888586e-01, -2.7866613864898682e-01, -7.3125095665454865e-01, -1.8127900362014771e-01, -2.8929311037063599e-01, -7.8305989503860474e-02, 9.1891929507255554e-02, 1.5886726379394531e+00, -4.6140488982200623e-01, -4.1644930839538574e-01, 6.7403250932693481e-01, -3.9228764176368713e-01, 1.2607452869415283e+00, -5.2817296981811523e-01, -8.7828153371810913e-01, 1.0896445512771606e+00},
    {-5.1914554834365845e-01, -1.2890660762786865e+00, -3.3288344740867615e-01, 9.9729865789413452e-01, -3.9071764945983887e+00, 3.8702285289764404e-01, 2.1380229592323303e+00, -3.5275101661682129e-02, 1.8568035885691643e+00, -1.7970897555351257e+00, 4.1434806585311890e-01, 4.3994656205177307e-01, -2.7113080024719238e-01, -1.0140078067779541e+00, 4.8447415232658386e-02, -6.6447061300277710e-01, -2.6306027173995972e-01, -2.7114307880401611e-01, 5.7084554433822632e-01, 2.1192125976085663e-01},
    {-3.8274109363555908e-02, -3.1999961733818054e+00, -1.9511090125888586e-01, -3.9071764945983887e+00, -1.2578002214431763e+00, 7.4335665442049503e-01, 6.6749387979507446e-01, -3.8577973842620850e-01, 1.3179087638854980e-01, -2.9888238906860352e+00, -1.9822503626346588e-01, -6.2161159515380859e-01, 1.3843666762113571e-02, -6.3343340158462524e-01, -1.0832961797714233e+00, -5.3975510597229004e-01, -7.2609210014343262e-01, 9.5560091733932495e-01, -4.5746377110481262e-01, -6.4609032869338989e-01},
    {-9.9573265761137009e-01, 4.5368793606758118e-01, -2.7866613864898682e-01, 3.8702285289764404e-01, 7.4335665442049503e-01, 2.6784174442291260e+00, 9.8875388503074646e-01, -9.4604888558387756e-01, -2.5567404013127089e+00, 7.8659260272979736e-01, -2.9127827286720276e-01, 1.6636476516723633e+00, -1.6274398565292358e+00, 1.3544724881649017e-01, -2.5710380077362061e-01, 7.3598086833953857e-01, -1.7580680549144745e-01, 8.9893388748168945e-01, -3.4131363034248352e-01, 8.7915927171707153e-01},
    {6.2344174087047577e-01, -9.5672416687011719e-01, -7.3125095665454865e-01, 2.1380229592323303e+00, 6.6749387979507446e-01, 9.8875388503074646e-01, -1.4073631167411804e-01, 1.8679410219192505e-01, -2.1541541218757629e+00, 1.2514089941978455e+00, -1.6927953958511353e+00, 2.3305542767047882e-01, -8.3169615268707275e-01, 6.1677998304367065e-01, -5.4688721895217896e-01, -2.1243755817413330e+00, -1.2264033555984497e+00, -1.4057039022445679e+00, -1.2892837524414062e+00, 2.6868307590484619e+00},
    {6.3155055046081543e-02, -6.9490242004394531e-01, -1.8127900362014771e-01, -3.5275101661682129e-02, -3.8577973842620850e-01, -9.4604888558387756e-01, 1.8679410219192505e-01, 6.3121420145034790e-01, 9.2764960695058107e-01, -1.9989900588989258e+00, -8.5683691501617432e-01, -1.9053636789321899e+00, -1.9760654866695404e-01, 5.5725246667861938e-01, -9.3337988853454590e-01, 4.2763471603393555e-01, -6.6660583019256592e-01, -1.6639137268066406e-01, -4.6159815788269043e-01, -1.9710880517959595e-01},
    {6.5619785501621664e-01, -7.7332553267478943e-01, -2.8929311037063599e-01, 1.8568035885691643e+00, 1.3179087638854980e-01, -2.5567404013127089e+00, -2.1541541218757629e+00, 9.2764960695058107e-01, 1.8503722548484802e-01, -2.5863115787506104e+00, -6.4751338958740234e-01, -2.1422431468963623e+00, -9.9076932668685913e-01, 1.5206262469291687e-01, -9.9209463596343994e-01, 9.4119244813919067e-01, 2.0537095069885254e+00, 1.0912942886352539e+00, -9.1654920578002930e-01, -5.4760807752609253e-01},
    {-1.7625971436500549e+00, 2.6386368870735168e+00, -7.8305989503860474e-02, -1.7970897555351257e+00, -2.9888238906860352e+00, 7.8659260272979736e-01, 1.2514089941978455e+00, -1.9989900588989258e+00, -2.5863115787506104e+00, 6.9933795928955078e-01, 6.1378335952758789e-01, -2.7625912427902222e-01, 1.2157255411148071e+00, 1.2249284982681274e+00, -4.5831512659788132e-02, 8.3650672435760498e-01, -2.1060335636138916e-01, 9.1253489255905151e-02, 1.3061244785785675e-01, -1.6371141672134399e+00}
}}};

static constexpr auto result = eigvals(mat);

int main() { return 0; }
