#include "../../consteig.hpp"

using namespace consteig;

static constexpr Matrix<double, 10, 10> mat
{{{
    {2.0711631774902344e+00, -1.9686851501464844e+00, -8.4588932991027832e-01, -1.6526204347610474e-01, 1.1169166564941406e+00, 3.0316805839538574e-01, -1.9793117046356201e-01, 2.8585264086723328e-01, -1.3462650775909424e-01, -1.5493072271347046e+00},
    {1.2526727914810181e+00, 7.2823315858840942e-01, 1.4727904796600342e+00, -9.7919028997421265e-01, -8.8068351149559021e-02, -1.9793117046356201e-01, 1.1919986009597778e+00, 7.9209756851196289e-01, 1.8351896703243256e+00, 1.8716298229992390e+00},
    {-3.8131842017173767e-01, 8.9997130632400513e-01, -7.0810571312904358e-02, -3.9967041462659836e-02, -2.8702679276466370e-01, 2.8585264086723328e-01, 7.9209756851196289e-01, 8.2771432399749756e-01, 1.4862249121069908e+00, 1.6055100560188293e+00},
    {-1.1369057893753052e+00, -5.8284670114517212e-01, -6.0589897632598877e-01, -1.3402814865112305e+00, -6.1130160093307495e-01, -1.3462650775909424e-01, 1.8351896703243256e+00, 1.4862249121069908e+00, -1.2879837751388550e+00, -1.3172633051872253e+00},
    {8.8637256622314453e-01, -1.3074872493743896e+00, -1.6243308782577515e-01, -1.2227597236633301e+00, -9.7707039117813110e-01, -1.5493072271347046e+00, 1.8716298229992390e+00, 1.6055100560188293e+00, -1.3172633051872253e+00, 2.4929049015045166e+00},
    {-1.7763006687164307e+00, -6.1335933208465576e-01, -1.2393579483032227e+00, 1.9193460345268250e+00, 6.9664561748504639e-01, -2.0711631774902344e+00, -1.2526727914810181e+00, 3.8131842017173767e-01, 1.1369057893753052e+00, -8.8637256622314453e-01},
    {-6.1335933208465576e-01, -3.0483431816101074e+00, 8.3858707547187805e-01, 9.5324602723121643e-01, 3.5762631893157959e+00, 1.9686851501464844e+00, -7.2823315858840942e-01, -8.9997130632400513e-01, 5.8284670114517212e-01, 1.3074872493743896e+00},
    {-1.2393579483032227e+00, 8.3858707547187805e-01, -9.1195267438888550e-01, 1.6622812151908875e+00, 2.5544933676719666e+00, 8.4588932991027832e-01, -1.4727904796600342e+00, 7.0810571312904358e-02, 6.0589897632598877e-01, 1.6243308782577515e-01},
    {1.9193460345268250e+00, 9.5324602723121643e-01, 1.6622812151908875e+00, 1.5300954580307007e+00, 2.5288370251655579e+00, 1.6526204347610474e-01, 9.7919028997421265e-01, 3.9967041462659836e-02, 1.3402814865112305e+00, 1.2227597236633301e+00},
    {6.9664561748504639e-01, 3.5762631893157959e+00, 2.5544933676719666e+00, 2.5288370251655579e+00, -1.4934386014938354e+00, -1.1169166564941406e+00, 8.8068351149559021e-02, 2.8702679276466370e-01, 6.1130160093307495e-01, 9.7707039117813110e-01}
}}};

static constexpr auto result = eigvals(mat);

int main() { return 0; }
