#include "../../consteig.hpp"

using namespace consteig;

static constexpr Matrix<double, 16, 16> mat
{{{
    {1.0000068886190909e+00, -1.4057658396934996e-07, 1.9639281569092990e-08, -9.8860002983297871e-07, 1.0169364694298917e-06, 1.4503842667303620e-07, -7.9683975790958164e-08, 6.2484921043386217e-07, 4.1061077768897454e-08, 3.3945428581965088e-07, -2.4890624392596473e-08, -7.3981359388503356e-07, -1.6689528973668410e-06, -3.0904033430412915e-07, 3.8130206389842495e-07, 1.0682739316954037e-06},
    {-1.4057658399158394e-07, 1.0000050036012547e+00, -9.5255935079309127e-07, 5.2723908602983972e-07, 8.1289663138447444e-07, 6.6048438420811458e-07, -1.4997255374716106e-06, -1.3385518425979650e-06, 6.9826759022833331e-07, 1.7800283914381236e-07, 2.0853508122247770e-06, 5.3240627102656493e-07, 7.4269557647440689e-07, -5.8514972208383918e-07, 5.2743043431793497e-07, 5.7766284956928154e-07},
    {1.9639281587572404e-08, -9.5255935078092565e-07, 1.0000048831633408e+00, 4.1674338442699069e-07, 5.9709381219227581e-07, 4.4101348754459523e-07, 7.6833247739881321e-09, 1.2397308184800237e-06, -9.2281057900950543e-07, 1.4360740112359520e-06, -3.0346126914396520e-07, 5.9842842926516436e-07, 4.6283794652675586e-07, -1.2818312726814608e-06, 5.0831581345471327e-07, 5.4184818186191421e-08},
    {-9.8860002982466423e-07, 5.2723908603292832e-07, 4.1674338439867417e-07, 1.0000051677007524e+00, 2.8824964703772705e-07, -6.9091510344791417e-07, -2.3949448716605907e-07, -7.9387392564922089e-07, 8.6742890846737117e-07, 1.6203922330678680e-06, 2.1283469820535356e-07, -1.9220639796678811e-07, 1.3411746479877963e-06, -3.8098487215113699e-07, -3.2271307707961834e-07, 4.1079929758098705e-08},
    {1.0169364694303425e-06, 8.1289663136398312e-07, 5.9709381219582541e-07, 2.8824964704736830e-07, 1.0000050775013840e+00, 3.6666449805051102e-08, 5.6180130803038227e-07, -1.3402594762863194e-07, 4.1251549940245862e-08, -4.9417798911049201e-07, 6.4660208475801574e-07, -6.5170982413171564e-07, 1.3740307288056206e-06, 1.2144553381595282e-06, 3.3207113823714528e-08, -6.5308875549242484e-07},
    {1.4503842667707673e-07, 6.6048438419136832e-07, 4.4101348751412200e-07, -6.9091510344833048e-07, 3.6666449815885772e-08, 1.0000054071379427e+00, -6.5595386427871829e-07, 9.7886791338932729e-07, -1.1187137519658121e-07, -2.8123121840762689e-07, -2.7917364105804632e-07, -3.4491678652128918e-08, 6.1869338895933885e-08, -1.6464257565495017e-06, -1.0718342102539208e-06, 1.0333794657867307e-07},
    {-7.9683975853634500e-08, -1.4997255375571035e-06, 7.6833247599609505e-09, -2.3949448715118236e-07, 5.6180130803906743e-07, -6.5595386425912938e-07, 1.0000056164761257e+00, -5.9360450027868160e-08, 2.5087074886462872e-07, 8.8898927335632646e-07, -9.8254773453501000e-07, -1.3027125711823330e-07, -1.2062203509234712e-06, 6.3136079804298575e-07, -3.2593416733247762e-07, 5.7512314132969984e-07},
    {6.2484921050289546e-07, -1.3385518425582999e-06, 1.2397308185012937e-06, -7.9387392561366775e-07, -1.3402594764287062e-07, 9.7886791341144628e-07, -5.9360450023462483e-08, 1.0000043564884014e+00, -8.7003339552654455e-08, -8.3525752779021446e-07, -5.2667219750136888e-07, 1.6598917239818350e-06, -1.5772002010898481e-06, -3.0613838416569447e-08, 2.5104314258901694e-07, -3.0415317037827813e-07},
    {4.1061077761611786e-08, 6.9826759027210215e-07, -9.2281057900002618e-07, 8.6742890846288539e-07, 4.1251550016920112e-08, -1.1187137518714355e-07, 2.5087074886926209e-07, -8.7003339528919348e-08, 1.0000033278945377e+00, 9.6779534719551768e-07, -3.4716738665706310e-07, 3.8623807396830069e-07, -2.7594235542872434e-07, 5.4786907159770570e-08, 3.0003032816972607e-07, 9.5595230186925815e-07},
    {3.3945428584671263e-07, 1.7800283915034949e-07, 1.4360740112602498e-06, 1.6203922330650249e-06, -4.9417798911029561e-07, -2.8123121837585521e-07, 8.8898927337207662e-07, -8.3525752778398601e-07, 9.6779534719416518e-07, 1.0000048422601953e+00, -2.3598340465715184e-07, -1.2795628739856992e-07, -1.0675152429489437e-06, -7.2726643224501699e-07, -1.4282142058737010e-06, -3.3060722509121921e-07},
    {-2.4890624396674407e-08, 2.0853508122761601e-06, -3.0346126914085633e-07, 2.1283469821497559e-07, 6.4660208474758812e-07, -2.7917364104771146e-07, -9.8254773455836291e-07, -5.2667219752123434e-07, -3.4716738664270568e-07, -2.3598340468844039e-07, 1.0000039816476261e+00, 5.0217185713296026e-07, -4.6544049725332343e-07, 9.7640380821197733e-07, 1.5316923366262956e-06, 3.9446321295577044e-07},
    {-7.3981359388974306e-07, 5.3240627103397795e-07, 5.9842842924051581e-07, -1.9220639798016742e-07, -6.5170982413473478e-07, -3.4491678670742553e-08, -1.3027125711354174e-07, 1.6598917240675617e-06, 3.8623807399729802e-07, -1.2795628741722553e-07, 5.0217185713641668e-07, 1.0000059742279301e+00, 1.1221513210690859e-07, -5.0256889600067233e-07, 2.4903227920699371e-08, 9.7192101489738353e-09},
    {-1.6689528973883082e-06, 7.4269557647825327e-07, 4.6283794655394832e-07, 1.3411746479875519e-06, 1.3740307288114198e-06, 6.1869338896679274e-08, -1.2062203508967835e-06, -1.5772002010727454e-06, -2.7594235543429210e-07, -1.0675152429545616e-06, -4.6544049726157475e-07, 1.1221513210971977e-07, 1.0000033846242276e+00, 2.9967032813220597e-07, -3.5839212886821958e-07, 5.6479899754171266e-07},
    {-3.0904033431049746e-07, -5.8514972210338161e-07, -1.2818312726507027e-06, -3.8098487215469750e-07, 1.2144553382114238e-06, -1.6464257565677751e-06, 6.3136079799881192e-07, -3.0613838415997395e-08, 5.4786907154240239e-08, -7.2726643224504092e-07, 9.7640380820893098e-07, -5.0256889598642682e-07, 2.9967032811344594e-07, 1.0000044452861749e+00, -1.2795743409029437e-07, -7.5191478455193895e-07},
    {3.8130206389805813e-07, 5.2743043430986275e-07, 5.0831581343841710e-07, -3.2271307706431167e-07, 3.3207113796684747e-08, -1.0718342102429528e-06, -3.2593416735365090e-07, 2.5104314257427263e-07, 3.0003032813822465e-07, -1.4282142058677193e-06, 1.5316923366225375e-06, 2.4903227921156411e-08, -3.5839212887572006e-07, -1.2795743408949448e-07, 1.0000069683086903e+00, -6.8060409443141714e-08},
    {1.0682739317230080e-06, 5.7766284956722558e-07, 5.4184818229333654e-08, 4.1079929771706799e-08, -6.5308875547841015e-07, 1.0333794659926325e-07, 5.7512314132826337e-07, -3.0415317037677258e-07, 9.5595230186428184e-07, -3.3060722506837908e-07, 3.9446321297043358e-07, 9.7192101366243613e-09, 5.6479899754135140e-07, -7.5191478453750308e-07, -6.8060409451683366e-08, 1.0000046750623268e+00}
}}};

static constexpr auto result = eigvals(mat);

int main() { return 0; }
