#include "../../consteig.hpp"

using namespace consteig;

static constexpr Matrix<double, 6, 6> mat
{{{
    {-1.1487596035003662e+00, 9.7165715694427490e-01, -1.1897414922714233e+00, 1.3941061496734619e-01, -3.8156798481941223e-01, -1.3893856704235077e+00},
    {9.7165715694427490e-01, 1.5278234481811523e+00, -3.9667999744415283e-01, -4.5034029334783554e-01, -1.2344847023487091e+00, -9.6729642152786255e-01},
    {-1.1897414922714233e+00, -3.9667999744415283e-01, 1.6635515689849854e+00, -1.8408582806587219e+00, -4.5461165904998779e-01, -2.3362807035446167e+00},
    {1.3941061496734619e-01, -4.5034029334783554e-01, -1.8408582806587219e+00, -2.0627396106719971e+00, 2.0103618055582047e+00, -1.3904965519905090e+00},
    {-3.8156798481941223e-01, -1.2344847023487091e+00, -4.5461165904998779e-01, 2.0103618055582047e+00, -5.7715535163879395e-01, -2.8962308168411255e+00},
    {-1.3893856704235077e+00, -9.6729642152786255e-01, -2.3362807035446167e+00, -1.3904965519905090e+00, -2.8962308168411255e+00, -1.6108894348144531e-01}
}}};

static constexpr auto result = eigvals(mat);

int main() { return 0; }
