#include "../../consteig.hpp"

using namespace consteig;

static constexpr Matrix<double, 18, 18> mat
{{{
    {-5.2780753374099731e-01, -7.7297164499759674e-01, 2.0119982361793518e+00, -1.7664251327514648e+00, -2.0410453677177429e+00, 2.1149728298187256e+00, -1.5275483727455139e+00, 6.6221839934587479e-01, -1.2124335691332817e+00, -1.1355440467596054e+00, 1.7369318604469299e+00, 5.6518840789794922e-01, -1.5198701620101929e+00, -1.4195994138717651e+00, -3.4291076660156250e-01, -7.0279073715209961e-01, -2.1772656440734863e+00, -1.0586172938346863e+00},
    {-7.7297164499759674e-01, 8.3540439605712891e-01, 5.8536484837532043e-01, -1.9966392517089844e+00, 1.5225859433412552e+00, -1.8643014430999756e+00, -6.5883636474609375e-01, 1.0741089731454849e+00, -8.5653664171695709e-01, 1.0204912424087524e+00, 2.0842848420143127e+00, 5.0903674960136414e-01, 1.1599843390285969e-01, 1.3656584173440933e+00, -1.6058362722396851e+00, 1.7084299921989441e+00, -2.9714286327362061e-01, 7.5324833393096924e-02},
    {2.0119982361793518e+00, 5.8536484837532043e-01, -1.1957706212997437e+00, 1.2841361761093140e-01, 2.1214448064565659e+00, 7.1045978274196386e-01, -2.0998227596282959e+00, -1.8289135694503784e+00, 1.3062286898493767e+00, -5.8712720870971680e-01, 6.5904254466295242e-01, 1.3275730609893799e+00, 6.1203982681035995e-01, 1.2884108275175095e+00, -8.8205397129058838e-02, -9.1962531208992004e-01, 1.0714256465435028e+00, -1.3955247402191162e-01},
    {-1.7664251327514648e+00, -1.9966392517089844e+00, 1.2841361761093140e-01, -4.2132177948951721e-01, 2.3974491357803345e+00, -2.9207020401954651e+00, 5.6986253708600998e-01, 2.0076752305030823e+00, 1.4537748172879219e+00, -7.6292632520198822e-01, 1.5355764627456665e+00, 6.0082957148551941e-01, 1.9606703519821167e+00, 5.4287832975387573e-01, 9.3983896821737289e-01, -1.4977931976318359e+00, 4.7524499893188477e-01, -3.5649868100881577e-01},
    {-2.0410453677177429e+00, 1.5225859433412552e+00, 2.1214448064565659e+00, 2.3974491357803345e+00, -2.1786919236183167e-01, 8.5388644039630890e-01, -2.4584841169416904e-01, -6.7264477163553238e-01, -2.4116731286048889e+00, 6.5006747841835022e-01, 1.3500684499740601e+00, 3.0099308490753174e-01, 2.6058268547058105e-01, -8.3392396569252014e-01, 1.0004829764366150e+00, -4.1210601329803467e+00, -4.0040384232997894e-01, -4.2954545021057129e+00},
    {2.1149728298187256e+00, -1.8643014430999756e+00, 7.1045978274196386e-01, -2.9207020401954651e+00, 8.5388644039630890e-01, -8.1531912088394165e-01, 2.8361218329519033e-01, 5.5653429031372070e-01, 8.7698972225189209e-01, -1.2515947520732880e+00, -1.7849022150039673e-01, 1.5758672356605530e-01, 6.9646507501602173e-02, -4.5626494288444519e-01, -1.0935080647468567e+00, 3.9912408590316772e-01, 2.2238811254501343e+00, 1.8770313262939453e-01},
    {-1.5275483727455139e+00, -6.5883636474609375e-01, -2.0998227596282959e+00, 5.6986253708600998e-01, -2.4584841169416904e-01, 2.8361218329519033e-01, 6.0899323225021362e-01, 1.3958349227905273e+00, -2.4483299255371094e-01, -1.1030459403991699e+00, -3.5385724087245762e-01, -2.4534679651260376e+00, -1.6293933987617493e-01, 1.6447072625160217e+00, 1.3997673988342285e-01, 1.0022603254765272e+00, 1.1345086991786957e+00, 9.1449001431465149e-01},
    {6.6221839934587479e-01, 1.0741089731454849e+00, -1.8289135694503784e+00, 2.0076752305030823e+00, -6.7264477163553238e-01, 5.5653429031372070e-01, 1.3958349227905273e+00, -2.2837281227111816e+00, -2.0624953508377075e+00, -1.8478143215179443e-01, 3.4122452735900879e+00, -6.5828412771224976e-01, 1.0543346405029297e-01, 4.0355780720710754e-01, 1.6375601291656494e-02, 2.1289335452020168e+00, 5.9690524637699127e-01, -5.4188242554664612e-01},
    {-1.2124335691332817e+00, -8.5653664171695709e-01, 1.3062286898493767e+00, 1.4537748172879219e+00, -2.4116731286048889e+00, 8.7698972225189209e-01, -2.4483299255371094e-01, -2.0624953508377075e+00, 7.2149556875228882e-01, -1.1735379099845886e+00, 2.0412399321794510e+00, 7.4072897061705589e-01, 2.3700776509940624e-01, 3.3130422830581665e+00, 6.3134509325027466e-01, 2.0114672183990479e-01, -4.9502143263816833e-01, -3.3050873875617981e-01},
    {-1.1355440467596054e+00, 1.0204912424087524e+00, -5.8712720870971680e-01, -7.6292632520198822e-01, 6.5006747841835022e-01, -1.2515947520732880e+00, -1.1030459403991699e+00, -1.8478143215179443e-01, -1.1735379099845886e+00, -1.4051067829132080e-01, -1.8852981925010681e+00, -1.2994146049022675e+00, 5.0012362003326416e-01, -1.3705982416868210e+00, -1.9323599338531494e-01, -7.2530852258205414e-01, -1.5569531917572021e-01, 1.8445041179656982e+00},
    {1.7369318604469299e+00, 2.0842848420143127e+00, 6.5904254466295242e-01, 1.5355764627456665e+00, 1.3500684499740601e+00, -1.7849022150039673e-01, -3.5385724087245762e-01, 3.4122452735900879e+00, 2.0412399321794510e+00, -1.8852981925010681e+00, -2.1155538558959961e+00, -9.4762527942657471e-01, -3.6035547256469727e+00, -6.9058062136173248e-01, -4.9606561660766602e-02, -1.1136644184589386e+00, 6.5058082342147827e-01, 1.3583292365074158e+00},
    {5.6518840789794922e-01, 5.0903674960136414e-01, 1.3275730609893799e+00, 6.0082957148551941e-01, 3.0099308490753174e-01, 1.5758672356605530e-01, -2.4534679651260376e+00, -6.5828412771224976e-01, 7.4072897061705589e-01, -1.2994146049022675e+00, -9.4762527942657471e-01, 5.4806190729141235e-01, 1.5222235321998596e+00, 1.4707519412040710e+00, 2.3874097466468811e+00, -1.2079244852066040e+00, 5.5797622352838516e-01, -2.2522732615470886e-01},
    {-1.5198701620101929e+00, 1.1599843390285969e-01, 6.1203982681035995e-01, 1.9606703519821167e+00, 2.6058268547058105e-01, 6.9646507501602173e-02, -1.6293933987617493e-01, 1.0543346405029297e-01, 2.3700776509940624e-01, 5.0012362003326416e-01, -3.6035547256469727e+00, 1.5222235321998596e+00, -8.0603748559951782e-01, -6.1920303106307983e-01, 3.2939228415489197e-01, -1.1581797599792480e+00, -4.1445598006248474e-01, 9.7744413465261459e-01},
    {-1.4195994138717651e+00, 1.3656584173440933e+00, 1.2884108275175095e+00, 5.4287832975387573e-01, -8.3392396569252014e-01, -4.5626494288444519e-01, 1.6447072625160217e+00, 4.0355780720710754e-01, 3.3130422830581665e+00, -1.3705982416868210e+00, -6.9058062136173248e-01, 1.4707519412040710e+00, -6.1920303106307983e-01, 3.2978799343109131e+00, -8.7099093198776245e-01, -2.1333887875080109e+00, 1.4955369830131531e+00, 2.9608909487724304e+00},
    {-3.4291076660156250e-01, -1.6058362722396851e+00, -8.8205397129058838e-02, 9.3983896821737289e-01, 1.0004829764366150e+00, -1.0935080647468567e+00, 1.3997673988342285e-01, 1.6375601291656494e-02, 6.3134509325027466e-01, -1.9323599338531494e-01, -4.9606561660766602e-02, 2.3874097466468811e+00, 3.2939228415489197e-01, -8.7099093198776245e-01, 2.6568512916564941e+00, -1.0773543119430542e+00, -3.2085127383470535e-01, -2.7835659980773926e+00},
    {-7.0279073715209961e-01, 1.7084299921989441e+00, -9.1962531208992004e-01, -1.4977931976318359e+00, -4.1210601329803467e+00, 3.9912408590316772e-01, 1.0022603254765272e+00, 2.1289335452020168e+00, 2.0114672183990479e-01, -7.2530852258205414e-01, -1.1136644184589386e+00, -1.2079244852066040e+00, -1.1581797599792480e+00, -2.1333887875080109e+00, -1.0773543119430542e+00, 2.7834234237670898e+00, 1.4918455779552460e+00, 6.3717880845069885e-01},
    {-2.1772656440734863e+00, -2.9714286327362061e-01, 1.0714256465435028e+00, 4.7524499893188477e-01, -4.0040384232997894e-01, 2.2238811254501343e+00, 1.1345086991786957e+00, 5.9690524637699127e-01, -4.9502143263816833e-01, -1.5569531917572021e-01, 6.5058082342147827e-01, 5.5797622352838516e-01, -4.1445598006248474e-01, 1.4955369830131531e+00, -3.2085127383470535e-01, 1.4918455779552460e+00, 2.6619300842285156e+00, -3.9381086826324463e-03},
    {-1.0586172938346863e+00, 7.5324833393096924e-02, -1.3955247402191162e-01, -3.5649868100881577e-01, -4.2954545021057129e+00, 1.8770313262939453e-01, 9.1449001431465149e-01, -5.4188242554664612e-01, -3.3050873875617981e-01, 1.8445041179656982e+00, 1.3583292365074158e+00, -2.2522732615470886e-01, 9.7744413465261459e-01, 2.9608909487724304e+00, -2.7835659980773926e+00, 6.3717880845069885e-01, -3.9381086826324463e-03, -3.0331826210021973e+00}
}}};

static constexpr auto result = eigvals(mat);

int main() { return 0; }
