#include "../../consteig.hpp"

using namespace consteig;

static constexpr Matrix<double, 10, 10> mat
{{{
    {1.0000000000000002e+00, -5.7504571691211766e-17, 2.1920271184140628e-16, 1.7587221256890489e-16, 9.9488890375951281e-17, 5.3476623275582503e-17, -1.2277130518581272e-16, -4.1795575697232151e-17, 8.8711815237586955e-18, -1.0539701682944910e-16},
    {-5.7504571691211766e-17, 9.9999999999999989e-01, 2.5007492031891387e-16, -1.7335191330338595e-16, 1.3112393061504670e-16, -4.7915648227814219e-17, 6.3545839609718495e-18, -8.1647669703849543e-17, 1.1001228750383463e-16, -2.0923933303490192e-17},
    {2.1920271184140628e-16, 2.5007492031891387e-16, 9.9999999999999944e-01, -2.0158241816411263e-16, -2.1335437095282395e-16, 1.8983654625267164e-17, 9.4812025042055665e-17, 2.1533228706215542e-16, -1.9217868058920143e-16, 6.7644090797513481e-17},
    {1.7587221256890489e-16, -1.7335191330338595e-16, -2.0158241816411263e-16, 1.0000000000000002e+00, -4.1303365361436603e-17, -7.9575542235257644e-17, -2.0876061632142724e-17, 2.5486531570380947e-17, 1.4761403767623188e-16, 1.1180100819090142e-16},
    {9.9488890375951281e-17, 1.3112393061504670e-16, -2.1335437095282395e-16, -4.1303365361436603e-17, 9.9999999999999978e-01, -4.8689353338835627e-17, 1.0312426674960908e-16, -8.5140609767175398e-18, 2.0448527059677898e-16, -1.0841635374847072e-16},
    {5.3476623275582503e-17, -4.7915648227814219e-17, 1.8983654625267164e-17, -7.9575542235257644e-17, -4.8689353338835627e-17, 1.0000000000000002e+00, 1.8793135497376181e-18, -6.1224231785673300e-17, 4.7896681396729816e-17, 3.1731910988139103e-17},
    {-1.2277130518581272e-16, 6.3545839609718495e-18, 9.4812025042055665e-17, -2.0876061632142724e-17, 1.0312426674960908e-16, 1.8793135497376181e-18, 9.9999999999999989e-01, 8.9713535468075338e-17, -1.2075121986740980e-17, -3.7425691632134642e-17},
    {-4.1795575697232151e-17, -8.1647669703849543e-17, 2.1533228706215542e-16, 2.5486531570380947e-17, -8.5140609767175398e-18, -6.1224231785673300e-17, 8.9713535468075338e-17, 1.0000000000000000e+00, 2.1745129637733919e-18, -2.9280819850445831e-17},
    {8.8711815237586955e-18, 1.1001228750383463e-16, -1.9217868058920143e-16, 1.4761403767623188e-16, 2.0448527059677898e-16, 4.7896681396729816e-17, -1.2075121986740980e-17, 2.1745129637733919e-18, 1.0000000000000002e+00, 1.7194549488643772e-16},
    {-1.0539701682944910e-16, -2.0923933303490192e-17, 6.7644090797513481e-17, 1.1180100819090142e-16, -1.0841635374847072e-16, 3.1731910988139103e-17, -3.7425691632134642e-17, -2.9280819850445831e-17, 1.7194549488643772e-16, 9.9999999999999978e-01}
}}};

static constexpr auto result = eigvals(mat);

int main() { return 0; }
