#include "../../consteig.hpp"

using namespace consteig;

static constexpr Matrix<double, 6, 6> mat
{{{
    {1.3870697021484375e+00, 1.0998524427413940e+00, 1.2736420631408691e+00, -1.9585840702056885e+00, 1.1377892643213272e-01, 1.8039152026176453e-01},
    {1.0998524427413940e+00, 1.3870697021484375e+00, 1.0998524427413940e+00, 1.2736420631408691e+00, -1.9585840702056885e+00, 1.1377892643213272e-01},
    {1.2736420631408691e+00, 1.0998524427413940e+00, 1.3870697021484375e+00, 1.0998524427413940e+00, 1.2736420631408691e+00, -1.9585840702056885e+00},
    {-1.9585840702056885e+00, 1.2736420631408691e+00, 1.0998524427413940e+00, 1.3870697021484375e+00, 1.0998524427413940e+00, 1.2736420631408691e+00},
    {1.1377892643213272e-01, -1.9585840702056885e+00, 1.2736420631408691e+00, 1.0998524427413940e+00, 1.3870697021484375e+00, 1.0998524427413940e+00},
    {1.8039152026176453e-01, 1.1377892643213272e-01, -1.9585840702056885e+00, 1.2736420631408691e+00, 1.0998524427413940e+00, 1.3870697021484375e+00}
}}};

static constexpr auto result = eigvals(mat);

int main() { return 0; }
