#include "../../consteig.hpp"

using namespace consteig;

static constexpr Matrix<double, 12, 12> mat
{{{
    {1.0000031111365510e+00, -1.1921987577465666e-07, -1.9695799134996072e-06, 1.6009583406902568e-07, -1.1542956766368369e-06, 1.0876796086367669e-07, 1.2598091581584502e-06, 1.2646693735437148e-06, 8.5324898714820077e-07, 9.5185736960477749e-07, 1.2341922311123346e-06, 1.5573016197692094e-06},
    {-1.1921987575946353e-07, 1.0000043573031585e+00, 1.0678013030750246e-06, 7.6197141202448907e-08, 8.3629640417339476e-07, -1.2160133843545228e-06, 5.4559027656217788e-07, 3.8655170254333570e-07, 6.4996664716608636e-08, 7.1242740744848642e-07, -2.4978302075875269e-07, -1.2287566958130052e-06},
    {-1.9695799135010061e-06, 1.0678013030634173e-06, 1.0000073880827343e+00, 9.9308253965274174e-07, 5.9906932385511561e-08, 3.2496454895030733e-07, -8.3706359727966479e-08, -6.5457635299714299e-07, -1.0247082591054650e-06, 2.7537625236716499e-07, -4.5473868872422017e-07, 7.4705732370672109e-07},
    {1.6009583407988284e-07, 7.6197141194410565e-08, 9.9308253966314013e-07, 1.0000061761799968e+00, -1.5473956893887516e-07, 6.2922737630235036e-08, 1.2072686707984828e-06, 1.3574735968895147e-06, 1.0995684883226751e-06, -6.0986936771360475e-07, -2.4407508638292535e-07, -6.8631741829571283e-07},
    {-1.1542956766203670e-06, 8.3629640415879583e-07, 5.9906932409559991e-08, -1.5473956893820288e-07, 1.0000063275188689e+00, 1.1147932711181109e-06, -7.3692160617045724e-07, -4.6622948649460589e-07, 2.3582931760856030e-07, -1.3538332689489524e-07, 5.6127183708918224e-07, 6.1726940561493489e-07},
    {1.0876796086142333e-07, -1.2160133843368472e-06, 3.2496454893996988e-07, 6.2922737638886313e-08, 1.1147932710585422e-06, 1.0000072693929158e+00, 7.1561658391443559e-07, -9.6736376436620675e-07, 1.4477806487665405e-06, 1.1739359344843220e-06, -3.7830111298194995e-07, 1.9584028162139679e-07},
    {1.2598091581826950e-06, 5.4559027656309501e-07, -8.3706359709004403e-08, 1.2072686707193602e-06, -7.3692160614281898e-07, 7.1561658389292423e-07, 1.0000028363412474e+00, 8.4020472460323866e-07, -3.9142041494430877e-07, 4.9116442113322881e-07, 3.6496348160123681e-08, 3.2000882628456394e-07},
    {1.2646693735363431e-06, 3.8655170251068793e-07, -6.5457635298659542e-07, 1.3574735968901034e-06, -4.6622948650155299e-07, -9.6736376438175044e-07, 8.4020472460291594e-07, 1.0000046338045165e+00, 5.0615133104749544e-07, 5.6894829191493017e-07, 2.8823508865042568e-08, 4.1883631909017693e-07},
    {8.5324898711995477e-07, 6.4996664687979915e-08, -1.0247082591036897e-06, 1.0995684883302487e-06, 2.3582931764126527e-07, 1.4477806487681588e-06, -3.9142041487918638e-07, 5.0615133106702993e-07, 1.0000042270679024e+00, 8.8022811173187402e-07, 1.1390449877908175e-06, 5.8779237646541304e-07},
    {9.5185736959881014e-07, 7.1242740742924787e-07, 2.7537625238966446e-07, -6.0986936773501456e-07, -1.3538332690893452e-07, 1.1739359344692304e-06, 4.9116442113664680e-07, 5.6894829192230942e-07, 8.8022811172732429e-07, 1.0000035718813183e+00, 7.6625985325951441e-07, 1.1594966531868857e-06},
    {1.2341922311365619e-06, -2.4978302075873553e-07, -4.5473868871814795e-07, -2.4407508638318290e-07, 5.6127183710809839e-07, -3.7830111300885388e-07, 3.6496348162538115e-08, 2.8823508870436821e-08, 1.1390449877884689e-06, 7.6625985330530353e-07, 1.0000068975545953e+00, 1.6133271201344151e-07},
    {1.5573016197588690e-06, -1.2287566958148007e-06, 7.4705732370252468e-07, -6.8631741830479980e-07, 6.1726940556302913e-07, 1.9584028163052836e-07, 3.2000882627648113e-07, 4.1883631909473507e-07, 5.8779237648230859e-07, 1.1594966531630311e-06, 1.6133271200433392e-07, 1.0000032037361943e+00}
}}};

static constexpr auto result = eigvals(mat);

int main() { return 0; }
