#include "../../consteig.hpp"

using namespace consteig;

static constexpr Matrix<double, 16, 16> mat
{{{
    {9.1243022680282593e-01, -2.2160343825817108e-01, 5.2563959360122681e-01, 1.3044749498367310e+00, -3.0743205547332764e-01, 2.8545269370079041e-01, -3.5650250315666199e-01, 1.6865727901458740e+00, -4.4725048542022705e-01, 1.6241530925035477e+00, -2.9979053735733032e+00, -2.0013910513371229e+00, 6.4536511898040771e-02, -1.2441710829734802e+00, 1.9577462077140808e+00, 4.8348878882825375e-01},
    {-6.1550551652908325e-01, 2.7331485748291016e+00, 1.1225739717483521e+00, -1.5366554260253906e-01, -4.1194361448287964e-01, 1.5938022136688232e+00, 1.2773132324218750e+00, -7.1602308750152588e-01, 1.6241530925035477e+00, 5.7376503944396973e-01, -2.7410280704498291e-01, 1.9438109397888184e+00, -9.2076376080513000e-01, 1.1053785681724548e+00, 5.2829509973526001e-01, -5.9732174873352051e-01},
    {-9.2268311977386475e-01, 6.4622563123703003e-01, 8.1836783885955811e-01, -2.9800620675086975e-01, -5.7805049419403076e-01, -2.3897550106048584e+00, 1.3698309659957886e+00, -1.1457346677780151e+00, -2.9979053735733032e+00, -2.7410280704498291e-01, 3.9416892528533936e+00, 3.5830999314785004e+00, -1.5641962885856628e+00, 3.1841880083084106e-01, 2.2143810391426086e+00, -7.5989720225334167e-01},
    {5.2315466105937958e-02, 1.3390311002731323e+00, -3.6041143536567688e-01, -1.0565304756164551e+00, 1.0052930116653442e+00, -1.5936442613601685e+00, -2.2467958927154541e+00, -3.9774483442306519e-01, -2.0013910513371229e+00, 1.9438109397888184e+00, 3.5830999314785004e+00, 1.3206114768981934e+00, 7.0307469367980957e-01, -2.5390982627868652e-02, -1.1971141844987869e+00, -1.6497361361980438e+00},
    {-1.0914025306701660e+00, -6.6088211536407471e-01, -2.1828947067260742e+00, -1.3629837334156036e-01, 6.5584433078765869e-01, -8.8920873403549194e-01, -1.5108805894851685e+00, -1.5580825805664062e+00, 6.4536511898040771e-02, -9.2076376080513000e-01, -1.5641962885856628e+00, 7.0307469367980957e-01, 9.1179229319095612e-02, -2.0899960398674011e-01, 3.0761039257049561e+00, 2.8662157058715820e-01},
    {-4.7484254837036133e-01, 4.4093209505081177e-01, -6.7877125740051270e-01, -1.9378087520599365e+00, 6.1610436439514160e-01, 1.0482535511255264e-01, 9.7152787446975708e-01, -9.8741888999938965e-01, -1.2441710829734802e+00, 1.1053785681724548e+00, 3.1841880083084106e-01, -2.5390982627868652e-02, -2.0899960398674011e-01, -4.0182498097419739e-01, -2.7935107350349426e+00, 1.6261080503463745e+00},
    {1.9424259662628174e+00, -6.7110401391983032e-01, -5.5243873596191406e-01, 8.4957677125930786e-01, -7.3125249147415161e-01, -7.1639984846115112e-01, -3.6430853605270386e-01, 1.2238856554031372e+00, 1.9577462077140808e+00, 5.2829509973526001e-01, 2.2143810391426086e+00, -1.1971141844987869e+00, 3.0761039257049561e+00, -2.7935107350349426e+00, -2.6839908957481384e-01, -1.6998085528612137e+00},
    {7.9612714052200317e-01, 4.6453326940536499e-01, 1.0196797847747803e+00, 1.3268080949783325e+00, -8.4240680932998657e-01, 1.0407993793487549e+00, 1.2410396337509155e+00, -5.1874527707695961e-03, 4.8348878882825375e-01, -5.9732174873352051e-01, -7.5989720225334167e-01, -1.6497361361980438e+00, 2.8662157058715820e-01, 1.6261080503463745e+00, -1.6998085528612137e+00, 4.8910540342330933e-01},
    {-3.0003764629364014e+00, 1.1447322368621826e+00, 1.5691732168197632e+00, -1.5662640333175659e-02, -5.5049065500497818e-01, -2.3076242208480835e-01, 2.0388893038034439e+00, 7.3245131969451904e-01, -9.1243022680282593e-01, 6.1550551652908325e-01, 9.2268311977386475e-01, -5.2315466105937958e-02, 1.0914025306701660e+00, 4.7484254837036133e-01, -1.9424259662628174e+00, -7.9612714052200317e-01},
    {1.1447322368621826e+00, 8.5842263698577881e-01, 3.9341461658477783e-01, -1.3265025615692139e-01, -4.9304509162902832e-01, -1.2470830380916595e+00, -6.9610938429832458e-01, 2.7874476313591003e+00, 2.2160343825817108e-01, -2.7331485748291016e+00, -6.4622563123703003e-01, -1.3390311002731323e+00, 6.6088211536407471e-01, -4.4093209505081177e-01, 6.7110401391983032e-01, -4.6453326940536499e-01},
    {1.5691732168197632e+00, 3.9341461658477783e-01, -1.7571943998336792e+00, -1.0000793933868408e+00, 1.5969723463058472e-01, 6.3448441028594971e-01, 4.1864766180515289e-01, -2.5892817974090576e-01, -5.2563959360122681e-01, -1.1225739717483521e+00, -8.1836783885955811e-01, 3.6041143536567688e-01, 2.1828947067260742e+00, 6.7877125740051270e-01, 5.5243873596191406e-01, -1.0196797847747803e+00},
    {-1.5662640333175659e-02, -1.3265025615692139e-01, -1.0000793933868408e+00, 2.5767223834991455e+00, -9.9519855529069901e-01, -1.9768993258476257e+00, -1.5112876892089844e-01, 2.1439145207405090e+00, -1.3044749498367310e+00, 1.5366554260253906e-01, 2.9800620675086975e-01, 1.0565304756164551e+00, 1.3629837334156036e-01, 1.9378087520599365e+00, -8.4957677125930786e-01, -1.3268080949783325e+00},
    {-5.5049065500497818e-01, -4.9304509162902832e-01, 1.5969723463058472e-01, -9.9519855529069901e-01, -1.0628105401992798e+00, 1.8090035915374756e+00, 1.0097124278545380e+00, -1.2409142255783081e+00, 3.0743205547332764e-01, 4.1194361448287964e-01, 5.7805049419403076e-01, -1.0052930116653442e+00, -6.5584433078765869e-01, -6.1610436439514160e-01, 7.3125249147415161e-01, 8.4240680932998657e-01},
    {-2.3076242208480835e-01, -1.2470830380916595e+00, 6.3448441028594971e-01, -1.9768993258476257e+00, 1.8090035915374756e+00, -1.4641269445419312e+00, -5.7523059844970703e-01, 9.4016075134277344e-02, -2.8545269370079041e-01, -1.5938022136688232e+00, 2.3897550106048584e+00, 1.5936442613601685e+00, 8.8920873403549194e-01, -1.0482535511255264e-01, 7.1639984846115112e-01, -1.0407993793487549e+00},
    {2.0388893038034439e+00, -6.9610938429832458e-01, 4.1864766180515289e-01, -1.5112876892089844e-01, 1.0097124278545380e+00, -5.7523059844970703e-01, 3.3716505765914917e-01, 6.9018541276454926e-01, 3.5650250315666199e-01, -1.2773132324218750e+00, -1.3698309659957886e+00, 2.2467958927154541e+00, 1.5108805894851685e+00, -9.7152787446975708e-01, 3.6430853605270386e-01, -1.2410396337509155e+00},
    {7.3245131969451904e-01, 2.7874476313591003e+00, -2.5892817974090576e-01, 2.1439145207405090e+00, -1.2409142255783081e+00, 9.4016075134277344e-02, 6.9018541276454926e-01, 3.7185165882110596e+00, -1.6865727901458740e+00, 7.1602308750152588e-01, 1.1457346677780151e+00, 3.9774483442306519e-01, 1.5580825805664062e+00, 9.8741888999938965e-01, -1.2238856554031372e+00, 5.1874527707695961e-03}
}}};

static constexpr auto result = eigvals(mat);

int main() { return 0; }
