#include "../../consteig.hpp"

using namespace consteig;

static constexpr Matrix<double, 8, 8> mat
{{{
    {1.1884537935256958e+00, 1.1271557211875916e-01, -6.0507130622863770e-01, 4.6196314692497253e-01, 5.4914003610610962e-01, -8.6167609691619873e-01, -4.1060850620269775e+00, -6.3661938905715942e-01},
    {-1.1163412332534790e+00, -1.3820881843566895e+00, -8.1168776750564575e-01, -4.9375608563423157e-01, -8.6167609691619873e-01, 3.5641026496887207e+00, -2.9675006866455078e-01, 8.9497953653335571e-01},
    {-4.7044050693511963e-01, -1.0613287985324860e-01, -1.2727707624435425e+00, 5.3433012962341309e-01, -4.1060850620269775e+00, -2.9675006866455078e-01, 1.5931414067745209e-01, 2.4780023843050003e-01},
    {-5.1000159978866577e-01, 5.1507657766342163e-01, 3.6836752295494080e-01, -1.5952713489532471e+00, -6.3661938905715942e-01, 8.9497953653335571e-01, 2.4780023843050003e-01, -3.3664600849151611e+00},
    {2.8016149997711182e-01, 1.6002348661422729e+00, -6.0870110988616943e-02, 1.4412351399660110e+00, -1.1884537935256958e+00, 1.1163412332534790e+00, 4.7044050693511963e-01, 5.1000159978866577e-01},
    {1.6002348661422729e+00, -8.0428522825241089e-01, -4.9897269159555435e-01, -5.1417768001556396e-02, -1.1271557211875916e-01, 1.3820881843566895e+00, 1.0613287985324860e-01, -5.1507657766342163e-01},
    {-6.0870110988616943e-02, -4.9897269159555435e-01, 2.4086267948150635e+00, 1.7237900495529175e+00, 6.0507130622863770e-01, 8.1168776750564575e-01, 1.2727707624435425e+00, -3.6836752295494080e-01},
    {1.4412351399660110e+00, -5.1417768001556396e-02, 1.7237900495529175e+00, -1.1158322095870972e+00, -4.6196314692497253e-01, 4.9375608563423157e-01, -5.3433012962341309e-01, 1.5952713489532471e+00}
}}};

static constexpr auto result = eigvals(mat);

int main() { return 0; }
