#include "../../consteig.hpp"

using namespace consteig;

static constexpr Matrix<double, 20, 20> mat
{{{
    {9.9999999999999989e-01, 2.6497415115938837e-16, 1.0618701905619764e-16, 1.0941469965980196e-16, -1.3229940584704451e-16, -1.3975374044777833e-16, -1.3312792182367921e-17, 1.3618015469716206e-16, -2.8775171392553257e-16, 9.0861486709858270e-17, -9.6756779605118424e-17, -5.0697116329440898e-17, -1.6374552757660531e-16, 1.9581637071088024e-16, -5.6680750153028210e-17, -1.6463961551047901e-16, -2.6563531968896197e-16, -1.2381405007242324e-16, -3.4673223935765271e-17, 1.4712105893879068e-16},
    {2.6497415115938837e-16, 1.0000000000000002e+00, -8.3823465894944702e-18, -5.5379421469985165e-17, -1.3115748106985711e-16, -1.3387503343881904e-17, -1.4487874951276993e-16, 1.3695270616402276e-16, -1.1744476191595913e-16, 5.7720159562270254e-17, -2.3905026907399953e-16, 5.5966161085329527e-17, 6.5146380432015910e-17, 1.7968609228432262e-16, 3.8751369789272216e-17, -2.2467784054614367e-16, -2.6111164025014332e-16, 2.5079481104126926e-17, -1.8105245692598608e-16, 1.5543754286350505e-16},
    {1.0618701905619764e-16, -8.3823465894944702e-18, 1.0000000000000002e+00, 1.4003601480308423e-17, 1.3807867609372422e-16, 6.8009779574685764e-17, -2.6884976821493718e-17, 1.6615044104196406e-17, -5.3473701082596218e-17, 1.9223517828369818e-16, -2.1896727552954266e-17, 1.8133843471461006e-16, -1.0503255389655001e-16, -1.3733277952376725e-18, 1.6405125558770733e-17, -1.7608241706022038e-17, -2.4177200871339140e-17, -1.6771274600863183e-17, 7.7640210519480796e-17, 7.1882455284968130e-18},
    {1.0941469965980196e-16, -5.5379421469985165e-17, 1.4003601480308423e-17, 1.0000000000000000e+00, 1.8227929000665814e-16, -1.3029803569690393e-16, -1.6027553339547657e-16, 1.4028968693195646e-16, 2.0723985650989046e-16, 1.8219293690253864e-17, -5.6133760252563618e-17, 8.8496550032830826e-17, -7.3606670460633617e-17, 4.1718318592266329e-17, -3.4305985487065962e-17, 4.9916697147761751e-17, 1.0793458788542554e-16, 2.1175657462721147e-17, -3.6679686230748873e-17, -4.3035741114814948e-17},
    {-1.3229940584704451e-16, -1.3115748106985711e-16, 1.3807867609372422e-16, 1.8227929000665814e-16, 9.9999999999999978e-01, 9.1178284477412016e-17, -3.3642605361828189e-17, 4.7583548207857448e-17, 1.4657455489371231e-16, -6.4537749619708778e-17, 8.1618312600050012e-17, 9.4171675915810772e-18, 7.8864747812801231e-17, 2.4720395461469092e-17, -9.7955128133286240e-17, 6.9535206485754833e-17, 1.4460893897282564e-16, 1.0049299011461705e-16, -2.3388022461013161e-17, 6.1468354603185429e-17},
    {-1.3975374044777833e-16, -1.3387503343881904e-17, 6.8009779574685764e-17, -1.3029803569690393e-16, 9.1178284477412016e-17, 9.9999999999999967e-01, -2.1601184228472422e-16, 8.7527349630639114e-17, 1.1643784141344963e-16, -2.6658017994890423e-17, 5.1143073197814634e-17, -5.2754627407974561e-17, 2.2005684140559493e-17, 5.9608213909721716e-18, -1.7673646637903024e-16, -1.7974747857286488e-17, 9.2079204860282605e-19, 9.4411611523703225e-17, -6.9554937485613114e-17, -4.1671243940812306e-17},
    {-1.3312792182367921e-17, -1.4487874951276993e-16, -2.6884976821493718e-17, -1.6027553339547657e-16, -3.3642605361828189e-17, -2.1601184228472422e-16, 9.9999999999999989e-01, 3.3334384957947369e-17, 3.9490231562011495e-17, 5.5425244045859110e-17, 9.1344630168411882e-17, -7.9231549847117277e-17, -2.1672799082116756e-17, -1.4536146813652887e-16, -1.1929646380458578e-16, 6.7011444161919279e-17, 7.6681606798586226e-17, 1.1760573306446948e-16, 8.2271102141451825e-18, -1.2204999258189745e-16},
    {1.3618015469716206e-16, 1.3695270616402276e-16, 1.6615044104196406e-17, 1.4028968693195646e-16, 4.7583548207857448e-17, 8.7527349630639114e-17, 3.3334384957947369e-17, 9.9999999999999989e-01, -1.0564908290031240e-16, 1.0056089504205551e-16, -5.2761693004576217e-18, 4.3488292278074209e-17, 6.1276165915115770e-17, 6.6414557740932131e-17, 2.2375063960513831e-16, -1.1083760293666628e-16, -6.6904314076359891e-17, -5.5062521156986930e-17, -4.2052237682148154e-17, 1.4885154305150009e-16},
    {-2.8775171392553257e-16, -1.1744476191595913e-16, -5.3473701082596218e-17, 2.0723985650989046e-16, 1.4657455489371231e-16, 1.1643784141344963e-16, 3.9490231562011495e-17, -1.0564908290031240e-16, 1.0000000000000002e+00, -6.0909511174557647e-17, -1.9738903096657453e-17, 8.3266616789695072e-17, 1.2068923574365796e-17, 2.9967329630351425e-17, -8.8113749732283615e-17, 2.4078700514671389e-16, 9.2986961327580317e-17, 1.1064043171490028e-16, -2.5079524946944098e-18, -7.4436378288792281e-17},
    {9.0861486709858270e-17, 5.7720159562270254e-17, 1.9223517828369818e-16, 1.8219293690253864e-17, -6.4537749619708778e-17, -2.6658017994890423e-17, 5.5425244045859110e-17, 1.0056089504205551e-16, -6.0909511174557647e-17, 1.0000000000000004e+00, 4.0655016172792151e-17, 1.9557344594976685e-16, -8.1075085436198358e-17, 1.0515371853773344e-16, 1.3235034895468099e-16, 1.1570073401496445e-17, -1.8753889210930255e-16, 1.1676747046187993e-17, 6.1382357594325879e-17, 1.7668768104943118e-17},
    {-9.6756779605118424e-17, -2.3905026907399953e-16, -2.1896727552954266e-17, -5.6133760252563618e-17, 8.1618312600050012e-17, 5.1143073197814634e-17, 9.1344630168411882e-17, -5.2761693004576217e-18, -1.9738903096657453e-17, 4.0655016172792151e-17, 9.9999999999999989e-01, 4.1845040616569292e-19, -4.9246723326077924e-17, -2.4152578691778817e-17, -3.0538531075939008e-18, 7.8958614533038491e-17, 1.3901682102069543e-16, 2.0067399455140316e-17, -1.4723093158387819e-17, -1.6247362249349519e-16},
    {-5.0697116329440898e-17, 5.5966161085329527e-17, 1.8133843471461006e-16, 8.8496550032830826e-17, 9.4171675915810772e-18, -5.2754627407974561e-17, -7.9231549847117277e-17, 4.3488292278074209e-17, 8.3266616789695072e-17, 1.9557344594976685e-16, 4.1845040616569292e-19, 1.0000000000000000e+00, 9.3044678734718297e-17, -6.3553918371024211e-18, 5.1162416849607059e-17, 9.9654048307424664e-18, -1.0627722497605117e-16, 1.0726620071760412e-16, -7.5465787866060528e-17, 8.3885735848673137e-17},
    {-1.6374552757660531e-16, 6.5146380432015910e-17, -1.0503255389655001e-16, -7.3606670460633617e-17, 7.8864747812801231e-17, 2.2005684140559493e-17, -2.1672799082116756e-17, 6.1276165915115770e-17, 1.2068923574365796e-17, -8.1075085436198358e-17, -4.9246723326077924e-17, 9.3044678734718297e-17, 1.0000000000000000e+00, 6.6664842295023059e-17, -1.0797264005220663e-16, 1.8076223491630894e-17, -1.6077195957163673e-16, 2.2614236359766199e-17, -5.9167570378654099e-19, -1.0561676489488120e-16},
    {1.9581637071088024e-16, 1.7968609228432262e-16, -1.3733277952376725e-18, 4.1718318592266329e-17, 2.4720395461469092e-17, 5.9608213909721716e-18, -1.4536146813652887e-16, 6.6414557740932131e-17, 2.9967329630351425e-17, 1.0515371853773344e-16, -2.4152578691778817e-17, -6.3553918371024211e-18, 6.6664842295023059e-17, 9.9999999999999978e-01, -1.2824003389255786e-18, -1.0530899588700173e-16, 1.5866415155449991e-17, -5.0717798207920748e-17, 2.4289169781375228e-17, 7.1210415148434769e-17},
    {-5.6680750153028210e-17, 3.8751369789272216e-17, 1.6405125558770733e-17, -3.4305985487065962e-17, -9.7955128133286240e-17, -1.7673646637903024e-16, -1.1929646380458578e-16, 2.2375063960513831e-16, -8.8113749732283615e-17, 1.3235034895468099e-16, -3.0538531075939008e-18, 5.1162416849607059e-17, -1.0797264005220663e-16, -1.2824003389255786e-18, 9.9999999999999989e-01, -7.7544415307378190e-17, -8.4695059685114709e-17, -1.0302350107087758e-16, 3.6644483777287835e-17, -4.2554518634002733e-17},
    {-1.6463961551047901e-16, -2.2467784054614367e-16, -1.7608241706022038e-17, 4.9916697147761751e-17, 6.9535206485754833e-17, -1.7974747857286488e-17, 6.7011444161919279e-17, -1.1083760293666628e-16, 2.4078700514671389e-16, 1.1570073401496445e-17, 7.8958614533038491e-17, 9.9654048307424664e-18, 1.8076223491630894e-17, -1.0530899588700173e-16, -7.7544415307378190e-17, 1.0000000000000002e+00, 6.1089837103001586e-17, 6.3372976012379122e-17, -1.2021466996038916e-17, -1.1676504543764263e-16},
    {-2.6563531968896197e-16, -2.6111164025014332e-16, -2.4177200871339140e-17, 1.0793458788542554e-16, 1.4460893897282564e-16, 9.2079204860282605e-19, 7.6681606798586226e-17, -6.6904314076359891e-17, 9.2986961327580317e-17, -1.8753889210930255e-16, 1.3901682102069543e-16, -1.0627722497605117e-16, -1.6077195957163673e-16, 1.5866415155449991e-17, -8.4695059685114709e-17, 6.1089837103001586e-17, 9.9999999999999989e-01, 1.1618920561899203e-16, 8.2726115608573697e-17, -1.3480580176749340e-16},
    {-1.2381405007242324e-16, 2.5079481104126926e-17, -1.6771274600863183e-17, 2.1175657462721147e-17, 1.0049299011461705e-16, 9.4411611523703225e-17, 1.1760573306446948e-16, -5.5062521156986930e-17, 1.1064043171490028e-16, 1.1676747046187993e-17, 2.0067399455140316e-17, 1.0726620071760412e-16, 2.2614236359766199e-17, -5.0717798207920748e-17, -1.0302350107087758e-16, 6.3372976012379122e-17, 1.1618920561899203e-16, 1.0000000000000000e+00, -6.2895734298272874e-17, -1.5064441407777433e-16},
    {-3.4673223935765271e-17, -1.8105245692598608e-16, 7.7640210519480796e-17, -3.6679686230748873e-17, -2.3388022461013161e-17, -6.9554937485613114e-17, 8.2271102141451825e-18, -4.2052237682148154e-17, -2.5079524946944098e-18, 6.1382357594325879e-17, -1.4723093158387819e-17, -7.5465787866060528e-17, -5.9167570378654099e-19, 2.4289169781375228e-17, 3.6644483777287835e-17, -1.2021466996038916e-17, 8.2726115608573697e-17, -6.2895734298272874e-17, 1.0000000000000002e+00, -1.1848942302379780e-17},
    {1.4712105893879068e-16, 1.5543754286350505e-16, 7.1882455284968130e-18, -4.3035741114814948e-17, 6.1468354603185429e-17, -4.1671243940812306e-17, -1.2204999258189745e-16, 1.4885154305150009e-16, -7.4436378288792281e-17, 1.7668768104943118e-17, -1.6247362249349519e-16, 8.3885735848673137e-17, -1.0561676489488120e-16, 7.1210415148434769e-17, -4.2554518634002733e-17, -1.1676504543764263e-16, -1.3480580176749340e-16, -1.5064441407777433e-16, -1.1848942302379780e-17, 9.9999999999999989e-01}
}}};

static constexpr auto result = eigvals(mat);

int main() { return 0; }
