#include "../../consteig.hpp"

using namespace consteig;

static constexpr Matrix<double, 12, 12> mat
{{{
    {1.7087203264236450e+00, -1.9883096218109131e-02, -5.9506299495697021e+00, -1.1204932332038879e+00, -1.3545831441879272e+00, -2.8027790784835815e-01, -7.1218942105770111e-01, -4.2053335753735155e-01, 7.8062816709280014e-01, 6.9091259688138962e-01, -3.8203458487987518e-01, 3.2160749435424805e+00},
    {-1.9883096218109131e-02, 2.6499140262603760e-01, 3.6413802206516266e-01, 9.1839790344238281e-01, -7.8494362533092499e-01, 2.1968476772308350e+00, -1.0102715790271759e+00, -1.0226243138313293e+00, -8.2325953245162964e-01, -9.1739797592163086e-01, 2.8206804394721985e-01, 9.1544449329376221e-01},
    {-5.9506299495697021e+00, 3.6413802206516266e-01, -2.7001395821571350e-01, -4.5043183863162994e-01, 5.2481585741043091e-01, -3.9344438165426254e-01, -7.8169271349906921e-02, -1.3650935888290405e+00, 2.9910743236541748e-01, -1.0544685125350952e+00, 2.2284033894538879e+00, -5.6408703327178955e-02},
    {-1.1204932332038879e+00, 9.1839790344238281e-01, -4.5043183863162994e-01, 1.1199028044939041e-01, 2.9942430257797241e+00, -5.8149757981300354e-01, -2.5929329395294189e+00, -6.9689229130744934e-01, -1.2975889444351196e-01, 6.3073638081550598e-01, -8.6067923903465271e-01, -6.2904918193817139e-01},
    {-1.3545831441879272e+00, -7.8494362533092499e-01, 5.2481585741043091e-01, 2.9942430257797241e+00, 2.3509126901626587e-01, -1.1352553218603134e+00, -3.1999511718750000e+00, -5.7453227043151855e-01, 6.3149261474609375e-01, 1.1323950886726379e+00, 4.7751104831695557e-01, -1.8831301331520081e+00},
    {-2.8027790784835815e-01, 2.1968476772308350e+00, -3.9344438165426254e-01, -5.8149757981300354e-01, -1.1352553218603134e+00, 7.1879529953002930e-01, 6.7241400480270386e-01, -3.6742514371871948e-01, 1.4186867177486420e+00, -2.1558071970939636e+00, -2.5183383226394653e+00, 7.0392347499728203e-01},
    {-7.1218942105770111e-01, -1.0102715790271759e+00, -7.8169271349906921e-02, -2.5929329395294189e+00, -3.1999511718750000e+00, 6.7241400480270386e-01, 3.1841359138488770e+00, -7.0242806989699602e-01, 1.2348008453845978e+00, -2.3595435619354248e+00, 7.9182048141956329e-01, 1.0570314526557922e+00},
    {-4.2053335753735155e-01, -1.0226243138313293e+00, -1.3650935888290405e+00, -6.9689229130744934e-01, -5.7453227043151855e-01, -3.6742514371871948e-01, -7.0242806989699602e-01, -2.3311045765876770e-01, -9.7320917248725891e-01, -1.1497087031602859e-01, -2.3562520146369934e+00, -2.2970322370529175e+00},
    {7.8062816709280014e-01, -8.2325953245162964e-01, 2.9910743236541748e-01, -1.2975889444351196e-01, 6.3149261474609375e-01, 1.4186867177486420e+00, 1.2348008453845978e+00, -9.7320917248725891e-01, -9.8917409777641296e-02, 3.5455243289470673e-01, 3.4636050462722778e-01, -1.4980081617832184e+00},
    {6.9091259688138962e-01, -9.1739797592163086e-01, -1.0544685125350952e+00, 6.3073638081550598e-01, 1.1323950886726379e+00, -2.1558071970939636e+00, -2.3595435619354248e+00, -1.1497087031602859e-01, 3.5455243289470673e-01, -8.5359776020050049e-01, -2.2902108430862427e+00, 5.9298777580261230e-01},
    {-3.8203458487987518e-01, 2.8206804394721985e-01, 2.2284033894538879e+00, -8.6067923903465271e-01, 4.7751104831695557e-01, -2.5183383226394653e+00, 7.9182048141956329e-01, -2.3562520146369934e+00, 3.4636050462722778e-01, -2.2902108430862427e+00, 1.0518401861190796e+00, -1.0214200168848038e+00},
    {3.2160749435424805e+00, 9.1544449329376221e-01, -5.6408703327178955e-02, -6.2904918193817139e-01, -1.8831301331520081e+00, 7.0392347499728203e-01, 1.0570314526557922e+00, -2.2970322370529175e+00, -1.4980081617832184e+00, 5.9298777580261230e-01, -1.0214200168848038e+00, 6.4634817838668823e-01}
}}};

static constexpr auto result = eigvals(mat);

int main() { return 0; }
