#include "../../consteig.hpp"

using namespace consteig;

static constexpr Matrix<double, 10, 10> mat
{{{
    {8.7979453802108765e-01, 1.6334427148103714e+00, -5.5854922533035278e-01, -4.3754601478576660e-01, 1.0720856785774231e+00, 1.2923551350831985e+00, 6.1020493507385254e-02, -6.7426076531410217e-01, 1.4131036698818207e+00, 4.2550972104072571e-01},
    {1.6334427148103714e+00, 2.1421926021575928e+00, 2.1179791688919067e+00, 9.3826878070831299e-01, -2.1968540549278259e-01, -8.0387651920318604e-01, -1.5484898090362549e+00, -5.0952522456645966e-01, 7.4691516160964966e-01, 2.9140430688858032e-01},
    {-5.5854922533035278e-01, 2.1179791688919067e+00, -1.9395669698715210e+00, -4.9018621444702148e-02, 4.8405891656875610e-01, 5.1860177516937256e-01, -8.4288857877254486e-02, 1.6401866078376770e+00, 3.4694916009902954e-01, 9.3019938468933105e-01},
    {-4.3754601478576660e-01, 9.3826878070831299e-01, -4.9018621444702148e-02, 2.4018626213073730e+00, 1.0600653290748596e-01, 3.3954795151948929e+00, -1.0015597045421600e+00, 1.0232973992824554e+00, 1.5556851029396057e+00, 2.0429518073797226e-01},
    {1.0720856785774231e+00, -2.1968540549278259e-01, 4.8405891656875610e-01, 1.0600653290748596e-01, -2.4223847389221191e+00, -3.2435823371633887e-01, 1.4016784727573395e+00, -9.3934741616249084e-01, -2.7564474344253540e+00, -8.1850093789398670e-01},
    {1.2923551350831985e+00, -8.0387651920318604e-01, 5.1860177516937256e-01, 3.3954795151948929e+00, -3.2435823371633887e-01, 1.8369699716567993e+00, -4.1832497715950012e-01, 4.6457128226757050e-01, -8.5324716567993164e-01, 3.1241998076438904e-01},
    {6.1020493507385254e-02, -1.5484898090362549e+00, -8.4288857877254486e-02, -1.0015597045421600e+00, 1.4016784727573395e+00, -4.1832497715950012e-01, 2.3302733898162842e+00, -7.2456693649291992e-01, -1.3151822090148926e+00, 1.0443722903728485e+00},
    {-6.7426076531410217e-01, -5.0952522456645966e-01, 1.6401866078376770e+00, 1.0232973992824554e+00, -9.3934741616249084e-01, 4.6457128226757050e-01, -7.2456693649291992e-01, 2.6214143633842468e-01, -1.7743625640869141e+00, -1.4378054141998291e+00},
    {1.4131036698818207e+00, 7.4691516160964966e-01, 3.4694916009902954e-01, 1.5556851029396057e+00, -2.7564474344253540e+00, -8.5324716567993164e-01, -1.3151822090148926e+00, -1.7743625640869141e+00, 2.9111123085021973e+00, 1.9138989150524139e+00},
    {4.2550972104072571e-01, 2.9140430688858032e-01, 9.3019938468933105e-01, 2.0429518073797226e-01, -8.1850093789398670e-01, 3.1241998076438904e-01, 1.0443722903728485e+00, -1.4378054141998291e+00, 1.9138989150524139e+00, -1.7629446461796761e-02}
}}};

static constexpr auto result = eigvals(mat);

int main() { return 0; }
