#include "../../consteig.hpp"

using namespace consteig;

static constexpr Matrix<double, 4, 4> mat
{{{
    {9.9999999999999978e-01, 2.5119376373287640e-16, -4.3513725128005080e-17, 1.9944652572521694e-18},
    {2.5119376373287640e-16, 9.9999999999999978e-01, 1.8027353960922365e-17, -6.2599398803115909e-17},
    {-4.3513725128005080e-17, 1.8027353960922365e-17, 9.9999999999999978e-01, -8.4564494300257517e-18},
    {1.9944652572521694e-18, -6.2599398803115909e-17, -8.4564494300257517e-18, 1.0000000000000000e+00}
}}};

static constexpr auto result = eigvals(mat);

int main() { return 0; }
