#include "../../consteig.hpp"

using namespace consteig;

static constexpr Matrix<double, 12, 12> mat
{{{
    {1.0000063697810213e+00, 1.6339746328276004e-06, 4.1848203860046500e-07, 5.8545903867365749e-07, -6.9378738512849120e-07, 3.8004033045603384e-07, -1.2371591655325940e-06, 3.4942013298030889e-07, 1.1434032743450371e-06, 2.7639178999610443e-07, -4.0560046932324474e-09, -5.1611497404719659e-07},
    {1.6339746328094378e-06, 1.0000037100267731e+00, -1.2157863529390518e-06, 1.0433338715837397e-06, -1.1691349592892014e-06, -6.0583639157931735e-07, -1.2383521309851472e-07, -4.2973491163151150e-07, -6.1411813922561836e-07, 1.0093137324139491e-06, 7.4593441705145857e-07, 2.0876217034190578e-08},
    {4.1848203856646833e-07, -1.2157863529400926e-06, 1.0000022439807013e+00, -6.4794791080438422e-07, 4.8968134924254169e-07, 5.6072234447945097e-07, -5.6176194857139501e-08, -2.8342288281847582e-07, -7.9452608575588579e-07, -2.1062942299965139e-07, -2.5107038748276422e-07, -3.0679474915217855e-07},
    {5.8545903871008033e-07, 1.0433338715930588e-06, -6.4794791082706935e-07, 1.0000060788641605e+00, -7.4452208070978383e-07, 8.7110532407158429e-07, -8.1744290676802672e-08, -2.9209129155398775e-07, -1.8534431620697669e-07, 1.1558747296788460e-06, -1.4825725885923031e-06, 4.5822787035091357e-07},
    {-6.9378738512912245e-07, -1.1691349592323988e-06, 4.8968134922613974e-07, -7.4452208069973262e-07, 1.0000040342704528e+00, -1.8010365344187053e-06, 4.9092950171351780e-07, -4.0617419518081068e-07, 1.1212233724358529e-06, 1.1734840917992136e-06, 1.7634706722915799e-06, -4.5084319632254372e-07},
    {3.8004033043503193e-07, -6.0583639156340128e-07, 5.6072234451241019e-07, 8.7110532406811357e-07, -1.8010365344540401e-06, 1.0000051289398375e+00, -6.9313673568913143e-07, 6.0267269842364239e-07, 1.7723479632890239e-06, 6.2529990264893241e-07, -1.7603986230344237e-06, 4.7964210164045831e-07},
    {-1.2371591655784553e-06, -1.2383521309627771e-07, -5.6176194870926319e-08, -8.1744290696169458e-08, 4.9092950173751879e-07, -6.9313673566763141e-07, 1.0000041356532954e+00, 6.8686400659334512e-07, -1.4180175173088354e-07, 1.9016109596853451e-06, 3.4525135586346368e-07, 1.0891426273561285e-06},
    {3.4942013296658282e-07, -4.2973491162287483e-07, -2.8342288282019175e-07, -2.9209129154101131e-07, -4.0617419519399459e-07, 6.0267269839158421e-07, 6.8686400662094325e-07, 1.0000066082802703e+00, 1.5552839245975480e-06, -2.2035065538640182e-07, 5.6090322246959648e-07, -1.0607914410981875e-06},
    {1.1434032743388599e-06, -6.1411813924456766e-07, -7.9452608582474226e-07, -1.8534431622297526e-07, 1.1212233724836963e-06, 1.7723479632876765e-06, -1.4180175173575353e-07, 1.5552839246094401e-06, 1.0000051688597582e+00, -9.1890667731477913e-07, 3.1569206529425937e-07, 8.9937013648902876e-08},
    {2.7639178999227700e-07, 1.0093137324211351e-06, -2.1062942297893604e-07, 1.1558747297417723e-06, 1.1734840918273497e-06, 6.2529990265262960e-07, 1.9016109596745649e-06, -2.2035065541149417e-07, -9.1890667727926303e-07, 1.0000049734660821e+00, 3.6856585974953785e-07, -7.8334431194255094e-07},
    {-4.0560046587909743e-09, 7.4593441706216591e-07, -2.5107038743741577e-07, -1.4825725885713484e-06, 1.7634706722823005e-06, -1.7603986230154180e-06, 3.4525135584966859e-07, 5.6090322246305061e-07, 3.1569206530467581e-07, 3.6856585973095771e-07, 1.0000048704664823e+00, -6.3386092955219467e-07},
    {-5.1611497399525865e-07, 2.0876216996922320e-08, -3.0679474912962837e-07, 4.5822787034133013e-07, -4.5084319631770197e-07, 4.7964210165931549e-07, 1.0891426273704672e-06, -1.0607914411447730e-06, 8.9937013640247430e-08, -7.8334431192461152e-07, -6.3386092957870384e-07, 1.0000066774111664e+00}
}}};

static constexpr auto result = eigvals(mat);

int main() { return 0; }
