#include "../../consteig.hpp"

using namespace consteig;

static constexpr Matrix<double, 6, 6> mat
{{{
    {-1.7492492198944092e+00, -2.3440821170806885e+00, -8.9957669842988253e-04, 1.9461506605148315e-01, 2.1451959609985352e+00, 7.7938163280487061e-01},
    {-2.3440821170806885e+00, -1.7492492198944092e+00, -2.3440821170806885e+00, -8.9957669842988253e-04, 1.9461506605148315e-01, 2.1451959609985352e+00},
    {-8.9957669842988253e-04, -2.3440821170806885e+00, -1.7492492198944092e+00, -2.3440821170806885e+00, -8.9957669842988253e-04, 1.9461506605148315e-01},
    {1.9461506605148315e-01, -8.9957669842988253e-04, -2.3440821170806885e+00, -1.7492492198944092e+00, -2.3440821170806885e+00, -8.9957669842988253e-04},
    {2.1451959609985352e+00, 1.9461506605148315e-01, -8.9957669842988253e-04, -2.3440821170806885e+00, -1.7492492198944092e+00, -2.3440821170806885e+00},
    {7.7938163280487061e-01, 2.1451959609985352e+00, 1.9461506605148315e-01, -8.9957669842988253e-04, -2.3440821170806885e+00, -1.7492492198944092e+00}
}}};

static constexpr auto result = eigvals(mat);

int main() { return 0; }
