#include "../../consteig.hpp"

using namespace consteig;

static constexpr Matrix<double, 18, 18> mat
{{{
    {9.9999999999999933e-01, -8.5357752587686653e-17, 2.8063800402472148e-16, -1.1160196998294354e-16, 1.5188127051393012e-16, -1.4934578332472215e-16, -5.7031386977113356e-17, -2.5467825292330813e-16, 1.1184286727014838e-16, 4.4604995929649771e-18, -6.5971753192148402e-17, -7.2998827776224063e-18, 3.2272123404230196e-17, 1.9493990216699249e-16, 1.3038441862174764e-16, 1.0156307637531356e-16, -2.7973938560467702e-16, -3.0551921507705953e-17},
    {-8.5357752587686653e-17, 9.9999999999999967e-01, 3.8292314672229028e-16, -6.7400916081944835e-17, -9.9766721358715143e-17, -2.2156257735749553e-16, 7.6453918486008757e-17, -1.1451561961235033e-16, 3.6219326754773251e-17, -1.0680413894349976e-17, 3.0874245876083181e-17, 2.6505430676940477e-17, 1.3166153087304235e-16, 1.1166857777381151e-18, 6.6694852108817799e-17, 6.1993332820054540e-17, 1.1274104933647967e-16, 2.2962277251514033e-16},
    {2.8063800402472148e-16, 3.8292314672229028e-16, 1.0000000000000002e+00, -2.3433081948714530e-17, 1.0988006900726938e-16, 1.9838376000527669e-16, -1.3813112378714399e-16, 2.3580340119808804e-17, -7.5720740443263547e-17, 1.3664466295633383e-16, -1.9778065322362303e-16, -2.1431227771438620e-17, 1.1389500525224377e-16, 3.9930062562278427e-17, -1.8834057600052374e-17, 7.8321111152894076e-17, -4.1927207811539428e-17, -8.2409112653256573e-17},
    {-1.1160196998294354e-16, -6.7400916081944835e-17, -2.3433081948714530e-17, 9.9999999999999944e-01, -3.0303792774898632e-17, 1.1397663222634932e-16, -4.5358755393995896e-17, -4.8371782830600854e-17, -1.6339110073047677e-16, -5.2805252825424284e-18, -7.7279454841327970e-17, -7.7847497251737367e-17, 3.4517398524517784e-16, 2.5638534004351787e-16, 1.8719759231874679e-17, 7.3792824393338436e-17, -1.4843463521225718e-16, 8.1458159891924818e-17},
    {1.5188127051393012e-16, -9.9766721358715143e-17, 1.0988006900726938e-16, -3.0303792774898632e-17, 9.9999999999999989e-01, 1.5271958913925308e-16, -3.4623785238184426e-17, 8.6101149762060112e-17, -1.5887366807575924e-16, -1.8862473553468497e-16, 1.2724721096890707e-16, -2.3781442199936356e-18, 5.2179094149317589e-17, -1.3852990497839157e-16, 1.0403399311813445e-16, -1.7632798443417644e-16, -4.0360731476812131e-18, 9.0980397467679349e-17},
    {-1.4934578332472215e-16, -2.2156257735749553e-16, 1.9838376000527669e-16, 1.1397663222634932e-16, 1.5271958913925308e-16, 1.0000000000000002e+00, -1.6540215960981154e-16, -3.2067110919354325e-17, 3.0071218930398291e-16, 5.6890508823087660e-17, -8.4564795498507090e-17, 1.3262991994637379e-16, 1.3058564200645942e-16, 3.0397169308849850e-17, -2.3352748488260461e-17, -2.8966379254384275e-17, 2.9330152350517722e-17, 1.1471565900476158e-16},
    {-5.7031386977113356e-17, 7.6453918486008757e-17, -1.3813112378714399e-16, -4.5358755393995896e-17, -3.4623785238184426e-17, -1.6540215960981154e-16, 1.0000000000000000e+00, -2.1869477552225514e-16, -9.9815697076695758e-18, 1.0508810593697079e-16, 2.2791907960067499e-16, 1.4003799262288162e-16, -1.3630268115245868e-16, -1.5990929029111371e-16, 2.0293265289006425e-16, -1.2376083041548324e-16, -8.4739595950404134e-17, -2.5583063612433248e-16},
    {-2.5467825292330813e-16, -1.1451561961235033e-16, 2.3580340119808804e-17, -4.8371782830600854e-17, 8.6101149762060112e-17, -3.2067110919354325e-17, -2.1869477552225514e-16, 9.9999999999999967e-01, -8.0591525961630481e-17, 2.7677539128215506e-17, -8.5370945434390667e-17, -6.7546801431731038e-17, 2.2960697179521836e-16, -2.0526066285217367e-17, -4.7932053530137166e-17, 6.0462744262516557e-17, 1.6206575880714072e-17, -4.0157154994271849e-17},
    {1.1184286727014838e-16, 3.6219326754773251e-17, -7.5720740443263547e-17, -1.6339110073047677e-16, -1.5887366807575924e-16, 3.0071218930398291e-16, -9.9815697076695758e-18, -8.0591525961630481e-17, 9.9999999999999989e-01, -9.8478167825822625e-17, 2.6092519707325832e-17, 5.0140539305843240e-17, 1.9265819321564435e-16, 1.2627471512059060e-16, -7.4383209625634226e-17, -3.4993329078214301e-17, -1.4109049169325942e-16, 4.2406839631880256e-17},
    {4.4604995929649771e-18, -1.0680413894349976e-17, 1.3664466295633383e-16, -5.2805252825424284e-18, -1.8862473553468497e-16, 5.6890508823087660e-17, 1.0508810593697079e-16, 2.7677539128215506e-17, -9.8478167825822625e-17, 9.9999999999999978e-01, 7.2849051806131889e-17, -1.0301374385549683e-16, 2.8547475056679664e-17, -1.5431716987905027e-16, -1.6500309312669041e-16, -3.5915713902399731e-17, -5.1338093417507534e-18, 7.9293637736684404e-17},
    {-6.5971753192148402e-17, 3.0874245876083181e-17, -1.9778065322362303e-16, -7.7279454841327970e-17, 1.2724721096890707e-16, -8.4564795498507090e-17, 2.2791907960067499e-16, -8.5370945434390667e-17, 2.6092519707325832e-17, 7.2849051806131889e-17, 1.0000000000000000e+00, -4.4921569462118679e-17, -6.4266702590527460e-19, -4.6862660393240191e-17, 2.6850332898817625e-17, 3.3322230938924902e-17, -3.1219124680897859e-17, -9.7199164591616481e-17},
    {-7.2998827776224063e-18, 2.6505430676940477e-17, -2.1431227771438620e-17, -7.7847497251737367e-17, -2.3781442199936356e-18, 1.3262991994637379e-16, 1.4003799262288162e-16, -6.7546801431731038e-17, 5.0140539305843240e-17, -1.0301374385549683e-16, -4.4921569462118679e-17, 1.0000000000000004e+00, -4.8187720017182165e-17, -1.4729494186963818e-16, -3.9558472727778927e-17, 9.6219355744252898e-17, -3.5181094447001578e-17, 1.8969482289197222e-17},
    {3.2272123404230196e-17, 1.3166153087304235e-16, 1.1389500525224377e-16, 3.4517398524517784e-16, 5.2179094149317589e-17, 1.3058564200645942e-16, -1.3630268115245868e-16, 2.2960697179521836e-16, 1.9265819321564435e-16, 2.8547475056679664e-17, -6.4266702590527460e-19, -4.8187720017182165e-17, 1.0000000000000000e+00, -9.0245806584254457e-17, -2.3239386087104533e-17, -2.1237484133069505e-18, 8.5234274155489581e-17, -2.3696977341780052e-17},
    {1.9493990216699249e-16, 1.1166857777381151e-18, 3.9930062562278427e-17, 2.5638534004351787e-16, -1.3852990497839157e-16, 3.0397169308849850e-17, -1.5990929029111371e-16, -2.0526066285217367e-17, 1.2627471512059060e-16, -1.5431716987905027e-16, -4.6862660393240191e-17, -1.4729494186963818e-16, -9.0245806584254457e-17, 1.0000000000000002e+00, -1.4401181586957579e-18, 7.5528145879890590e-17, 9.7857548514076897e-17, -3.0686733608629207e-17},
    {1.3038441862174764e-16, 6.6694852108817799e-17, -1.8834057600052374e-17, 1.8719759231874679e-17, 1.0403399311813445e-16, -2.3352748488260461e-17, 2.0293265289006425e-16, -4.7932053530137166e-17, -7.4383209625634226e-17, -1.6500309312669041e-16, 2.6850332898817625e-17, -3.9558472727778927e-17, -2.3239386087104533e-17, -1.4401181586957579e-18, 1.0000000000000000e+00, 3.5043577528168764e-17, -1.7512895210570384e-16, -1.3216587050754038e-16},
    {1.0156307637531356e-16, 6.1993332820054540e-17, 7.8321111152894076e-17, 7.3792824393338436e-17, -1.7632798443417644e-16, -2.8966379254384275e-17, -1.2376083041548324e-16, 6.0462744262516557e-17, -3.4993329078214301e-17, -3.5915713902399731e-17, 3.3322230938924902e-17, 9.6219355744252898e-17, -2.1237484133069505e-18, 7.5528145879890590e-17, 3.5043577528168764e-17, 9.9999999999999989e-01, 9.4982872826388924e-17, 4.5280543803094191e-17},
    {-2.7973938560467702e-16, 1.1274104933647967e-16, -4.1927207811539428e-17, -1.4843463521225718e-16, -4.0360731476812131e-18, 2.9330152350517722e-17, -8.4739595950404134e-17, 1.6206575880714072e-17, -1.4109049169325942e-16, -5.1338093417507534e-18, -3.1219124680897859e-17, -3.5181094447001578e-17, 8.5234274155489581e-17, 9.7857548514076897e-17, -1.7512895210570384e-16, 9.4982872826388924e-17, 1.0000000000000002e+00, 1.0989362983911644e-16},
    {-3.0551921507705953e-17, 2.2962277251514033e-16, -8.2409112653256573e-17, 8.1458159891924818e-17, 9.0980397467679349e-17, 1.1471565900476158e-16, -2.5583063612433248e-16, -4.0157154994271849e-17, 4.2406839631880256e-17, 7.9293637736684404e-17, -9.7199164591616481e-17, 1.8969482289197222e-17, -2.3696977341780052e-17, -3.0686733608629207e-17, -1.3216587050754038e-16, 4.5280543803094191e-17, 1.0989362983911644e-16, 1.0000000000000000e+00}
}}};

static constexpr auto result = eigvals(mat);

int main() { return 0; }
