#include "../../consteig.hpp"

using namespace consteig;

static constexpr Matrix<double, 12, 12> mat
{{{
    {1.2674910016357899e-02, -4.8223710060119629e-01, -4.6622827649116516e-01, 2.9846969991922379e-02, -9.7654634714126587e-01, 9.6675112843513489e-02, -1.1282057762145996e+00, 2.6093202829360962e-01, 8.5481995344161987e-01, -9.4360262155532837e-01, -2.8047448992729187e+00, 1.8793496787548065e+00},
    {-7.2373765707015991e-01, -1.6745365858078003e+00, -1.1040590703487396e-01, -7.3785126209259033e-01, -8.3589512109756470e-01, 1.3774746656417847e-01, 2.6093202829360962e-01, -2.0072760581970215e+00, 3.2105690240859985e-01, 4.6169021725654602e-01, 1.2143512666225433e+00, -2.0390725433826447e+00},
    {8.0533647537231445e-01, -2.0528034865856171e-01, 8.7165117263793945e-01, 1.6816969960927963e-02, 6.6631782054901123e-01, -1.0153051614761353e+00, 8.5481995344161987e-01, 3.2105690240859985e-01, -1.8755333125591278e-01, -2.3258636444807053e+00, -6.3595278561115265e-01, 4.2031404376029968e-01},
    {9.4473892450332642e-01, -1.2609056234359741e+00, 3.3254054188728333e-01, 9.1381746530532837e-01, 6.8782943487167358e-01, 2.3921446502208710e-01, -9.4360262155532837e-01, 4.6169021725654602e-01, -2.3258636444807053e+00, -1.0669037103652954e+00, 1.9179377555847168e+00, 2.2121033072471619e+00},
    {-6.1249250173568726e-01, -1.5925423800945282e-01, -8.9481228590011597e-01, 5.1720631122589111e-01, 3.0244171619415283e+00, 8.3163678646087646e-01, -2.8047448992729187e+00, 1.2143512666225433e+00, -6.3595278561115265e-01, 1.9179377555847168e+00, 2.2284917831420898e+00, -1.0092388093471527e-01},
    {9.7426611185073853e-01, 8.0363053083419800e-01, 4.8875287175178528e-01, -2.6014819145202637e+00, 5.9156155586242676e-01, 4.7850894927978516e-01, 1.8793496787548065e+00, -2.0390725433826447e+00, 4.2031404376029968e-01, 2.2121033072471619e+00, -1.0092388093471527e-01, -2.1896724700927734e+00},
    {-1.5426043272018433e+00, 9.6753889322280884e-01, 2.9282540678977966e+00, 3.1618097424507141e-01, 1.4836767315864563e+00, 1.7806058526039124e+00, -1.2674910016357899e-02, 7.2373765707015991e-01, -8.0533647537231445e-01, -9.4473892450332642e-01, 6.1249250173568726e-01, -9.7426611185073853e-01},
    {9.6753889322280884e-01, 9.6623057126998901e-01, 2.1459793448448181e+00, -1.9544582366943359e+00, -3.0197113752365112e+00, 1.1977974176406860e+00, 4.8223710060119629e-01, 1.6745365858078003e+00, 2.0528034865856171e-01, 1.2609056234359741e+00, 1.5925423800945282e-01, -8.0363053083419800e-01},
    {2.9282540678977966e+00, 2.1459793448448181e+00, -1.8263857364654541e+00, -2.9418376684188843e+00, 9.5533773303031921e-01, 3.7380540370941162e-01, 4.6622827649116516e-01, 1.1040590703487396e-01, -8.7165117263793945e-01, -3.3254054188728333e-01, 8.9481228590011597e-01, -4.8875287175178528e-01},
    {3.1618097424507141e-01, -1.9544582366943359e+00, -2.9418376684188843e+00, 6.9619584083557129e-01, 2.3914611339569092e-01, -2.0377864241600037e+00, -2.9846969991922379e-02, 7.3785126209259033e-01, -1.6816969960927963e-02, -9.1381746530532837e-01, -5.1720631122589111e-01, 2.6014819145202637e+00},
    {1.4836767315864563e+00, -3.0197113752365112e+00, 9.5533773303031921e-01, 2.3914611339569092e-01, -7.6264016330242157e-02, 9.8938627541065216e-01, 9.7654634714126587e-01, 8.3589512109756470e-01, -6.6631782054901123e-01, -6.8782943487167358e-01, -3.0244171619415283e+00, -5.9156155586242676e-01},
    {1.7806058526039124e+00, 1.1977974176406860e+00, 3.7380540370941162e-01, -2.0377864241600037e+00, 9.8938627541065216e-01, 2.2009222507476807e+00, -9.6675112843513489e-02, -1.3774746656417847e-01, 1.0153051614761353e+00, -2.3921446502208710e-01, -8.3163678646087646e-01, -4.7850894927978516e-01}
}}};

static constexpr auto result = eigvals(mat);

int main() { return 0; }
