#include "../../consteig.hpp"

using namespace consteig;

static constexpr Matrix<double, 14, 14> mat
{{{
    {1.0000000000000002e+00, -1.5431173884359472e-16, 2.3211433829120934e-16, -1.7990291279295333e-16, 1.4497684289059027e-17, -6.6848434115554522e-17, -7.0434283641176032e-17, 1.6871366288355244e-17, -1.0223669600963566e-17, 9.7386722980903908e-17, -4.7971921874074973e-17, 1.4817950353344581e-16, -4.2886504318509824e-18, -6.8907616339802907e-17},
    {-1.5431173884359472e-16, 1.0000000000000002e+00, 8.6959631219758331e-17, 5.6534456009149687e-17, -1.9197364188246166e-16, -5.0909430429391611e-17, -3.4719931465190130e-16, -1.0242102974286596e-16, 3.1688145301714538e-17, 1.1804231366844008e-16, 3.4595480732797810e-17, -3.2964217547182691e-17, 1.0487462546373966e-16, 9.8720585770800044e-17},
    {2.3211433829120934e-16, 8.6959631219758331e-17, 9.9999999999999978e-01, -3.7406390414181099e-17, 1.4218270345785760e-16, -1.8725684014356582e-17, 1.9095447413293624e-16, 8.9093674042379293e-18, -1.1831966234748941e-17, -4.0175176635017746e-17, 5.8737361306817584e-17, -7.5682628767999611e-17, 2.7665039342144092e-17, 1.6507988436161594e-17},
    {-1.7990291279295333e-16, 5.6534456009149687e-17, -3.7406390414181099e-17, 1.0000000000000002e+00, 4.4048194151413450e-17, -3.6700290013270317e-17, -1.3517788987127042e-16, -7.2707652005841129e-17, 1.9183106243708115e-16, -1.6727839112660035e-18, 1.1694381766731499e-16, -1.4580823662376937e-16, 1.6172383057589407e-16, 6.8719918542873304e-17},
    {1.4497684289059027e-17, -1.9197364188246166e-16, 1.4218270345785760e-16, 4.4048194151413450e-17, 1.0000000000000002e+00, -1.5865394135601611e-17, 3.7671963604205354e-17, -9.9402390374812171e-17, 1.0561015740479791e-16, 3.9532362293891764e-18, -4.7801080489282174e-17, 2.4644400825080000e-18, -1.1627975405118032e-16, -5.7292193231117546e-17},
    {-6.6848434115554522e-17, -5.0909430429391611e-17, -1.8725684014356582e-17, -3.6700290013270317e-17, -1.5865394135601611e-17, 1.0000000000000000e+00, -1.1812358248069683e-16, 1.5478346254466017e-16, -9.9628197092671618e-17, 5.2013937528377656e-17, -1.2338708036145925e-16, -1.2178128518561889e-16, 2.7047326709759134e-17, -9.6852044803790041e-17},
    {-7.0434283641176032e-17, -3.4719931465190130e-16, 1.9095447413293624e-16, -1.3517788987127042e-16, 3.7671963604205354e-17, -1.1812358248069683e-16, 9.9999999999999956e-01, -6.6511449036504438e-17, 3.1780979349365193e-16, 1.0454666788964416e-16, -6.9391753661302572e-17, 2.1342713991531102e-16, -6.1880238008428484e-17, 1.4559660436297402e-16},
    {1.6871366288355244e-17, -1.0242102974286596e-16, 8.9093674042379293e-18, -7.2707652005841129e-17, -9.9402390374812171e-17, 1.5478346254466017e-16, -6.6511449036504438e-17, 9.9999999999999989e-01, 6.3820769209998936e-17, -3.9996496919381313e-17, 4.3151629694983657e-17, -8.5459749575629584e-17, -2.5616617772031546e-17, -1.1406967023486177e-16},
    {-1.0223669600963566e-17, 3.1688145301714538e-17, -1.1831966234748941e-17, 1.9183106243708115e-16, 1.0561015740479791e-16, -9.9628197092671618e-17, 3.1780979349365193e-16, 6.3820769209998936e-17, 1.0000000000000002e+00, -1.2523441492923226e-16, 2.9616425144177461e-17, -1.6967672973567598e-16, 3.9049223403751932e-17, -2.1423607693016082e-17},
    {9.7386722980903908e-17, 1.1804231366844008e-16, -4.0175176635017746e-17, -1.6727839112660035e-18, 3.9532362293891764e-18, 5.2013937528377656e-17, 1.0454666788964416e-16, -3.9996496919381313e-17, -1.2523441492923226e-16, 1.0000000000000002e+00, 1.6748277942871008e-17, 8.7823984033430969e-18, -4.5756809275674053e-17, 3.1851776089976931e-17},
    {-4.7971921874074973e-17, 3.4595480732797810e-17, 5.8737361306817584e-17, 1.1694381766731499e-16, -4.7801080489282174e-17, -1.2338708036145925e-16, -6.9391753661302572e-17, 4.3151629694983657e-17, 2.9616425144177461e-17, 1.6748277942871008e-17, 1.0000000000000000e+00, -2.6264404947289867e-17, 5.7589637159629119e-17, 3.6845881320162237e-17},
    {1.4817950353344581e-16, -3.2964217547182691e-17, -7.5682628767999611e-17, -1.4580823662376937e-16, 2.4644400825080000e-18, -1.2178128518561889e-16, 2.1342713991531102e-16, -8.5459749575629584e-17, -1.6967672973567598e-16, 8.7823984033430969e-18, -2.6264404947289867e-17, 1.0000000000000004e+00, 4.8315992931309024e-17, 3.6239777916976820e-17},
    {-4.2886504318509824e-18, 1.0487462546373966e-16, 2.7665039342144092e-17, 1.6172383057589407e-16, -1.1627975405118032e-16, 2.7047326709759134e-17, -6.1880238008428484e-17, -2.5616617772031546e-17, 3.9049223403751932e-17, -4.5756809275674053e-17, 5.7589637159629119e-17, 4.8315992931309024e-17, 9.9999999999999989e-01, -4.8075815707965227e-17},
    {-6.8907616339802907e-17, 9.8720585770800044e-17, 1.6507988436161594e-17, 6.8719918542873304e-17, -5.7292193231117546e-17, -9.6852044803790041e-17, 1.4559660436297402e-16, -1.1406967023486177e-16, -2.1423607693016082e-17, 3.1851776089976931e-17, 3.6845881320162237e-17, 3.6239777916976820e-17, -4.8075815707965227e-17, 1.0000000000000000e+00}
}}};

static constexpr auto result = eigvals(mat);

int main() { return 0; }
