#include "../../consteig.hpp"

using namespace consteig;

static constexpr Matrix<double, 10, 10> mat
{{{
    {-3.0406925082206726e-01, -3.1962552070617676e+00, 6.2314128875732422e-01, 1.1540242433547974e+00, -2.9471802711486816e-01, -8.1456857919692993e-01, -3.1647047400474548e-01, -1.7576744556427002e+00, -7.0085518062114716e-02, -8.4404939413070679e-01},
    {-3.1962552070617676e+00, -3.0406925082206726e-01, -3.1962552070617676e+00, 6.2314128875732422e-01, 1.1540242433547974e+00, -2.9471802711486816e-01, -8.1456857919692993e-01, -3.1647047400474548e-01, -1.7576744556427002e+00, -7.0085518062114716e-02},
    {6.2314128875732422e-01, -3.1962552070617676e+00, -3.0406925082206726e-01, -3.1962552070617676e+00, 6.2314128875732422e-01, 1.1540242433547974e+00, -2.9471802711486816e-01, -8.1456857919692993e-01, -3.1647047400474548e-01, -1.7576744556427002e+00},
    {1.1540242433547974e+00, 6.2314128875732422e-01, -3.1962552070617676e+00, -3.0406925082206726e-01, -3.1962552070617676e+00, 6.2314128875732422e-01, 1.1540242433547974e+00, -2.9471802711486816e-01, -8.1456857919692993e-01, -3.1647047400474548e-01},
    {-2.9471802711486816e-01, 1.1540242433547974e+00, 6.2314128875732422e-01, -3.1962552070617676e+00, -3.0406925082206726e-01, -3.1962552070617676e+00, 6.2314128875732422e-01, 1.1540242433547974e+00, -2.9471802711486816e-01, -8.1456857919692993e-01},
    {-8.1456857919692993e-01, -2.9471802711486816e-01, 1.1540242433547974e+00, 6.2314128875732422e-01, -3.1962552070617676e+00, -3.0406925082206726e-01, -3.1962552070617676e+00, 6.2314128875732422e-01, 1.1540242433547974e+00, -2.9471802711486816e-01},
    {-3.1647047400474548e-01, -8.1456857919692993e-01, -2.9471802711486816e-01, 1.1540242433547974e+00, 6.2314128875732422e-01, -3.1962552070617676e+00, -3.0406925082206726e-01, -3.1962552070617676e+00, 6.2314128875732422e-01, 1.1540242433547974e+00},
    {-1.7576744556427002e+00, -3.1647047400474548e-01, -8.1456857919692993e-01, -2.9471802711486816e-01, 1.1540242433547974e+00, 6.2314128875732422e-01, -3.1962552070617676e+00, -3.0406925082206726e-01, -3.1962552070617676e+00, 6.2314128875732422e-01},
    {-7.0085518062114716e-02, -1.7576744556427002e+00, -3.1647047400474548e-01, -8.1456857919692993e-01, -2.9471802711486816e-01, 1.1540242433547974e+00, 6.2314128875732422e-01, -3.1962552070617676e+00, -3.0406925082206726e-01, -3.1962552070617676e+00},
    {-8.4404939413070679e-01, -7.0085518062114716e-02, -1.7576744556427002e+00, -3.1647047400474548e-01, -8.1456857919692993e-01, -2.9471802711486816e-01, 1.1540242433547974e+00, 6.2314128875732422e-01, -3.1962552070617676e+00, -3.0406925082206726e-01}
}}};

static constexpr auto result = eigvals(mat);

int main() { return 0; }
