#include "../../consteig.hpp"

using namespace consteig;

static constexpr Matrix<double, 18, 18> mat
{{{
    {1.6988790035247803e+00, 1.6644512116909027e-01, 3.4896352887153625e-01, -5.7308137416839600e-01, -3.2900810241699219e-01, -3.9813464879989624e-01, -5.4245799779891968e-01, -3.4321844577789307e-01, -9.2313003540039062e-01, -1.4735914468765259e+00, 1.1832255218178034e+00, -4.0254402160644531e-01, 2.8946422338485718e+00, -1.6687125563621521e+00, -2.9572874307632446e-02, 1.6452818103134632e+00, -1.2797415256500244e-02, -7.9708987474441528e-01},
    {1.1420712471008301e+00, -9.4054031372070312e-01, 3.4536264836788177e-02, -1.0092104673385620e+00, -7.1681171655654907e-01, -7.4362069368362427e-01, 5.4761183261871338e-01, 1.5097539126873016e-01, -2.1921567916870117e+00, 1.1832255218178034e+00, 1.7879989147186279e+00, -2.4296016693115234e+00, 1.1441102027893066e+00, 6.3713204860687256e-01, -1.2520366311073303e+00, 1.7814933657646179e+00, 1.2035955786705017e+00, 8.8861602544784546e-01},
    {-2.8031462430953979e-01, -1.0111255571246147e-02, 1.2968058884143829e-01, 1.4899126291275024e+00, 5.1611858606338501e-01, -3.0062544345855713e-01, -3.4774294495582581e-01, 8.4818726778030396e-01, -1.2142444849014282e+00, -4.0254402160644531e-01, -2.4296016693115234e+00, -3.3107831478118896e+00, -1.3283610641956329e+00, 2.2028658986091614e+00, -9.2271381616592407e-01, 2.1731752157211304e+00, -9.5155411958694458e-01, 2.8536242246627808e-01},
    {2.3424440622329712e-01, 1.6213415563106537e-01, -1.1180142164230347e+00, -1.1585625410079956e+00, -2.6288824155926704e-02, -1.5204066038131714e+00, 8.4396743774414062e-01, -3.6855116486549377e-01, -5.7653442025184631e-02, 2.8946422338485718e+00, 1.1441102027893066e+00, -1.3283610641956329e+00, 2.9354252815246582e+00, -6.5959534049034119e-01, 1.7351329326629639e+00, 4.0520834326744080e+00, -4.6535956859588623e+00, -9.5849085599184036e-01},
    {-8.4572488069534302e-01, 2.6611282825469971e+00, -1.5334871411323547e-01, 9.6517041325569153e-02, -1.6089169979095459e+00, 6.1423927545547485e-01, 5.8921635150909424e-01, 1.4597438573837280e+00, 1.4157344102859497e+00, -1.6687125563621521e+00, 6.3713204860687256e-01, 2.2028658986091614e+00, -6.5959534049034119e-01, -3.3640301227569580e-01, -2.7632665634155273e-01, -1.9201624393463135e-01, 1.5214036032557487e-01, -6.7186472937464714e-01},
    {7.1649134159088135e-02, 3.8872408866882324e-01, -8.3533525466918945e-02, 7.4020040035247803e-01, -4.1049465537071228e-01, -7.8356957435607910e-01, -8.5213452577590942e-01, 6.3378423452377319e-01, 7.5662297010421753e-01, -2.9572874307632446e-02, -1.2520366311073303e+00, -9.2271381616592407e-01, 1.7351329326629639e+00, -2.7632665634155273e-01, -8.6418414115905762e-01, -1.5789446234703064e+00, -5.9243625402450562e-01, 1.4110663235187531e+00},
    {1.1920794099569321e-01, 9.0897607803344727e-01, 9.6189856529235840e-01, 4.3047064542770386e-01, 1.0476958751678467e+00, -6.9836258888244629e-01, 3.4554120898246765e-01, 1.3297563791275024e-01, -1.1846677064895630e+00, 1.6452818103134632e+00, 1.7814933657646179e+00, 2.1731752157211304e+00, 4.0520834326744080e+00, -1.9201624393463135e-01, -1.5789446234703064e+00, -1.8990145921707153e+00, 5.4033666104078293e-01, -1.4322744309902191e+00},
    {2.4632158875465393e-01, -3.9081335067749023e-01, -1.9655630588531494e+00, -1.6492299735546112e-01, -5.8190155029296875e-01, 8.2855564355850220e-01, -1.0619256496429443e+00, 6.4602410793304443e-01, -7.5271618366241455e-01, -1.2797415256500244e-02, 1.2035955786705017e+00, -9.5155411958694458e-01, -4.6535956859588623e+00, 1.5214036032557487e-01, -5.9243625402450562e-01, 5.4033666104078293e-01, 1.1023927927017212e+00, 1.0186826586723328e+00},
    {2.6256930828094482e+00, -4.6794384717941284e-01, 4.7185623645782471e-01, 1.9329423904418945e+00, -1.0753563642501831e+00, 2.3897809982299805e+00, 6.5782374143600464e-01, -8.9362078905105591e-01, -1.0236119031906128e+00, -7.9708987474441528e-01, 8.8861602544784546e-01, 2.8536242246627808e-01, -9.5849085599184036e-01, -6.7186472937464714e-01, 1.4110663235187531e+00, -1.4322744309902191e+00, 1.0186826586723328e+00, -3.3595769405364990e+00},
    {-1.7751758098602295e+00, -3.0013076066970825e+00, -1.6527889966964722e+00, 2.1788937449455261e+00, -1.9287229478359222e+00, 2.0618383288383484e+00, -3.5538043081760406e-01, 3.0094982981681824e+00, -9.8333771526813507e-01, -1.6988790035247803e+00, -1.1420712471008301e+00, 2.8031462430953979e-01, -2.3424440622329712e-01, 8.4572488069534302e-01, -7.1649134159088135e-02, -1.1920794099569321e-01, -2.4632158875465393e-01, -2.6256930828094482e+00},
    {-3.0013076066970825e+00, 4.2022964358329773e-01, -1.0248831361532211e+00, -5.7672089338302612e-01, 1.1487331688404083e+00, -7.2727954387664795e-01, -9.2976823449134827e-01, -4.5542985200881958e-02, 1.3375689387321472e+00, -1.6644512116909027e-01, 9.4054031372070312e-01, 1.0111255571246147e-02, -1.6213415563106537e-01, -2.6611282825469971e+00, -3.8872408866882324e-01, -9.0897607803344727e-01, 3.9081335067749023e-01, 4.6794384717941284e-01},
    {-1.6527889966964722e+00, -1.0248831361532211e+00, 5.6705284118652344e+00, 4.7554701566696167e-02, -5.8018258213996887e-01, -3.0426606535911560e-02, 1.5567302703857422e-02, 1.0550026968121529e+00, 7.2289374470710754e-01, -3.4896352887153625e-01, -3.4536264836788177e-02, -1.2968058884143829e-01, 1.1180142164230347e+00, 1.5334871411323547e-01, 8.3533525466918945e-02, -9.6189856529235840e-01, 1.9655630588531494e+00, -4.7185623645782471e-01},
    {2.1788937449455261e+00, -5.7672089338302612e-01, 4.7554701566696167e-02, -1.5638091564178467e+00, -3.0658567696809769e-01, 3.0208618640899658e+00, 8.5661746561527252e-02, -2.3617072701454163e+00, 2.5583571195602417e-01, 5.7308137416839600e-01, 1.0092104673385620e+00, -1.4899126291275024e+00, 1.1585625410079956e+00, -9.6517041325569153e-02, -7.4020040035247803e-01, -4.3047064542770386e-01, 1.6492299735546112e-01, -1.9329423904418945e+00},
    {-1.9287229478359222e+00, 1.1487331688404083e+00, -5.8018258213996887e-01, -3.0658567696809769e-01, -3.4688514471054077e-01, -2.0793556123971939e+00, 4.3387320637702942e-01, -2.9882198572158813e-01, -1.7429291605949402e+00, 3.2900810241699219e-01, 7.1681171655654907e-01, -5.1611858606338501e-01, 2.6288824155926704e-02, 1.6089169979095459e+00, 4.1049465537071228e-01, -1.0476958751678467e+00, 5.8190155029296875e-01, 1.0753563642501831e+00},
    {2.0618383288383484e+00, -7.2727954387664795e-01, -3.0426606535911560e-02, 3.0208618640899658e+00, -2.0793556123971939e+00, 5.4299926757812500e-01, 1.1155453324317932e+00, 1.7371882796287537e+00, 1.5621014833450317e+00, 3.9813464879989624e-01, 7.4362069368362427e-01, 3.0062544345855713e-01, 1.5204066038131714e+00, -6.1423927545547485e-01, 7.8356957435607910e-01, 6.9836258888244629e-01, -8.2855564355850220e-01, -2.3897809982299805e+00},
    {-3.5538043081760406e-01, -9.2976823449134827e-01, 1.5567302703857422e-02, 8.5661746561527252e-02, 4.3387320637702942e-01, 1.1155453324317932e+00, 1.7247935533523560e+00, 1.3588984161615372e+00, 1.3378170728683472e+00, 5.4245799779891968e-01, -5.4761183261871338e-01, 3.4774294495582581e-01, -8.4396743774414062e-01, -5.8921635150909424e-01, 8.5213452577590942e-01, -3.4554120898246765e-01, 1.0619256496429443e+00, -6.5782374143600464e-01},
    {3.0094982981681824e+00, -4.5542985200881958e-02, 1.0550026968121529e+00, -2.3617072701454163e+00, -2.9882198572158813e-01, 1.7371882796287537e+00, 1.3588984161615372e+00, -4.1019865870475769e-01, 1.5078660249710083e+00, 3.4321844577789307e-01, -1.5097539126873016e-01, -8.4818726778030396e-01, 3.6855116486549377e-01, -1.4597438573837280e+00, -6.3378423452377319e-01, -1.3297563791275024e-01, -6.4602410793304443e-01, 8.9362078905105591e-01},
    {-9.8333771526813507e-01, 1.3375689387321472e+00, 7.2289374470710754e-01, 2.5583571195602417e-01, -1.7429291605949402e+00, 1.5621014833450317e+00, 1.3378170728683472e+00, 1.5078660249710083e+00, 7.2539314627647400e-02, 9.2313003540039062e-01, 2.1921567916870117e+00, 1.2142444849014282e+00, 5.7653442025184631e-02, -1.4157344102859497e+00, -7.5662297010421753e-01, 1.1846677064895630e+00, 7.5271618366241455e-01, 1.0236119031906128e+00}
}}};

static constexpr auto result = eigvals(mat);

int main() { return 0; }
