#include "../../consteig.hpp"

using namespace consteig;

static constexpr Matrix<double, 18, 18> mat
{{{
    {-4.6356334686279297e+00, 1.3367372751235962e+00, -2.9769923686981201e+00, -2.0787966251373291e-01, 1.7662614583969116e+00, -1.7038715481758118e+00, 9.9630685150623322e-01, -1.6143334805965424e+00, 3.1605958938598633e-02, -2.0380145311355591e+00, -1.4932281374931335e+00, -3.9101874828338623e-01, -2.5149597227573395e-01, -1.2995242029428482e+00, -8.1783354282379150e-01, -1.6777998805046082e+00, 1.0537483096122742e+00, -1.9656556248664856e+00},
    {1.3367372751235962e+00, -3.9668443202972412e+00, -1.9473568797111511e+00, 6.6909915208816528e-01, -6.2681192159652710e-01, -1.1221743822097778e+00, 6.6385865211486816e-01, -4.0645018219947815e-01, -2.6171959638595581e+00, -4.9911093711853027e-01, 6.0930301249027252e-01, 7.6923641562461853e-01, -1.6957890689373016e+00, 3.4625375866889954e+00, 8.8378563523292542e-03, 1.5575109273195267e+00, 6.2721198797225952e-01, 6.1916272295638919e-01},
    {-2.9769923686981201e+00, -1.9473568797111511e+00, 2.3534352779388428e+00, 1.3611773550510406e+00, 4.7695565223693848e-01, 6.6039651632308960e-01, 1.8836624026298523e+00, 2.0066461563110352e+00, 3.5112160444259644e-01, -7.2984597086906433e-01, -6.4590823650360107e-01, 5.5055738985538483e-01, -2.3308098316192627e-01, 7.4966393411159515e-01, 1.0178296566009521e+00, -1.4189656972885132e+00, 9.6416437625885010e-01, -3.0055969953536987e-01},
    {-2.0787966251373291e-01, 6.6909915208816528e-01, 1.3611773550510406e+00, -1.8848342895507812e+00, -6.7020533978939056e-01, 2.2071593999862671e-01, 1.8792491555213928e+00, -1.7031594514846802e+00, 1.1323496103286743e+00, -1.8553764224052429e+00, 2.9547268152236938e-01, -2.6143848896026611e-01, -1.8362839221954346e+00, 1.4512086212635040e+00, 3.2805258780717850e-01, -1.6125287413597107e+00, 1.4162363409996033e+00, -1.8136232197284698e+00},
    {1.7662614583969116e+00, -6.2681192159652710e-01, 4.7695565223693848e-01, -6.7020533978939056e-01, 1.7647299766540527e+00, -1.7648098170757294e+00, -1.7868211865425110e+00, -7.8106242418289185e-01, 1.0505508482456207e+00, -2.8204815387725830e+00, 1.5333483964204788e+00, -1.2508052997291088e+00, -2.9727693088352680e-01, 1.1111390292644501e+00, 5.7140707969665527e-01, -5.3775899112224579e-02, 2.0517034083604813e-01, 6.4533829689025879e-02},
    {-1.7038715481758118e+00, -1.1221743822097778e+00, 6.6039651632308960e-01, 2.2071593999862671e-01, -1.7648098170757294e+00, 1.7854444980621338e+00, 8.6203205585479736e-01, -2.6388669013977051e+00, 3.7815505266189575e-01, -4.6755272150039673e-01, 6.4783559739589691e-01, -2.3445942997932434e-01, 1.7629566788673401e+00, -3.9095318317413330e+00, 4.4328942894935608e-01, 1.5239818692207336e+00, 2.7304947376251221e-02, -1.0578900575637817e-02},
    {9.9630685150623322e-01, 6.6385865211486816e-01, 1.8836624026298523e+00, 1.8792491555213928e+00, -1.7868211865425110e+00, 8.6203205585479736e-01, -4.0969896316528320e+00, -1.7044744193553925e+00, -5.9270858764648438e-03, -2.1894732117652893e+00, 2.1977205872535706e+00, -8.4341478347778320e-01, 1.1381526589393616e+00, -9.3923223018646240e-01, 1.2788019180297852e+00, -2.5066828802227974e+00, -1.3751799464225769e+00, -2.1432353258132935e+00},
    {-1.6143334805965424e+00, -4.0645018219947815e-01, 2.0066461563110352e+00, -1.7031594514846802e+00, -7.8106242418289185e-01, -2.6388669013977051e+00, -1.7044744193553925e+00, -5.0459945201873779e-01, 1.4674674361012876e+00, 1.2614205181598663e+00, -1.3150146007537842e+00, -8.0632629990577698e-01, 1.4766739606857300e+00, -2.0948793441057205e+00, -1.3513470292091370e+00, 1.3696643114089966e+00, -1.5209955275058746e+00, 1.9842751324176788e-01},
    {3.1605958938598633e-02, -2.6171959638595581e+00, 3.5112160444259644e-01, 1.1323496103286743e+00, 1.0505508482456207e+00, 3.7815505266189575e-01, -5.9270858764648438e-03, 1.4674674361012876e+00, -2.5511205196380615e-01, -9.1767895221710205e-01, 9.7762733697891235e-01, -7.4647158756852150e-01, 1.7700831890106201e+00, -2.6632869243621826e-01, -1.6375971436500549e+00, 3.8098017126321793e-01, 8.2636505365371704e-01, -1.5529723167419434e+00},
    {-2.0380145311355591e+00, -4.9911093711853027e-01, -7.2984597086906433e-01, -1.8553764224052429e+00, -2.8204815387725830e+00, -4.6755272150039673e-01, -2.1894732117652893e+00, 1.2614205181598663e+00, -9.1767895221710205e-01, 6.6926234960556030e-01, 7.4971398711204529e-01, 7.5346636772155762e-01, -4.8923485726118088e-01, -1.7672783732414246e+00, 2.5796932280063629e+00, -1.1698695719242096e+00, -2.9820396900177002e+00, -3.7455278635025024e-01},
    {-1.4932281374931335e+00, 6.0930301249027252e-01, -6.4590823650360107e-01, 2.9547268152236938e-01, 1.5333483964204788e+00, 6.4783559739589691e-01, 2.1977205872535706e+00, -1.3150146007537842e+00, 9.7762733697891235e-01, 7.4971398711204529e-01, -2.3396568298339844e+00, 1.5258162766695023e+00, 2.1046308279037476e+00, 1.2587265670299530e-01, 1.9840507507324219e+00, -2.4714134931564331e+00, 6.9599965214729309e-01, 8.3966124057769775e-01},
    {-3.9101874828338623e-01, 7.6923641562461853e-01, 5.5055738985538483e-01, -2.6143848896026611e-01, -1.2508052997291088e+00, -2.3445942997932434e-01, -8.4341478347778320e-01, -8.0632629990577698e-01, -7.4647158756852150e-01, 7.5346636772155762e-01, 1.5258162766695023e+00, -7.4403399229049683e-01, -1.2029405832290649e+00, -1.4452563077211380e+00, 2.6871809959411621e+00, -3.0609954893589020e-01, -1.8480231761932373e+00, -5.5668701231479645e-01},
    {-2.5149597227573395e-01, -1.6957890689373016e+00, -2.3308098316192627e-01, -1.8362839221954346e+00, -2.9727693088352680e-01, 1.7629566788673401e+00, 1.1381526589393616e+00, 1.4766739606857300e+00, 1.7700831890106201e+00, -4.8923485726118088e-01, 2.1046308279037476e+00, -1.2029405832290649e+00, 4.2092103958129883e+00, -5.2077102661132812e-01, -4.5926272869110107e-03, -7.9242390394210815e-01, -1.6066908240318298e+00, -4.8174831271171570e-01},
    {-1.2995242029428482e+00, 3.4625375866889954e+00, 7.4966393411159515e-01, 1.4512086212635040e+00, 1.1111390292644501e+00, -3.9095318317413330e+00, -9.3923223018646240e-01, -2.0948793441057205e+00, -2.6632869243621826e-01, -1.7672783732414246e+00, 1.2587265670299530e-01, -1.4452563077211380e+00, -5.2077102661132812e-01, -2.8875944614410400e+00, -3.4640412330627441e+00, -2.4537621736526489e+00, 1.3238214254379272e+00, -1.4845442473888397e+00},
    {-8.1783354282379150e-01, 8.8378563523292542e-03, 1.0178296566009521e+00, 3.2805258780717850e-01, 5.7140707969665527e-01, 4.4328942894935608e-01, 1.2788019180297852e+00, -1.3513470292091370e+00, -1.6375971436500549e+00, 2.5796932280063629e+00, 1.9840507507324219e+00, 2.6871809959411621e+00, -4.5926272869110107e-03, -3.4640412330627441e+00, 2.1062662601470947e+00, -1.0994403362274170e+00, -1.2545533776283264e+00, 6.6310435533523560e-02},
    {-1.6777998805046082e+00, 1.5575109273195267e+00, -1.4189656972885132e+00, -1.6125287413597107e+00, -5.3775899112224579e-02, 1.5239818692207336e+00, -2.5066828802227974e+00, 1.3696643114089966e+00, 3.8098017126321793e-01, -1.1698695719242096e+00, -2.4714134931564331e+00, -3.0609954893589020e-01, -7.9242390394210815e-01, -2.4537621736526489e+00, -1.0994403362274170e+00, 1.8594895601272583e+00, 1.1176567524671555e+00, -1.2666678726673126e+00},
    {1.0537483096122742e+00, 6.2721198797225952e-01, 9.6416437625885010e-01, 1.4162363409996033e+00, 2.0517034083604813e-01, 2.7304947376251221e-02, -1.3751799464225769e+00, -1.5209955275058746e+00, 8.2636505365371704e-01, -2.9820396900177002e+00, 6.9599965214729309e-01, -1.8480231761932373e+00, -1.6066908240318298e+00, 1.3238214254379272e+00, -1.2545533776283264e+00, 1.1176567524671555e+00, -1.8466970920562744e+00, -1.4609435498714447e+00},
    {-1.9656556248664856e+00, 6.1916272295638919e-01, -3.0055969953536987e-01, -1.8136232197284698e+00, 6.4533829689025879e-02, -1.0578900575637817e-02, -2.1432353258132935e+00, 1.9842751324176788e-01, -1.5529723167419434e+00, -3.7455278635025024e-01, 8.3966124057769775e-01, -5.5668701231479645e-01, -4.8174831271171570e-01, -1.4845442473888397e+00, 6.6310435533523560e-02, -1.2666678726673126e+00, -1.4609435498714447e+00, -1.6004626750946045e+00}
}}};

static constexpr auto result = eigvals(mat);

int main() { return 0; }
