#include "../../consteig.hpp"

using namespace consteig;

static constexpr Matrix<double, 8, 8> mat
{{{
    {1.0000000000000002e+00, -1.0953319703965579e-16, -4.2465044652048017e-16, -8.1194007723534325e-17, 4.2475742347190683e-17, 3.1028023871712860e-16, 2.7064778003768061e-16, -1.3450787524786774e-16},
    {-1.0953319703965579e-16, 1.0000000000000002e+00, 3.0485174689500388e-16, -3.2841072467793132e-17, 4.1705913941635736e-17, -1.7616499919219147e-16, -1.6056746593621993e-16, -2.7070357140264265e-17},
    {-4.2465044652048017e-16, 3.0485174689500388e-16, 1.0000000000000007e+00, -1.0604741364198039e-16, 1.3144017130839064e-16, -5.8834944979788751e-17, -1.1524563224399042e-16, -1.0793626800760990e-17},
    {-8.1194007723534325e-17, -3.2841072467793132e-17, -1.0604741364198039e-16, 1.0000000000000000e+00, -1.0621276089481747e-16, -1.8425871132930776e-16, 3.2692709076316278e-16, 2.1736773384068689e-16},
    {4.2475742347190683e-17, 4.1705913941635736e-17, 1.3144017130839064e-16, -1.0621276089481747e-16, 1.0000000000000002e+00, 5.3730168431330831e-17, -8.2379659531630724e-18, 1.7757063683479171e-16},
    {3.1028023871712860e-16, -1.7616499919219147e-16, -5.8834944979788751e-17, -1.8425871132930776e-16, 5.3730168431330831e-17, 1.0000000000000002e+00, -1.1634185770237081e-17, -2.0028021588636215e-16},
    {2.7064778003768061e-16, -1.6056746593621993e-16, -1.1524563224399042e-16, 3.2692709076316278e-16, -8.2379659531630724e-18, -1.1634185770237081e-17, 1.0000000000000002e+00, 1.1009945840517046e-16},
    {-1.3450787524786774e-16, -2.7070357140264265e-17, -1.0793626800760990e-17, 2.1736773384068689e-16, 1.7757063683479171e-16, -2.0028021588636215e-16, 1.1009945840517046e-16, 9.9999999999999989e-01}
}}};

static constexpr auto result = eigvals(mat);

int main() { return 0; }
