#include "../../consteig.hpp"

using namespace consteig;

static constexpr Matrix<double, 20, 20> mat
{{{
    {2.2707599401473999e-01, -1.3498666882514954e+00, -6.6967418789863586e-01, -1.5855997800827026e-01, 2.8602961301803589e+00, -2.0508480072021484e-01, 1.6255959868431091e-01, -1.9998604878783226e+00, 1.0265056788921356e+00, -2.4269183874130249e+00, -1.6474223136901855e-01, -1.4153709411621094e+00, -3.9797157049179077e-01, -1.8363482356071472e+00, -1.2478390932083130e+00, -1.2932074368000031e+00, 9.3051686231046915e-01, 8.9830965921282768e-01, 4.7612845897674561e-02, -3.6497712135314941e-03},
    {-1.3498666882514954e+00, -1.2930668592453003e+00, -2.0419035255908966e+00, 2.2880600634962320e+00, -1.4153168797492981e+00, -2.1991908550262451e-02, 8.5783129930496216e-01, 9.2947114631533623e-01, 3.9162385463714600e-01, 2.2873954176902771e+00, 8.2430160045623779e-01, -4.5999242365360260e-01, 2.6782896518707275e+00, 9.0388202667236328e-01, 1.3353546857833862e+00, 1.3497180342674255e+00, 6.5959075093269348e-01, -1.9511282444000244e+00, -2.0733502507209778e-01, -1.9072136282920837e+00},
    {-6.6967418789863586e-01, -2.0419035255908966e+00, -1.3055683374404907e+00, 9.4579541683197021e-01, -1.0678631104528904e+00, -1.8548992872238159e+00, 1.4271575212478638e+00, -1.7996625320520252e+00, -1.5389117598533630e-01, 1.2750776745378971e+00, -1.9684147834777832e-01, -1.8276548385620117e+00, -3.8706985116004944e-01, 1.3854464143514633e-01, 4.9498343467712402e-01, 1.6108535230159760e-01, 1.5583500266075134e+00, 1.6064167320728302e+00, 7.0420387387275696e-01, -2.5398540496826172e-01},
    {-1.5855997800827026e-01, 2.2880600634962320e+00, 9.4579541683197021e-01, 5.7371735572814941e-01, -1.3838627487421036e+00, 1.1671431660652161e+00, 2.0038539022207260e+00, -1.8398684263229370e-01, -7.4765971302986145e-01, 1.3083864748477936e-01, -2.1259086132049561e+00, -2.9696446657180786e-01, -9.2255102097988129e-01, 1.0902309864759445e+00, 4.3912779539823532e-01, -8.9783690869808197e-02, 2.0604776218533516e-01, 1.0282135009765625e-01, -8.5903447866439819e-01, -1.2063888013362885e+00},
    {2.8602961301803589e+00, -1.4153168797492981e+00, -1.0678631104528904e+00, -1.3838627487421036e+00, -1.5973956584930420e+00, 1.9991441071033478e-01, -1.0881813280284405e+00, -5.0753980875015259e-01, 3.1080711632966995e-01, 1.4571964740753174e+00, 1.0364131331443787e+00, 1.2400540709495544e+00, -1.0463441610336304e+00, -2.8485152125358582e+00, 1.9349494278430939e+00, -1.5327889621257782e+00, -1.0523591637611389e+00, -1.1731600537896156e+00, -6.2829190492630005e-01, 2.8401013612747192e+00},
    {-2.0508480072021484e-01, -2.1991908550262451e-02, -1.8548992872238159e+00, 1.1671431660652161e+00, 1.9991441071033478e-01, 8.4329742193222046e-01, -9.1815028339624405e-02, -6.9920872151851654e-01, 1.2978751212358475e-01, -1.2745193541049957e+00, -6.1928829550743103e-01, 5.3016781806945801e-02, -1.4301273226737976e-01, -1.9890437722206116e+00, 1.9810507893562317e+00, 6.0987979173660278e-01, -1.6633361577987671e-01, 2.7987194061279297e+00, 1.6392540931701660e+00, 1.4329361915588379e-01},
    {1.6255959868431091e-01, 8.5783129930496216e-01, 1.4271575212478638e+00, 2.0038539022207260e+00, -1.0881813280284405e+00, -9.1815028339624405e-02, 2.0076448917388916e+00, 9.5187983941286802e-02, -1.5896286070346832e+00, 1.4123674482107162e-01, -1.4679263003636152e+00, -1.1896812617778778e+00, 2.6335855722427368e+00, 1.7572967708110809e+00, -7.6704430580139160e-01, 1.3234101422131062e+00, 1.8538159728050232e+00, -1.0640826225280762e+00, -1.3073801994323730e-02, 4.7457688674330711e-01},
    {-1.9998604878783226e+00, 9.2947114631533623e-01, -1.7996625320520252e+00, -1.8398684263229370e-01, -5.0753980875015259e-01, -6.9920872151851654e-01, 9.5187983941286802e-02, -1.7684046030044556e+00, 1.5012880861759186e+00, 5.5137950181961060e-01, 6.1480793356895447e-01, 7.4964421987533569e-01, 1.7634791731834412e+00, -1.8276921287178993e-01, -2.4313581287860870e+00, -1.6849818080663681e+00, 6.2858843058347702e-01, 8.9914524555206299e-01, 7.2448313236236572e-01, -3.2713359594345093e-01},
    {1.0265056788921356e+00, 3.9162385463714600e-01, -1.5389117598533630e-01, -7.4765971302986145e-01, 3.1080711632966995e-01, 1.2978751212358475e-01, -1.5896286070346832e+00, 1.5012880861759186e+00, 1.3553243875503540e+00, -1.5072846412658691e+00, 3.8257288932800293e-01, -2.3228368163108826e+00, -6.4074516296386719e-02, -2.1681845188140869e-02, 5.5145689845085144e-01, 1.3730202466249466e+00, 1.7025766372680664e+00, -2.2342976331710815e+00, -6.4355522394180298e-02, 2.6410210877656937e-01},
    {-2.4269183874130249e+00, 2.2873954176902771e+00, 1.2750776745378971e+00, 1.3083864748477936e-01, 1.4571964740753174e+00, -1.2745193541049957e+00, 1.4123674482107162e-01, 5.5137950181961060e-01, -1.5072846412658691e+00, -2.5857385993003845e-01, -2.1721686124801636e+00, -3.3223370313644409e+00, -8.1864581257104874e-01, -1.6470449157059193e+00, 6.1799198389053345e-02, -6.6988816857337952e-01, -1.0267231464385986e+00, 9.6930122375488281e-01, 8.7920883297920227e-01, 6.7607951909303665e-01},
    {-1.6474223136901855e-01, 8.2430160045623779e-01, -1.9684147834777832e-01, -2.1259086132049561e+00, 1.0364131331443787e+00, -6.1928829550743103e-01, -1.4679263003636152e+00, 6.1480793356895447e-01, 3.8257288932800293e-01, -2.1721686124801636e+00, 4.5535817146301270e+00, -2.1732157468795776e+00, -3.1627810001373291e-01, 1.7790533900260925e+00, -1.7045135200023651e+00, 1.1932521462440491e+00, -5.8594617247581482e-01, 8.9175850152969360e-01, -2.8222781419754028e-01, -3.3642535209655762e+00},
    {-1.4153709411621094e+00, -4.5999242365360260e-01, -1.8276548385620117e+00, -2.9696446657180786e-01, 1.2400540709495544e+00, 5.3016781806945801e-02, -1.1896812617778778e+00, 7.4964421987533569e-01, -2.3228368163108826e+00, -3.3223370313644409e+00, -2.1732157468795776e+00, 2.3295831680297852e-01, 6.8242651224136353e-01, 1.7979372749105096e+00, -2.7797183990478516e+00, -2.2058510780334473e+00, 9.4771730899810791e-01, -1.1297151446342468e+00, -2.7220222949981689e+00, -4.3757772445678711e-01},
    {-3.9797157049179077e-01, 2.6782896518707275e+00, -3.8706985116004944e-01, -9.2255102097988129e-01, -1.0463441610336304e+00, -1.4301273226737976e-01, 2.6335855722427368e+00, 1.7634791731834412e+00, -6.4074516296386719e-02, -8.1864581257104874e-01, -3.1627810001373291e-01, 6.8242651224136353e-01, 1.3609299659729004e+00, -1.1899686753749847e+00, 1.0158116221427917e+00, 1.6787959635257721e+00, -9.7032679617404938e-01, -1.1652145683765411e+00, -3.0379620790481567e+00, -2.0463904738426208e+00},
    {-1.8363482356071472e+00, 9.0388202667236328e-01, 1.3854464143514633e-01, 1.0902309864759445e+00, -2.8485152125358582e+00, -1.9890437722206116e+00, 1.7572967708110809e+00, -1.8276921287178993e-01, -2.1681845188140869e-02, -1.6470449157059193e+00, 1.7790533900260925e+00, 1.7979372749105096e+00, -1.1899686753749847e+00, 3.6546033620834351e-01, -8.2806503772735596e-01, 4.6203153580427170e-01, -1.7701088190078735e+00, 6.9985066726803780e-01, 1.3859458565711975e+00, -8.6517597734928131e-01},
    {-1.2478390932083130e+00, 1.3353546857833862e+00, 4.9498343467712402e-01, 4.3912779539823532e-01, 1.9349494278430939e+00, 1.9810507893562317e+00, -7.6704430580139160e-01, -2.4313581287860870e+00, 5.5145689845085144e-01, 6.1799198389053345e-02, -1.7045135200023651e+00, -2.7797183990478516e+00, 1.0158116221427917e+00, -8.2806503772735596e-01, 1.8995705842971802e+00, 1.3809025445953012e+00, 4.6444511413574219e-01, -9.9660634994506836e-01, 1.0141018331050873e+00, -9.9795629642903805e-01},
    {-1.2932074368000031e+00, 1.3497180342674255e+00, 1.6108535230159760e-01, -8.9783690869808197e-02, -1.5327889621257782e+00, 6.0987979173660278e-01, 1.3234101422131062e+00, -1.6849818080663681e+00, 1.3730202466249466e+00, -6.6988816857337952e-01, 1.1932521462440491e+00, -2.2058510780334473e+00, 1.6787959635257721e+00, 4.6203153580427170e-01, 1.3809025445953012e+00, -1.1743409633636475e+00, 2.4590767167392187e+00, -3.4846253506839275e-01, -8.0265440046787262e-01, -1.3035328388214111e+00},
    {9.3051686231046915e-01, 6.5959075093269348e-01, 1.5583500266075134e+00, 2.0604776218533516e-01, -1.0523591637611389e+00, -1.6633361577987671e-01, 1.8538159728050232e+00, 6.2858843058347702e-01, 1.7025766372680664e+00, -1.0267231464385986e+00, -5.8594617247581482e-01, 9.4771730899810791e-01, -9.7032679617404938e-01, -1.7701088190078735e+00, 4.6444511413574219e-01, 2.4590767167392187e+00, -1.5069612264633179e+00, -6.3796451687812805e-01, 3.4962224960327148e-01, 1.9149381220340729e+00},
    {8.9830965921282768e-01, -1.9511282444000244e+00, 1.6064167320728302e+00, 1.0282135009765625e-01, -1.1731600537896156e+00, 2.7987194061279297e+00, -1.0640826225280762e+00, 8.9914524555206299e-01, -2.2342976331710815e+00, 9.6930122375488281e-01, 8.9175850152969360e-01, -1.1297151446342468e+00, -1.1652145683765411e+00, 6.9985066726803780e-01, -9.9660634994506836e-01, -3.4846253506839275e-01, -6.3796451687812805e-01, 3.0410930514335632e-01, 8.5964757204055786e-01, -2.5283798575401306e-01},
    {4.7612845897674561e-02, -2.0733502507209778e-01, 7.0420387387275696e-01, -8.5903447866439819e-01, -6.2829190492630005e-01, 1.6392540931701660e+00, -1.3073801994323730e-02, 7.2448313236236572e-01, -6.4355522394180298e-02, 8.7920883297920227e-01, -2.8222781419754028e-01, -2.7220222949981689e+00, -3.0379620790481567e+00, 1.3859458565711975e+00, 1.0141018331050873e+00, -8.0265440046787262e-01, 3.4962224960327148e-01, 8.5964757204055786e-01, -6.4752109348773956e-02, 1.2100783586502075e+00},
    {-3.6497712135314941e-03, -1.9072136282920837e+00, -2.5398540496826172e-01, -1.2063888013362885e+00, 2.8401013612747192e+00, 1.4329361915588379e-01, 4.7457688674330711e-01, -3.2713359594345093e-01, 2.6410210877656937e-01, 6.7607951909303665e-01, -3.3642535209655762e+00, -4.3757772445678711e-01, -2.0463904738426208e+00, -8.6517597734928131e-01, -9.9795629642903805e-01, -1.3035328388214111e+00, 1.9149381220340729e+00, -2.5283798575401306e-01, 1.2100783586502075e+00, 1.8749170303344727e+00}
}}};

static constexpr auto result = eigvals(mat);

int main() { return 0; }
