#include "../../consteig.hpp"

using namespace consteig;

static constexpr Matrix<double, 4, 4> mat
{{{
    {9.9999999999999967e-01, -1.7117390111299588e-16, -4.9995801345377342e-18, -3.2665150632812207e-17},
    {-1.7117390111299588e-16, 9.9999999999999989e-01, -7.4229091419529614e-17, -1.8775758891960131e-16},
    {-4.9995801345377342e-18, -7.4229091419529614e-17, 1.0000000000000000e+00, -8.0716600185261461e-17},
    {-3.2665150632812207e-17, -1.8775758891960131e-16, -8.0716600185261461e-17, 1.0000000000000002e+00}
}}};

static constexpr auto result = eigvals(mat);

int main() { return 0; }
