#include "../../consteig.hpp"

using namespace consteig;

static constexpr Matrix<double, 10, 10> mat
{{{
    {-2.4863798618316650e+00, 1.3205773830413818e+00, -3.7229120731353760e-02, -1.7240480482578278e+00, -2.1669617295265198e-01, -1.0185354351997375e+00, -1.2224239110946655e-01, 2.4685783311724663e-01, 7.1641033887863159e-01, 1.5593868494033813e-01},
    {1.3205773830413818e+00, 3.4925767779350281e-01, 2.4100562334060669e+00, 1.3463199138641357e-02, 9.1067194938659668e-02, 2.0353202223777771e+00, -5.1228797435760498e-01, -5.6904017925262451e-01, -1.0039874017238617e+00, 7.5961938500404358e-01},
    {-3.7229120731353760e-02, 2.4100562334060669e+00, 1.7215896844863892e+00, 2.5019727684557438e+00, 2.1617833822965622e+00, -1.0751120448112488e+00, 2.6425940394401550e+00, -1.5572318434715271e+00, 2.8312328457832336e-01, -2.5184649229049683e-01},
    {-1.7240480482578278e+00, 1.3463199138641357e-02, 2.5019727684557438e+00, 1.1479144096374512e+00, -5.6373703479766846e-01, -1.8144477903842926e-01, -2.5323460102081299e+00, -1.5728401541709900e+00, -1.5097724199295044e+00, 3.7860058546066284e+00},
    {-2.1669617295265198e-01, 9.1067194938659668e-02, 2.1617833822965622e+00, -5.6373703479766846e-01, 5.8203083276748657e-01, -6.9320113956928253e-01, 1.2761049270629883e+00, 2.5708066821098328e+00, 7.7698349952697754e-02, 1.4868021011352539e-02},
    {-1.0185354351997375e+00, 2.0353202223777771e+00, -1.0751120448112488e+00, -1.8144477903842926e-01, -6.9320113956928253e-01, -7.6230663061141968e-01, -3.2042649388313293e-01, -9.2691603302955627e-01, 5.9026932716369629e-01, 1.0803915746510029e+00},
    {-1.2224239110946655e-01, -5.1228797435760498e-01, 2.6425940394401550e+00, -2.5323460102081299e+00, 1.2761049270629883e+00, -3.2042649388313293e-01, -2.6831939220428467e+00, -5.4428394138813019e-01, 5.5136752128601074e-01, 1.6816255450248718e+00},
    {2.4685783311724663e-01, -5.6904017925262451e-01, -1.5572318434715271e+00, -1.5728401541709900e+00, 2.5708066821098328e+00, -9.2691603302955627e-01, -5.4428394138813019e-01, 7.1051526069641113e-01, 7.6924389600753784e-01, 2.4771678745746613e+00},
    {7.1641033887863159e-01, -1.0039874017238617e+00, 2.8312328457832336e-01, -1.5097724199295044e+00, 7.7698349952697754e-02, 5.9026932716369629e-01, 5.5136752128601074e-01, 7.6924389600753784e-01, -4.6502625942230225e-01, -2.3613989353179932e-02},
    {1.5593868494033813e-01, 7.5961938500404358e-01, -2.5184649229049683e-01, 3.7860058546066284e+00, 1.4868021011352539e-02, 1.0803915746510029e+00, 1.6816255450248718e+00, 2.4771678745746613e+00, -2.3613989353179932e-02, 1.1803069710731506e-01}
}}};

static constexpr auto result = eigvals(mat);

int main() { return 0; }
