#include "../../consteig.hpp"

using namespace consteig;

static constexpr Matrix<double, 18, 18> mat
{{{
    {-5.9945541620254517e-01, 2.0144331455230713e+00, -1.3668394470587373e+00, 8.2259538769721985e-01, -1.2792126387357712e+00, 2.1040058135986328e-01, 1.2374926805496216e+00, -7.1890294551849365e-02, -9.9335730075836182e-02, -1.2204173505306244e+00, 2.6784498691558838e+00, 1.5293937623500824e+00, -2.6379848718643188e+00, -1.3717117905616760e+00, -5.2262264490127563e-01, 8.0945971608161926e-01, 7.6107800006866455e-01, 1.0663321837782860e+00},
    {2.0144331455230713e+00, -1.0671887397766113e+00, -2.1273158192634583e+00, -3.4016720056533813e+00, -8.1304865330457687e-01, -3.1861245632171631e-01, -1.0162116587162018e+00, 1.5614296197891235e+00, 2.2857321798801422e-01, -1.5686310678720474e+00, 1.0455530285835266e+00, -1.1893503144383430e+00, -2.3030475974082947e+00, 9.0198326110839844e-01, 2.4291121959686279e-01, 1.1576988697052002e+00, 4.7411021590232849e-01, 3.8392459154129028e+00},
    {-1.3668394470587373e+00, -2.1273158192634583e+00, 8.7792354822158813e-01, 1.3156944513320923e-01, 7.4665850400924683e-01, -8.8056341884657741e-01, 2.3641193807125092e+00, 6.7109373211860657e-01, -1.4400037825107574e+00, -1.8426331281661987e+00, -6.8364608287811279e-01, -8.9378698170185089e-01, -1.2869625166058540e+00, -4.9679678678512573e-01, -1.5721991062164307e+00, 2.2468632459640503e+00, 7.0052251219749451e-01, 8.7832240760326385e-01},
    {8.2259538769721985e-01, -3.4016720056533813e+00, 1.3156944513320923e-01, -1.6360795497894287e+00, -9.1777843236923218e-01, -3.8142511248588562e-01, 9.9559897184371948e-01, -2.6683813333511353e-01, 1.4821341633796692e+00, 1.7669642716646194e+00, 4.7993171215057373e-01, -5.0728097558021545e-01, -8.6497068405151367e-01, -7.5841486454010010e-01, 6.7918101698160172e-01, -2.9981584846973419e-01, 3.4226025640964508e-01, 1.2365323305130005e+00},
    {-1.2792126387357712e+00, -8.1304865330457687e-01, 7.4665850400924683e-01, -9.1777843236923218e-01, -4.3069367408752441e+00, 3.1423317193984985e+00, -3.5892516374588013e-02, -6.4830936491489410e-01, 1.9693489074707031e+00, 1.4396105855703354e+00, 4.5140888169407845e-01, -1.5881376266479492e+00, -3.5315845906734467e-01, 1.5095865055918694e+00, -1.0139825940132141e-01, 1.7899280190467834e+00, -1.1000508666038513e+00, 6.1311423778533936e-02},
    {2.1040058135986328e-01, -3.1861245632171631e-01, -8.8056341884657741e-01, -3.8142511248588562e-01, 3.1423317193984985e+00, 1.5875418186187744e+00, 1.3830311000347137e+00, 2.8729401826858521e+00, -7.4373686313629150e-01, -4.2050889879465103e-01, -1.9347029924392700e-01, -2.2948081418871880e-01, -1.5552717447280884e-01, -1.6000391542911530e+00, 1.3968576788902283e+00, 1.5727742314338684e+00, 4.8396389186382294e-01, 1.2266470193862915e+00},
    {1.2374926805496216e+00, -1.0162116587162018e+00, 2.3641193807125092e+00, 9.9559897184371948e-01, -3.5892516374588013e-02, 1.3830311000347137e+00, -3.9689235687255859e+00, 2.6181588172912598e+00, 1.1543485224246979e+00, -1.4347602725028992e+00, -7.4239741265773773e-01, 3.1301447749137878e-01, -1.0924307927489281e+00, -1.2894147634506226e+00, -3.1557190418243408e-01, 1.1153347492218018e+00, -5.6021989881992340e-01, -2.3050665259361267e+00},
    {-7.1890294551849365e-02, 1.5614296197891235e+00, 6.7109373211860657e-01, -2.6683813333511353e-01, -6.4830936491489410e-01, 2.8729401826858521e+00, 2.6181588172912598e+00, 5.5700936317443848e+00, 2.4864253774285316e-01, -3.4208391904830933e+00, -1.7375791072845459e-01, -2.6631535887718201e+00, -7.5814862549304962e-01, -7.8456325829029083e-01, 7.2596633434295654e-01, 6.7289739847183228e-01, -1.1804336160421371e+00, 1.8918854594230652e+00},
    {-9.9335730075836182e-02, 2.2857321798801422e-01, -1.4400037825107574e+00, 1.4821341633796692e+00, 1.9693489074707031e+00, -7.4373686313629150e-01, 1.1543485224246979e+00, 2.4864253774285316e-01, 1.5004808902740479e+00, -7.6233384013175964e-01, 9.1154031455516815e-01, -2.0013430714607239e+00, 1.5027194619178772e+00, 6.2971591949462891e-01, 3.5312411189079285e-01, -8.8830155134201050e-01, 1.0787568688392639e+00, -2.0266395807266235e-01},
    {-1.2204173505306244e+00, -1.5686310678720474e+00, -1.8426331281661987e+00, 1.7669642716646194e+00, 1.4396105855703354e+00, -4.2050889879465103e-01, -1.4347602725028992e+00, -3.4208391904830933e+00, -7.6233384013175964e-01, 3.0355455875396729e+00, 7.0731336250901222e-02, 1.9272687137126923e+00, 1.0569708645343781e+00, -8.6849732697010040e-01, 8.5613803798332810e-01, -1.4328517764806747e+00, -6.8704256415367126e-01, 1.9145637750625610e+00},
    {2.6784498691558838e+00, 1.0455530285835266e+00, -6.8364608287811279e-01, 4.7993171215057373e-01, 4.5140888169407845e-01, -1.9347029924392700e-01, -7.4239741265773773e-01, -1.7375791072845459e-01, 9.1154031455516815e-01, 7.0731336250901222e-02, 5.5866856575012207e+00, -1.5921922326087952e+00, 2.9978084564208984e-01, -1.2356020398437977e+00, -2.3281208276748657e+00, -1.5565432310104370e+00, -8.8067707419395447e-01, 3.4452021960169077e-01},
    {1.5293937623500824e+00, -1.1893503144383430e+00, -8.9378698170185089e-01, -5.0728097558021545e-01, -1.5881376266479492e+00, -2.2948081418871880e-01, 3.1301447749137878e-01, -2.6631535887718201e+00, -2.0013430714607239e+00, 1.9272687137126923e+00, -1.5921922326087952e+00, 2.6773741245269775e+00, -4.8643538355827332e-01, -6.8053768575191498e-01, -5.1003679633140564e-01, 2.3367180228233337e+00, 1.5344982743263245e+00, 7.1213390678167343e-01},
    {-2.6379848718643188e+00, -2.3030475974082947e+00, -1.2869625166058540e+00, -8.6497068405151367e-01, -3.5315845906734467e-01, -1.5552717447280884e-01, -1.0924307927489281e+00, -7.5814862549304962e-01, 1.5027194619178772e+00, 1.0569708645343781e+00, 2.9978084564208984e-01, -4.8643538355827332e-01, -9.8368591070175171e-01, 6.4532911777496338e-01, 1.3875015676021576e+00, 1.1741658672690392e-01, 3.0688233375549316e+00, -1.1666586399078369e+00},
    {-1.3717117905616760e+00, 9.0198326110839844e-01, -4.9679678678512573e-01, -7.5841486454010010e-01, 1.5095865055918694e+00, -1.6000391542911530e+00, -1.2894147634506226e+00, -7.8456325829029083e-01, 6.2971591949462891e-01, -8.6849732697010040e-01, -1.2356020398437977e+00, -6.8053768575191498e-01, 6.4532911777496338e-01, 5.9457457065582275e-01, -2.6685336232185364e-01, 1.0566784739494324e+00, -1.4943599402904510e+00, -1.8110104203224182e+00},
    {-5.2262264490127563e-01, 2.4291121959686279e-01, -1.5721991062164307e+00, 6.7918101698160172e-01, -1.0139825940132141e-01, 1.3968576788902283e+00, -3.1557190418243408e-01, 7.2596633434295654e-01, 3.5312411189079285e-01, 8.5613803798332810e-01, -2.3281208276748657e+00, -5.1003679633140564e-01, 1.3875015676021576e+00, -2.6685336232185364e-01, -1.3561633825302124e+00, 2.0264749526977539e+00, -2.7183327078819275e-01, 6.0433894395828247e-01},
    {8.0945971608161926e-01, 1.1576988697052002e+00, 2.2468632459640503e+00, -2.9981584846973419e-01, 1.7899280190467834e+00, 1.5727742314338684e+00, 1.1153347492218018e+00, 6.7289739847183228e-01, -8.8830155134201050e-01, -1.4328517764806747e+00, -1.5565432310104370e+00, 2.3367180228233337e+00, 1.1741658672690392e-01, 1.0566784739494324e+00, 2.0264749526977539e+00, -4.0508434176445007e-01, -4.7866395115852356e-01, 1.0157516002655029e+00},
    {7.6107800006866455e-01, 4.7411021590232849e-01, 7.0052251219749451e-01, 3.4226025640964508e-01, -1.1000508666038513e+00, 4.8396389186382294e-01, -5.6021989881992340e-01, -1.1804336160421371e+00, 1.0787568688392639e+00, -6.8704256415367126e-01, -8.8067707419395447e-01, 1.5344982743263245e+00, 3.0688233375549316e+00, -1.4943599402904510e+00, -2.7183327078819275e-01, -4.7866395115852356e-01, 2.5213274955749512e+00, 1.4702612161636353e-01},
    {1.0663321837782860e+00, 3.8392459154129028e+00, 8.7832240760326385e-01, 1.2365323305130005e+00, 6.1311423778533936e-02, 1.2266470193862915e+00, -2.3050665259361267e+00, 1.8918854594230652e+00, -2.0266395807266235e-01, 1.9145637750625610e+00, 3.4452021960169077e-01, 7.1213390678167343e-01, -1.1666586399078369e+00, -1.8110104203224182e+00, 6.0433894395828247e-01, 1.0157516002655029e+00, 1.4702612161636353e-01, -3.5772957801818848e+00}
}}};

static constexpr auto result = eigvals(mat);

int main() { return 0; }
