#include "../../consteig.hpp"

using namespace consteig;

static constexpr Matrix<double, 4, 4> mat
{{{
    {1.0000000000000002e+00, 3.5870574596328448e-17, -4.5544365134009120e-17, 8.2762071536649346e-17},
    {3.5870574596328448e-17, 9.9999999999999978e-01, -1.1276593360885262e-16, -1.8476309718645158e-17},
    {-4.5544365134009120e-17, -1.1276593360885262e-16, 1.0000000000000002e+00, 3.0741937767174527e-17},
    {8.2762071536649346e-17, -1.8476309718645158e-17, 3.0741937767174527e-17, 1.0000000000000000e+00}
}}};

static constexpr auto result = eigvals(mat);

int main() { return 0; }
