#include "../../consteig.hpp"

using namespace consteig;

static constexpr Matrix<double, 12, 12> mat
{{{
    {5.2732610702514648e-01, 9.0637463331222534e-01, -1.2837886810302734e+00, -1.8964360952377319e+00, -2.3565817475318909e+00, 3.1706972420215607e-01, 2.7058511078357697e+00, 1.1995677351951599e+00, -1.8323507308959961e+00, -2.6304070949554443e+00, 2.7715253829956055e+00, 1.2464630566537380e+00},
    {9.0637463331222534e-01, 1.7620891332626343e+00, -9.0616857632994652e-01, 1.2168253809213638e+00, -8.4446430206298828e-02, 6.8566203117370605e-01, 9.1654717922210693e-01, 7.3887908458709717e-01, -7.2958904772531241e-01, -2.2063164412975311e-01, -1.5689114183187485e+00, -1.4016179367899895e+00},
    {-1.2837886810302734e+00, -9.0616857632994652e-01, -2.4322752952575684e+00, 1.4053305387496948e+00, -1.5828333422541618e-01, -8.5681974887847900e-01, -1.6871630549430847e+00, -1.4524399936199188e+00, -2.2326779365539551e+00, -6.3930237293243408e-01, -2.2167751062661409e+00, 4.0608751773834229e-01},
    {-1.8964360952377319e+00, 1.2168253809213638e+00, 1.4053305387496948e+00, -5.6429648399353027e-01, 2.6535381078720093e+00, 1.8196753785014153e+00, -2.1733552347868681e+00, 8.7530174106359482e-01, 8.1008218228816986e-02, -6.7798663675785065e-01, -1.3769335150718689e+00, 1.7608388066291809e+00},
    {-2.3565817475318909e+00, -8.4446430206298828e-02, -1.5828333422541618e-01, 2.6535381078720093e+00, 2.5172114372253418e-01, -4.2043209671974182e+00, -4.1719017922878265e-01, 3.4205898642539978e-01, -1.4250211715698242e+00, -1.0766066070646048e+00, 2.7822852134704590e-03, 3.1128406524658203e-02},
    {3.1706972420215607e-01, 6.8566203117370605e-01, -8.5681974887847900e-01, 1.8196753785014153e+00, -4.2043209671974182e+00, 2.0386526584625244e+00, 1.3999849325045943e+00, -5.3408640623092651e-01, -4.1766488179564476e-01, 1.7253955602645874e+00, -1.2170217037200928e+00, -1.3918694853782654e-01},
    {2.7058511078357697e+00, 9.1654717922210693e-01, -1.6871630549430847e+00, -2.1733552347868681e+00, -4.1719017922878265e-01, 1.3999849325045943e+00, 2.5502696037292480e+00, -7.1663519740104675e-01, 2.1455780295655131e+00, -7.8263470530509949e-01, -1.7981282472610474e+00, -6.8685517460107803e-01},
    {1.1995677351951599e+00, 7.3887908458709717e-01, -1.4524399936199188e+00, 8.7530174106359482e-01, 3.4205898642539978e-01, -5.3408640623092651e-01, -7.1663519740104675e-01, 1.2756509780883789e+00, -1.3209840655326843e+00, -7.3775398731231689e-01, -1.1112614274024963e+00, -4.4924506545066833e-01},
    {-1.8323507308959961e+00, -7.2958904772531241e-01, -2.2326779365539551e+00, 8.1008218228816986e-02, -1.4250211715698242e+00, -4.1766488179564476e-01, 2.1455780295655131e+00, -1.3209840655326843e+00, -1.5140608549118042e+00, 1.3232517242431641e-01, -4.4190680980682373e-01, -3.1172221899032593e-01},
    {-2.6304070949554443e+00, -2.2063164412975311e-01, -6.3930237293243408e-01, -6.7798663675785065e-01, -1.0766066070646048e+00, 1.7253955602645874e+00, -7.8263470530509949e-01, -7.3775398731231689e-01, 1.3232517242431641e-01, 8.4019446372985840e-01, 1.2791106104850769e-01, 9.2942079901695251e-01},
    {2.7715253829956055e+00, -1.5689114183187485e+00, -2.2167751062661409e+00, -1.3769335150718689e+00, 2.7822852134704590e-03, -1.2170217037200928e+00, -1.7981282472610474e+00, -1.1112614274024963e+00, -4.4190680980682373e-01, 1.2791106104850769e-01, -2.5255470275878906e+00, 1.1505033969879150e+00},
    {1.2464630566537380e+00, -1.4016179367899895e+00, 4.0608751773834229e-01, 1.7608388066291809e+00, 3.1128406524658203e-02, -1.3918694853782654e-01, -6.8685517460107803e-01, -4.4924506545066833e-01, -3.1172221899032593e-01, 9.2942079901695251e-01, 1.1505033969879150e+00, 2.3984566330909729e-01}
}}};

static constexpr auto result = eigvals(mat);

int main() { return 0; }
