#include "../../consteig.hpp"

using namespace consteig;

static constexpr Matrix<double, 18, 18> mat
{{{
    {1.0000000000000004e+00, -1.2877721560113421e-17, -2.5668496136111994e-16, -1.5701443633272780e-16, -3.4342448560027315e-17, -1.5119073034138527e-17, -3.0913616454773465e-17, 2.5212277637139690e-16, 8.7351532836582949e-17, 2.5517016344822691e-16, 4.2305794190946563e-17, 1.7207966212945306e-16, 1.8278747467745678e-16, 2.8259551359923394e-17, 1.2181554089959278e-16, 1.6384822830870839e-16, -3.6161124483803794e-17, 1.7233291292701223e-16},
    {-1.2877721560113421e-17, 9.9999999999999978e-01, -1.6763180100007493e-16, -1.4443141130898198e-16, -2.6909311882507161e-17, -4.7809741043087422e-17, -4.6873969113126194e-17, 1.6799149000786644e-16, -9.5113368785845708e-18, 3.3433774329434747e-18, -8.0573997330967129e-17, -7.7669131635322606e-17, -7.3585855831905616e-17, -3.8851312893952375e-17, -1.3259222219874685e-17, 1.6043000106616209e-17, 1.2036490341436296e-16, 9.6132899407870347e-17},
    {-2.5668496136111994e-16, -1.6763180100007493e-16, 9.9999999999999967e-01, 1.1650108143886545e-16, -6.5444546421017373e-18, 1.4708831845914954e-16, -2.3219614188850628e-17, 1.0444323858138752e-16, -6.6059364114405678e-17, -2.1796910159532104e-16, 1.7329744492198198e-17, -1.6018967019230084e-17, 2.1270014955510511e-16, 1.0238040748755144e-16, 1.1877117331904213e-17, -5.9474875161277428e-17, 1.2140880712177603e-16, 6.3408916526217996e-17},
    {-1.5701443633272780e-16, -1.4443141130898198e-16, 1.1650108143886545e-16, 1.0000000000000000e+00, 5.8323568684396998e-17, 2.4121375317131569e-16, 3.1272661301424785e-17, 1.4675554116551209e-16, -1.8464948465530629e-16, -3.2389030374530989e-17, 2.3163790522389365e-16, 2.0161995800308126e-17, 1.3368930844079265e-17, -5.3746821702870425e-17, -4.1944756016370015e-17, -7.1286692035098371e-17, 6.2815687785775294e-17, -1.1050112975232631e-16},
    {-3.4342448560027315e-17, -2.6909311882507161e-17, -6.5444546421017373e-18, 5.8323568684396998e-17, 1.0000000000000000e+00, 1.3825651199223231e-16, -5.3518457407733552e-17, 7.3671194124439291e-17, 2.3163631444221625e-17, 1.7969033869742785e-16, 6.8450335492427028e-17, 1.0244342757899845e-17, 4.3357602935492589e-17, 7.5755747956562705e-18, 3.7739222483158623e-17, 1.1157219505765529e-16, 1.1462371188422509e-16, -2.4523914639565736e-17},
    {-1.5119073034138527e-17, -4.7809741043087422e-17, 1.4708831845914954e-16, 2.4121375317131569e-16, 1.3825651199223231e-16, 1.0000000000000007e+00, 2.1799946945004082e-17, 5.5321374048614474e-17, 1.6007902308402085e-16, 1.2577922367560787e-17, 1.9287495783365378e-16, -3.5613454316334265e-18, 7.0067106731306497e-17, 5.0307647198833358e-17, 1.8049338388778717e-18, 1.3351714761575098e-16, 1.1620080796122882e-16, -1.0402203022419392e-16},
    {-3.0913616454773465e-17, -4.6873969113126194e-17, -2.3219614188850628e-17, 3.1272661301424785e-17, -5.3518457407733552e-17, 2.1799946945004082e-17, 9.9999999999999989e-01, -3.7274726485468447e-17, -7.3530724616072517e-17, -8.2241139178458348e-17, 1.1447820934990844e-17, -8.6190104896598240e-17, 1.7961110282515388e-17, 5.7796000830585783e-17, 2.5573602020747535e-17, -8.2683537886774852e-17, 2.5037477453404566e-17, -8.7734799622038087e-17},
    {2.5212277637139690e-16, 1.6799149000786644e-16, 1.0444323858138752e-16, 1.4675554116551209e-16, 7.3671194124439291e-17, 5.5321374048614474e-17, -3.7274726485468447e-17, 1.0000000000000002e+00, -7.6746076103750741e-17, 2.6568402402568310e-16, 1.4966305546250249e-16, 1.9746374629629211e-16, -2.1220117402790895e-17, -2.3508074810236613e-17, 1.0401309109416196e-16, -5.4110200371094783e-17, -4.9208191972522037e-17, 1.6673676885833172e-16},
    {8.7351532836582949e-17, -9.5113368785845708e-18, -6.6059364114405678e-17, -1.8464948465530629e-16, 2.3163631444221625e-17, 1.6007902308402085e-16, -7.3530724616072517e-17, -7.6746076103750741e-17, 1.0000000000000002e+00, 7.2742168988161228e-17, -4.9272533910469651e-17, -1.0196193922884244e-16, 1.6181418831668015e-16, 4.1457573784525723e-17, -5.1390489630981444e-17, 1.3121776326998524e-16, 1.6220920675730094e-18, -2.6492326698941025e-17},
    {2.5517016344822691e-16, 3.3433774329434747e-18, -2.1796910159532104e-16, -3.2389030374530989e-17, 1.7969033869742785e-16, 1.2577922367560787e-17, -8.2241139178458348e-17, 2.6568402402568310e-16, 7.2742168988161228e-17, 1.0000000000000002e+00, -9.7507495341030339e-17, 2.8928689654060307e-16, 1.4834083866993067e-16, 1.5891498609321783e-16, 2.2051872093789198e-16, 1.7490086469945788e-16, -2.7899410432159873e-17, 2.3238180533919886e-16},
    {4.2305794190946563e-17, -8.0573997330967129e-17, 1.7329744492198198e-17, 2.3163790522389365e-16, 6.8450335492427028e-17, 1.9287495783365378e-16, 1.1447820934990844e-17, 1.4966305546250249e-16, -4.9272533910469651e-17, -9.7507495341030339e-17, 1.0000000000000002e+00, -4.0732453744075507e-17, -2.5975879811227056e-17, -1.4664571204016534e-17, -1.5145212310975454e-16, -1.2276338043983660e-16, 1.3934754589805391e-16, 4.7214989877516626e-17},
    {1.7207966212945306e-16, -7.7669131635322606e-17, -1.6018967019230084e-17, 2.0161995800308126e-17, 1.0244342757899845e-17, -3.5613454316334265e-18, -8.6190104896598240e-17, 1.9746374629629211e-16, -1.0196193922884244e-16, 2.8928689654060307e-16, -4.0732453744075507e-17, 1.0000000000000000e+00, 1.0059189088991080e-16, 1.8503646477177712e-17, 1.7414557495441366e-16, 7.6763622936375373e-17, 8.9376287271981050e-17, 2.0850628580076177e-16},
    {1.8278747467745678e-16, -7.3585855831905616e-17, 2.1270014955510511e-16, 1.3368930844079265e-17, 4.3357602935492589e-17, 7.0067106731306497e-17, 1.7961110282515388e-17, -2.1220117402790895e-17, 1.6181418831668015e-16, 1.4834083866993067e-16, -2.5975879811227056e-17, 1.0059189088991080e-16, 1.0000000000000000e+00, 4.0577251931624553e-17, 1.3911182123420713e-16, 3.0215051444335882e-17, 1.7059621426314154e-16, 9.6869888878098911e-17},
    {2.8259551359923394e-17, -3.8851312893952375e-17, 1.0238040748755144e-16, -5.3746821702870425e-17, 7.5755747956562705e-18, 5.0307647198833358e-17, 5.7796000830585783e-17, -2.3508074810236613e-17, 4.1457573784525723e-17, 1.5891498609321783e-16, -1.4664571204016534e-17, 1.8503646477177712e-17, 4.0577251931624553e-17, 9.9999999999999978e-01, 6.1616019567605264e-17, 1.3487190219891429e-16, 1.3017675951087068e-18, -7.8924127329123636e-17},
    {1.2181554089959278e-16, -1.3259222219874685e-17, 1.1877117331904213e-17, -4.1944756016370015e-17, 3.7739222483158623e-17, 1.8049338388778717e-18, 2.5573602020747535e-17, 1.0401309109416196e-16, -5.1390489630981444e-17, 2.2051872093789198e-16, -1.5145212310975454e-16, 1.7414557495441366e-16, 1.3911182123420713e-16, 6.1616019567605264e-17, 1.0000000000000000e+00, 4.1685143917232464e-17, 1.2121683413382671e-16, 4.3253520164796791e-17},
    {1.6384822830870839e-16, 1.6043000106616209e-17, -5.9474875161277428e-17, -7.1286692035098371e-17, 1.1157219505765529e-16, 1.3351714761575098e-16, -8.2683537886774852e-17, -5.4110200371094783e-17, 1.3121776326998524e-16, 1.7490086469945788e-16, -1.2276338043983660e-16, 7.6763622936375373e-17, 3.0215051444335882e-17, 1.3487190219891429e-16, 4.1685143917232464e-17, 1.0000000000000004e+00, 1.2422002463003458e-16, -2.1445092315489207e-17},
    {-3.6161124483803794e-17, 1.2036490341436296e-16, 1.2140880712177603e-16, 6.2815687785775294e-17, 1.1462371188422509e-16, 1.1620080796122882e-16, 2.5037477453404566e-17, -4.9208191972522037e-17, 1.6220920675730094e-18, -2.7899410432159873e-17, 1.3934754589805391e-16, 8.9376287271981050e-17, 1.7059621426314154e-16, 1.3017675951087068e-18, 1.2121683413382671e-16, 1.2422002463003458e-16, 1.0000000000000000e+00, -6.3860001377500498e-18},
    {1.7233291292701223e-16, 9.6132899407870347e-17, 6.3408916526217996e-17, -1.1050112975232631e-16, -2.4523914639565736e-17, -1.0402203022419392e-16, -8.7734799622038087e-17, 1.6673676885833172e-16, -2.6492326698941025e-17, 2.3238180533919886e-16, 4.7214989877516626e-17, 2.0850628580076177e-16, 9.6869888878098911e-17, -7.8924127329123636e-17, 4.3253520164796791e-17, -2.1445092315489207e-17, -6.3860001377500498e-18, 9.9999999999999978e-01}
}}};

static constexpr auto result = eigvals(mat);

int main() { return 0; }
