#include "../../consteig.hpp"

using namespace consteig;

static constexpr Matrix<double, 18, 18> mat
{{{
    {-8.9546132087707520e-01, 7.7118784189224243e-01, -2.9229018837213516e-02, -2.5163559913635254e+00, 3.5910579562187195e-01, -2.1335849165916443e-01, -1.1651698350906372e+00, 6.6566723585128784e-01, 7.5659549236297607e-01, 5.2551442384719849e-01, 1.6498456001281738e+00, -2.8614237308502197e+00, -1.0206134282052517e+00, -2.6736533045768738e+00, 1.6066107153892517e-01, 1.2164577841758728e+00, -1.5676676034927368e+00, 3.7545295953750610e+00},
    {-4.9919715523719788e-01, -1.9451652765274048e+00, -1.4246400594711304e+00, 9.7695964574813843e-01, -4.9143889546394348e-01, 4.3532099574804306e-02, 1.3431988954544067e+00, -5.7958611287176609e-03, 2.9797494411468506e+00, 1.6498456001281738e+00, -4.4309175014495850e-01, -2.1053624525666237e-01, 1.0138465166091919e+00, -1.7822989225387573e+00, 1.3377936482429504e+00, 7.0569881796836853e-01, -5.6192811578512192e-01, -6.2038320302963257e-01},
    {1.1394809484481812e+00, -9.5519018173217773e-01, -6.5321356058120728e-01, 7.6875708997249603e-02, 2.9869526624679565e-01, -7.4991452693939209e-01, -4.8327159881591797e-01, -4.7858363389968872e-01, -1.1858846247196198e-01, -2.8614237308502197e+00, -2.1053624525666237e-01, 2.4448020458221436e+00, 4.8178189992904663e-01, -1.1665668804198503e+00, 2.2113099098205566e+00, -1.7957854270935059e-01, 2.6196486651897430e+00, 6.6823691129684448e-02},
    {5.8847367763519287e-01, -7.3226416110992432e-01, 5.0819867849349976e-01, -4.5618808269500732e-01, -4.6314206719398499e-01, 4.9218067526817322e-01, -1.3258605003356934e+00, -1.3769408464431763e+00, 1.0052101612091064e+00, -1.0206134282052517e+00, 1.0138465166091919e+00, 4.8178189992904663e-01, -2.2662425041198730e+00, -4.0431278944015503e-01, -1.4883134365081787e+00, 2.6028543710708618e-01, 1.4958557486534119e+00, -3.0548861622810364e-01},
    {-1.3302950859069824e+00, 1.9652869701385498e+00, -5.7755112648010254e-01, -1.1485549211502075e+00, 1.4801113307476044e-01, -2.4142620563507080e+00, -3.8223305344581604e-01, 1.9991149902343750e+00, -8.9895796775817871e-01, -2.6736533045768738e+00, -1.7822989225387573e+00, -1.1665668804198503e+00, -4.0431278944015503e-01, -1.0989212989807129e+00, 9.1071712970733643e-01, 6.8948692083358765e-01, -1.7898787856101990e+00, 5.8499339222908020e-01},
    {6.1583042144775391e-01, 2.4918247759342194e-01, -1.9241535663604736e-01, 2.1524734795093536e-01, -1.1781711876392365e-01, 5.3586345911026001e-01, 4.7752279043197632e-01, 9.4048038125038147e-02, -1.1821810007095337e+00, 1.6066107153892517e-01, 1.3377936482429504e+00, 2.2113099098205566e+00, -1.4883134365081787e+00, 9.1071712970733643e-01, -4.8528826236724854e-01, 1.5244497495004907e+00, -9.2468604445457458e-01, -2.0149247646331787e+00},
    {8.6156898736953735e-01, -2.6757009029388428e+00, -5.0471943616867065e-01, -1.7549881339073181e-01, 2.1730520725250244e+00, 6.8111622333526611e-01, 2.8478163480758667e-01, 8.2665026187896729e-01, -1.7925168275833130e+00, 1.2164577841758728e+00, 7.0569881796836853e-01, -1.7957854270935059e-01, 2.6028543710708618e-01, 6.8948692083358765e-01, 1.5244497495004907e+00, -1.7567850649356842e-01, -3.8785785436630249e-01, -2.9464447498321533e-01},
    {1.8758385181427002e+00, 5.4623693227767944e-01, 2.0590291023254395e+00, 1.1219431161880493e+00, 4.3126016855239868e-01, 7.6527610421180725e-02, 2.2924036979675293e+00, 1.5233314037322998e+00, -1.0167925357818604e+00, -1.5676676034927368e+00, -5.6192811578512192e-01, 2.6196486651897430e+00, 1.4958557486534119e+00, -1.7898787856101990e+00, -9.2468604445457458e-01, -3.8785785436630249e-01, -1.0139446258544922e+00, 1.2910107374191284e+00},
    {-1.0573465824127197e+00, 1.6169253587722778e+00, 4.7512841224670410e-01, -6.2994819879531860e-01, -8.4401285648345947e-01, 7.0934998989105225e-01, -1.2164261341094971e+00, 1.4612334966659546e-01, -1.2694074213504791e-01, 3.7545295953750610e+00, -6.2038320302963257e-01, 6.6823691129684448e-02, -3.0548861622810364e-01, 5.8499339222908020e-01, -2.0149247646331787e+00, -2.9464447498321533e-01, 1.2910107374191284e+00, -2.4023900032043457e+00},
    {3.3345460891723633e-01, 1.4456566572189331e+00, -9.0355598926544189e-01, -1.5237773656845093e+00, -1.4368404448032379e-01, -2.2323958277702332e+00, 1.5806726813316345e+00, 1.0743145346641541e+00, -1.7260853499174118e+00, 8.9546132087707520e-01, 4.9919715523719788e-01, -1.1394809484481812e+00, -5.8847367763519287e-01, 1.3302950859069824e+00, -6.1583042144775391e-01, -8.6156898736953735e-01, -1.8758385181427002e+00, 1.0573465824127197e+00},
    {1.4456566572189331e+00, -5.2138155698776245e-01, -6.6807644069194794e-01, -1.2575994729995728e+00, 5.0149267911911011e-01, 2.4169342219829559e-01, 1.0745723843574524e+00, -1.8495893478393555e+00, -4.9041664600372314e-01, -7.7118784189224243e-01, 1.9451652765274048e+00, 9.5519018173217773e-01, 7.3226416110992432e-01, -1.9652869701385498e+00, -2.4918247759342194e-01, 2.6757009029388428e+00, -5.4623693227767944e-01, -1.6169253587722778e+00},
    {-9.0355598926544189e-01, -6.6807644069194794e-01, 2.0488712787628174e+00, 2.6788863539695740e-01, -4.4842612743377686e-01, 1.7055928707122803e-01, -7.9072966426610947e-01, -2.3325641155242920e+00, 1.8791958689689636e-02, 2.9229018837213516e-02, 1.4246400594711304e+00, 6.5321356058120728e-01, -5.0819867849349976e-01, 5.7755112648010254e-01, 1.9241535663604736e-01, 5.0471943616867065e-01, -2.0590291023254395e+00, -4.7512841224670410e-01},
    {-1.5237773656845093e+00, -1.2575994729995728e+00, 2.6788863539695740e-01, 5.0574147701263428e-01, 1.7524667605757713e+00, 1.7197411060333252e+00, 9.6167397499084473e-01, -1.5506927371025085e+00, 4.1454898007214069e-01, 2.5163559913635254e+00, -9.7695964574813843e-01, -7.6875708997249603e-02, 4.5618808269500732e-01, 1.1485549211502075e+00, -2.1524734795093536e-01, 1.7549881339073181e-01, -1.1219431161880493e+00, 6.2994819879531860e-01},
    {-1.4368404448032379e-01, 5.0149267911911011e-01, -4.4842612743377686e-01, 1.7524667605757713e+00, -3.9616332054138184e+00, -3.8357791304588318e-01, -2.7126753330230713e-01, -1.2888911366462708e+00, -1.7097367644309998e+00, -3.5910579562187195e-01, 4.9143889546394348e-01, -2.9869526624679565e-01, 4.6314206719398499e-01, -1.4801113307476044e-01, 1.1781711876392365e-01, -2.1730520725250244e+00, -4.3126016855239868e-01, 8.4401285648345947e-01},
    {-2.2323958277702332e+00, 2.4169342219829559e-01, 1.7055928707122803e-01, 1.7197411060333252e+00, -3.8357791304588318e-01, -5.9222717285156250e+00, 1.7580029964447021e+00, -9.0575410425662994e-01, 8.3539128303527832e-02, 2.1335849165916443e-01, -4.3532099574804306e-02, 7.4991452693939209e-01, -4.9218067526817322e-01, 2.4142620563507080e+00, -5.3586345911026001e-01, -6.8111622333526611e-01, -7.6527610421180725e-02, -7.0934998989105225e-01},
    {1.5806726813316345e+00, 1.0745723843574524e+00, -7.9072966426610947e-01, 9.6167397499084473e-01, -2.7126753330230713e-01, 1.7580029964447021e+00, 1.2850365638732910e+00, 4.9043014273047447e-01, -1.4689365625381470e+00, 1.1651698350906372e+00, -1.3431988954544067e+00, 4.8327159881591797e-01, 1.3258605003356934e+00, 3.8223305344581604e-01, -4.7752279043197632e-01, -2.8478163480758667e-01, -2.2924036979675293e+00, 1.2164261341094971e+00},
    {1.0743145346641541e+00, -1.8495893478393555e+00, -2.3325641155242920e+00, -1.5506927371025085e+00, -1.2888911366462708e+00, -9.0575410425662994e-01, 4.9043014273047447e-01, 2.2016837596893311e+00, 1.7047089040279388e+00, -6.6566723585128784e-01, 5.7958611287176609e-03, 4.7858363389968872e-01, 1.3769408464431763e+00, -1.9991149902343750e+00, -9.4048038125038147e-02, -8.2665026187896729e-01, -1.5233314037322998e+00, -1.4612334966659546e-01},
    {-1.7260853499174118e+00, -4.9041664600372314e-01, 1.8791958689689636e-02, 4.1454898007214069e-01, -1.7097367644309998e+00, 8.3539128303527832e-02, -1.4689365625381470e+00, 1.7047089040279388e+00, -2.1301212906837463e-01, -7.5659549236297607e-01, -2.9797494411468506e+00, 1.1858846247196198e-01, -1.0052101612091064e+00, 8.9895796775817871e-01, 1.1821810007095337e+00, 1.7925168275833130e+00, 1.0167925357818604e+00, 1.2694074213504791e-01}
}}};

static constexpr auto result = eigvals(mat);

int main() { return 0; }
