#include "../../consteig.hpp"

using namespace consteig;

static constexpr Matrix<double, 20, 20> mat
{{{
    {5.6314015388488770e-01, 1.2537415623664856e+00, 2.7917237877845764e+00, 1.0092619955539703e+00, -7.9231232404708862e-01, -6.8511736392974854e-01, 8.1691771745681763e-02, 2.5068694353103638e-01, -1.8065341189503670e+00, -1.1756508350372314e+00, 2.0401592664420605e+00, -7.9831576347351074e-01, 1.7775791883468628e-01, -5.6658001244068146e-01, -1.6648492813110352e+00, -9.9135358631610870e-01, 1.7708091065287590e+00, -1.1939964890480042e+00, -2.7647649049758911e+00, -1.2580930590629578e+00},
    {1.2537415623664856e+00, 2.1093974113464355e+00, 3.8279516994953156e-01, -1.7456499114632607e+00, -7.4508799612522125e-01, -8.1784082204103470e-01, -2.8017469123005867e-01, 1.4223483502864838e+00, -6.9168369472026825e-01, -1.3506226986646652e-01, -2.1806584596633911e+00, 2.3527157306671143e+00, 7.3782451357692480e-01, -8.4192758798599243e-01, 1.1894556283950806e+00, -3.3969092369079590e-01, -1.3759279251098633e-01, -4.0288016200065613e-02, 1.0557109117507935e-01, 1.5913563072681427e+00},
    {2.7917237877845764e+00, 3.8279516994953156e-01, 4.3100171089172363e+00, 1.2359896749258041e+00, 1.5900918543338776e+00, -4.4850289821624756e-01, 1.3371209204196930e+00, 1.4301500841975212e+00, -1.8153312802314758e+00, -1.0346334576606750e+00, -2.4611383676528931e-01, 1.7141574621200562e-01, 2.8337635751813650e-01, -1.1181157827377319e+00, 1.3323108851909637e+00, -8.6742743849754333e-01, 3.1625267863273621e+00, -3.1479630470275879e+00, -1.2843710780143738e+00, 1.4011028409004211e-01},
    {1.0092619955539703e+00, -1.7456499114632607e+00, 1.2359896749258041e+00, -1.6436336040496826e+00, -1.6249258518218994e+00, -6.0792505741119385e-02, -1.1941740065813065e+00, -6.4684507437050343e-01, 3.8195729255676270e-01, 3.2408785820007324e-01, -6.8190097808837891e-02, 1.3846052587032318e+00, 7.2637915611267090e-02, -2.6797357201576233e-01, 6.4738298021256924e-01, 1.3762766420841217e+00, -1.1851459443569183e+00, -6.2139570713043213e-01, -8.0618572235107422e-01, -2.9696971178054810e-01},
    {-7.9231232404708862e-01, -7.4508799612522125e-01, 1.5900918543338776e+00, -1.6249258518218994e+00, -7.3494762182235718e-02, 1.0221923589706421e+00, 9.7301489114761353e-01, -4.9187809228897095e-01, 1.9531145095825195e+00, -1.3247686251997948e+00, -1.4754838943481445e+00, -7.2279980778694153e-01, 6.5399041771888733e-01, -4.3616473674774170e-01, -4.6967551112174988e-01, -1.8134297728538513e+00, -1.3849452137947083e+00, -2.5812115669250488e+00, 1.8268382549285889e+00, 4.7377556562423706e-01},
    {-6.8511736392974854e-01, -8.1784082204103470e-01, -4.4850289821624756e-01, -6.0792505741119385e-02, 1.0221923589706421e+00, -1.6977212429046631e+00, -7.7280938625335693e-02, 2.0732795000076294e+00, 1.0400211215019226e+00, 2.4347779527306557e-01, -4.2176648974418640e-01, 2.6474956795573235e-01, 7.4500751495361328e-01, 3.2208931446075439e-01, -3.0486665070056915e+00, 1.4169335365295410e-01, -3.0451892614364624e+00, -6.6868513822555542e-01, 8.9831787347793579e-01, 2.1400139331817627e+00},
    {8.1691771745681763e-02, -2.8017469123005867e-01, 1.3371209204196930e+00, -1.1941740065813065e+00, 9.7301489114761353e-01, -7.7280938625335693e-02, -4.7712278366088867e+00, -1.1129215210676193e+00, -1.7258603721857071e+00, 3.2022148370742798e-01, -3.5140785574913025e-01, -5.5792218446731567e-01, -5.2957928180694580e-01, -1.0501289963722229e+00, -8.4163501858711243e-01, 6.2882442213594913e-01, -1.2586099207401276e+00, 2.2954076528549194e+00, 7.4027171730995178e-01, 2.2190496921539307e+00},
    {2.5068694353103638e-01, 1.4223483502864838e+00, 1.4301500841975212e+00, -6.4684507437050343e-01, -4.9187809228897095e-01, 2.0732795000076294e+00, -1.1129215210676193e+00, -3.7038958072662354e-01, -1.3923770189285278e+00, -1.4211962819099426e+00, -5.8451044000685215e-01, -6.2730911374092102e-01, -7.0564955472946167e-01, 1.9924927391111851e+00, -1.1170384287834167e+00, -6.8509298563003540e-01, -4.7882616519927979e-01, -3.7760519981384277e-01, -5.1116948127746582e+00, -9.5930814743041992e-02},
    {-1.8065341189503670e+00, -6.9168369472026825e-01, -1.8153312802314758e+00, 3.8195729255676270e-01, 1.9531145095825195e+00, 1.0400211215019226e+00, -1.7258603721857071e+00, -1.3923770189285278e+00, 5.8142971992492676e+00, 4.5369374752044678e-01, 2.5573308467864990e+00, 1.2749858722090721e+00, -3.1286606788635254e+00, 6.9105601310729980e-01, -6.7537254095077515e-01, -3.5865265130996704e-01, -1.5031597763299942e+00, -7.6419940590858459e-01, -3.2389360666275024e-01, -1.6609014272689819e+00},
    {-1.1756508350372314e+00, -1.3506226986646652e-01, -1.0346334576606750e+00, 3.2408785820007324e-01, -1.3247686251997948e+00, 2.4347779527306557e-01, 3.2022148370742798e-01, -1.4211962819099426e+00, 4.5369374752044678e-01, -1.3325773477554321e+00, 1.3291292190551758e+00, 1.1686112992465496e+00, 6.4752042293548584e-02, 9.4483840465545654e-01, -8.6020141839981079e-02, -1.7616322040557861e+00, -8.3940982818603516e-02, -1.5690771583467722e-01, -1.7075933516025543e+00, 9.5560225844383240e-01},
    {2.0401592664420605e+00, -2.1806584596633911e+00, -2.4611383676528931e-01, -6.8190097808837891e-02, -1.4754838943481445e+00, -4.2176648974418640e-01, -3.5140785574913025e-01, -5.8451044000685215e-01, 2.5573308467864990e+00, 1.3291292190551758e+00, -1.1196900606155396e+00, -1.4971423745155334e+00, 1.3136330544948578e+00, -2.0501660704612732e+00, 1.5749764442443848e-01, 3.5413110256195068e-01, 8.2459139823913574e-01, -2.4941142797470093e+00, -7.9795590043067932e-01, -1.0304993391036987e-01},
    {-7.9831576347351074e-01, 2.3527157306671143e+00, 1.7141574621200562e-01, 1.3846052587032318e+00, -7.2279980778694153e-01, 2.6474956795573235e-01, -5.5792218446731567e-01, -6.2730911374092102e-01, 1.2749858722090721e+00, 1.1686112992465496e+00, -1.4971423745155334e+00, 1.6181369125843048e-01, -7.0454925298690796e-01, 9.2379993200302124e-01, 5.8318796753883362e-01, -5.3871023654937744e-01, -5.8261346817016602e-01, -3.4403951466083527e-01, 2.4853719770908356e+00, 2.6839050650596619e-01},
    {1.7775791883468628e-01, 7.3782451357692480e-01, 2.8337635751813650e-01, 7.2637915611267090e-02, 6.5399041771888733e-01, 7.4500751495361328e-01, -5.2957928180694580e-01, -7.0564955472946167e-01, -3.1286606788635254e+00, 6.4752042293548584e-02, 1.3136330544948578e+00, -7.0454925298690796e-01, -4.0974834561347961e-01, -7.8281840682029724e-01, 2.4030637741088867e-01, 2.0760869979858398e+00, 1.1999385952949524e+00, 1.7904225587844849e+00, -3.1424947059713304e-01, 1.7019897699356079e+00},
    {-5.6658001244068146e-01, -8.4192758798599243e-01, -1.1181157827377319e+00, -2.6797357201576233e-01, -4.3616473674774170e-01, 3.2208931446075439e-01, -1.0501289963722229e+00, 1.9924927391111851e+00, 6.9105601310729980e-01, 9.4483840465545654e-01, -2.0501660704612732e+00, 9.2379993200302124e-01, -7.8281840682029724e-01, -1.4879060983657837e+00, 1.0236590206623077e+00, 1.2786671221256256e+00, 1.0806156545877457e+00, 1.5632539391517639e+00, 4.9670144915580750e-01, 1.0985726118087769e+00},
    {-1.6648492813110352e+00, 1.1894556283950806e+00, 1.3323108851909637e+00, 6.4738298021256924e-01, -4.6967551112174988e-01, -3.0486665070056915e+00, -8.4163501858711243e-01, -1.1170384287834167e+00, -6.7537254095077515e-01, -8.6020141839981079e-02, 1.5749764442443848e-01, 5.8318796753883362e-01, 2.4030637741088867e-01, 1.0236590206623077e+00, 2.5197122097015381e+00, -2.1492862105369568e+00, 1.0702054947614670e+00, -2.7672886848449707e-01, 1.7424694895744324e+00, 9.9201020598411560e-01},
    {-9.9135358631610870e-01, -3.3969092369079590e-01, -8.6742743849754333e-01, 1.3762766420841217e+00, -1.8134297728538513e+00, 1.4169335365295410e-01, 6.2882442213594913e-01, -6.8509298563003540e-01, -3.5865265130996704e-01, -1.7616322040557861e+00, 3.5413110256195068e-01, -5.3871023654937744e-01, 2.0760869979858398e+00, 1.2786671221256256e+00, -2.1492862105369568e+00, 1.7959280312061310e-01, 4.7669190168380737e-01, 1.7424890995025635e+00, -6.8212741613388062e-01, -9.9358274787664413e-01},
    {1.7708091065287590e+00, -1.3759279251098633e-01, 3.1625267863273621e+00, -1.1851459443569183e+00, -1.3849452137947083e+00, -3.0451892614364624e+00, -1.2586099207401276e+00, -4.7882616519927979e-01, -1.5031597763299942e+00, -8.3940982818603516e-02, 8.2459139823913574e-01, -5.8261346817016602e-01, 1.1999385952949524e+00, 1.0806156545877457e+00, 1.0702054947614670e+00, 4.7669190168380737e-01, 1.8540744483470917e-01, -1.7061441540718079e+00, 1.0081925615668297e+00, -8.8083353638648987e-01},
    {-1.1939964890480042e+00, -4.0288016200065613e-02, -3.1479630470275879e+00, -6.2139570713043213e-01, -2.5812115669250488e+00, -6.6868513822555542e-01, 2.2954076528549194e+00, -3.7760519981384277e-01, -7.6419940590858459e-01, -1.5690771583467722e-01, -2.4941142797470093e+00, -3.4403951466083527e-01, 1.7904225587844849e+00, 1.5632539391517639e+00, -2.7672886848449707e-01, 1.7424890995025635e+00, -1.7061441540718079e+00, 3.2832248210906982e+00, 3.3342641592025757e-01, -4.9694938212633133e-01},
    {-2.7647649049758911e+00, 1.0557109117507935e-01, -1.2843710780143738e+00, -8.0618572235107422e-01, 1.8268382549285889e+00, 8.9831787347793579e-01, 7.4027171730995178e-01, -5.1116948127746582e+00, -3.2389360666275024e-01, -1.7075933516025543e+00, -7.9795590043067932e-01, 2.4853719770908356e+00, -3.1424947059713304e-01, 4.9670144915580750e-01, 1.7424694895744324e+00, -6.8212741613388062e-01, 1.0081925615668297e+00, 3.3342641592025757e-01, -2.1520738601684570e+00, 7.2849300503730774e-01},
    {-1.2580930590629578e+00, 1.5913563072681427e+00, 1.4011028409004211e-01, -2.9696971178054810e-01, 4.7377556562423706e-01, 2.1400139331817627e+00, 2.2190496921539307e+00, -9.5930814743041992e-02, -1.6609014272689819e+00, 9.5560225844383240e-01, -1.0304993391036987e-01, 2.6839050650596619e-01, 1.7019897699356079e+00, 1.0985726118087769e+00, 9.9201020598411560e-01, -9.9358274787664413e-01, -8.8083353638648987e-01, -4.9694938212633133e-01, 7.2849300503730774e-01, -1.0664889812469482e+00}
}}};

static constexpr auto result = eigvals(mat);

int main() { return 0; }
