#include "../../consteig.hpp"

using namespace consteig;

static constexpr Matrix<double, 16, 16> mat
{{{
    {1.0000050357780341e+00, -7.7991719180633972e-07, 1.3042804302884447e-07, 3.8856852185079507e-07, -3.6428176524720998e-07, -5.2960574952694150e-07, 3.3251051491468448e-07, -1.0786306677401496e-06, 7.9386241952488099e-07, -3.0378995024220912e-08, 4.4475875734967242e-07, 4.4424360380520737e-07, -1.1985789386241010e-06, 3.7775467547238765e-07, -1.9947868955988512e-07, 8.0184291529173448e-07},
    {-7.7991719179609878e-07, 1.0000053817124781e+00, 8.7496405929490410e-07, 6.9763676998683179e-07, -6.1569306909745966e-07, 7.6263496985462185e-07, 2.4193556974853538e-07, 1.2383737257970203e-06, 3.2247581726899552e-07, -6.6675843730031290e-07, -2.9685533817037343e-07, -1.3720796005039106e-06, -6.1909190342048694e-07, -2.0163547212976985e-07, -5.4411386029100864e-07, 4.6415833391131108e-08},
    {1.3042804302033687e-07, 8.7496405926664338e-07, 1.0000037094099588e+00, 5.5889645398943804e-07, 4.7518201307271232e-07, -9.1866103451889015e-07, -3.6433932145392847e-07, 1.0832730422160255e-06, 1.5653588193914180e-06, -2.5933508818565540e-07, 4.2059680889903522e-07, 1.1235514486977260e-06, -5.5826641571493112e-07, -3.5210720800208770e-07, -4.5547204701976091e-07, -6.1663023153266030e-07},
    {3.8856852184616206e-07, 6.9763676998952048e-07, 5.5889645399339686e-07, 1.0000067702288351e+00, -1.2897938512340712e-07, -4.5335360662687031e-07, -4.3873802945625845e-07, -1.4189841589341236e-06, 7.3305286403759622e-07, -1.3800183836797887e-07, 3.2232708703276601e-07, -3.7505912264234030e-07, 1.6164165633325048e-07, 1.6847544456270824e-06, 9.0457798135076603e-07, 3.8654769537045942e-07},
    {-3.6428176529294155e-07, -6.1569306909534451e-07, 4.7518201309663581e-07, -1.2897938512201001e-07, 1.0000059220436730e+00, 9.0788276107286321e-07, -3.1418329245193681e-07, -1.2926427817363410e-06, 9.9021299689486255e-07, 3.8147990641336804e-07, -6.5945819272107434e-08, 5.6577857765224899e-07, -1.6535865292317350e-06, 3.8478958355518469e-07, -8.5263373908710509e-09, -3.9911110031452419e-07},
    {-5.2960574949770351e-07, 7.6263496984627678e-07, -9.1866103453130733e-07, -4.5335360661154855e-07, 9.0788276108102798e-07, 1.0000057695901057e+00, -6.9546423885194863e-07, 2.1527333751583497e-07, 6.4248810093356670e-07, -4.8065463189656402e-07, -6.6859896139430917e-07, -1.6274362356025495e-06, -2.1754353667627819e-07, -4.3971742391058942e-07, -1.2367656444133286e-06, 2.8140440514213918e-07},
    {3.3251051489694247e-07, 2.4193556975032908e-07, -3.6433932145049052e-07, -4.3873802945694820e-07, -3.1418329246348288e-07, -6.9546423885726609e-07, 1.0000067659297529e+00, -4.8872432507560872e-07, 6.6604448418364295e-07, 5.4411410676460292e-07, -1.3292796872494093e-06, -2.7175393655066440e-07, 9.7700754819413403e-08, 1.7844875317844948e-07, -1.2757904292371990e-08, -2.2846201408842547e-07},
    {-1.0786306677517755e-06, 1.2383737257877590e-06, 1.0832730422296471e-06, -1.4189841589030623e-06, -1.2926427817481103e-06, 2.1527333751444319e-07, -4.8872432506983534e-07, 1.0000046502369881e+00, 7.3748533890773789e-07, -1.2360166666411233e-06, 2.7317671876803543e-08, -2.1742792408880875e-07, 5.0379766063240298e-07, 9.9280262899265639e-07, 1.6016131410096254e-07, -1.7349987479750632e-06},
    {7.9386241954691443e-07, 3.2247581726429946e-07, 1.5653588193774149e-06, 7.3305286402885929e-07, 9.9021299688913068e-07, 6.4248810094656654e-07, 6.6604448421211903e-07, 7.3748533889366899e-07, 1.0000045627366185e+00, 6.9500742894912701e-08, 4.0835751477808507e-07, -1.1068992753917415e-06, 1.0835030060384762e-06, 9.2086261968555445e-07, 7.0412915546254029e-07, 4.5238641069189663e-07},
    {-3.0378995021929887e-08, -6.6675843727407754e-07, -2.5933508817224935e-07, -1.3800183835969544e-07, 3.8147990640348073e-07, -4.8065463192895678e-07, 5.4411410677810039e-07, -1.2360166666460161e-06, 6.9500742902871449e-08, 1.0000037545462335e+00, -8.8535029364644541e-07, 5.6020109173101003e-08, -2.8136043594320921e-07, -8.0749228815277560e-07, 6.0437737228029555e-07, -9.4426798676640316e-08},
    {4.4475875737674063e-07, -2.9685533818546342e-07, 4.2059680889800925e-07, 3.2232708703840741e-07, -6.5945819297295984e-08, -6.6859896139365208e-07, -1.3292796872351332e-06, 2.7317671891034199e-08, 4.0835751481117716e-07, -8.8535029361115082e-07, 1.0000035916182972e+00, -4.2439696063849658e-08, -4.0199728721560157e-07, 5.4314667568901350e-07, 2.6295122813673480e-07, 1.3942267122667890e-06},
    {4.4424360382353600e-07, -1.3720796004786823e-06, 1.1235514486903289e-06, -3.7505912264275847e-07, 5.6577857764333079e-07, -1.6274362355634467e-06, -2.7175393650251486e-07, -2.1742792405266726e-07, -1.1068992753602543e-06, 5.6020109175026944e-08, -4.2439696085748994e-08, 1.0000071341497827e+00, 3.0765363780886314e-07, -1.1427037429883241e-07, 2.8550398658766893e-08, 3.3239285835158825e-07},
    {-1.1985789386138711e-06, -6.1909190342821337e-07, -5.5826641572015350e-07, 1.6164165630538392e-07, -1.6535865291983725e-06, -2.1754353665473084e-07, 9.7700754807709552e-08, 5.0379766062640641e-07, 1.0835030060701953e-06, -2.8136043597039405e-07, -4.0199728721846333e-07, 3.0765363779170549e-07, 1.0000034495161805e+00, 1.8792764428870117e-06, 5.2688998321680408e-07, 3.1857935587628526e-07},
    {3.7775467544584497e-07, -2.0163547217474076e-07, -3.5210720798560598e-07, 1.6847544456809052e-06, 3.8478958355270860e-07, -4.3971742390507317e-07, 1.7844875318045641e-07, 9.9280262900204257e-07, 9.2086261969030917e-07, -8.0749228810954675e-07, 5.4314667568393130e-07, -1.1427037427825325e-07, 1.8792764429551068e-06, 1.0000041799841912e+00, 6.7360653127305269e-07, -1.0351161387720421e-06},
    {-1.9947868956117189e-07, -5.4411386031538678e-07, -4.5547204701873515e-07, 9.0457798134593307e-07, -8.5263373937381168e-09, -1.2367656444291000e-06, -1.2757904283321686e-08, 1.6016131411602599e-07, 7.0412915546480652e-07, 6.0437737229778773e-07, 2.6295122813223769e-07, 2.8550398630839711e-08, 5.2688998321551384e-07, 6.7360653127050502e-07, 1.0000046739960722e+00, -8.7640354634745994e-07},
    {8.0184291526984662e-07, 4.6415833409217194e-08, -6.1663023156961560e-07, 3.8654769537746010e-07, -3.9911110030204067e-07, 2.8140440515675971e-07, -2.2846201409282467e-07, -1.7349987479888186e-06, 4.5238641071268854e-07, -9.4426798692721290e-08, 1.3942267122773280e-06, 3.3239285835506527e-07, 3.1857935589754049e-07, -1.0351161387585849e-06, -8.7640354634523108e-07, 1.0000046485227960e+00}
}}};

static constexpr auto result = eigvals(mat);

int main() { return 0; }
