#include "../../consteig.hpp"

using namespace consteig;

static constexpr Matrix<double, 14, 14> mat
{{{
    {1.0000051636988507e+00, 2.8446976545481704e-07, -3.3905437490843039e-07, 2.2410918246594521e-07, -9.3095825961589825e-07, 5.0740391269751099e-07, -1.5446403689886519e-06, 1.0086080565730461e-06, -6.6608766472918716e-07, -1.2050095616732726e-07, 3.8765445921468911e-07, 4.8218924717133981e-07, -8.8809352576157879e-07, -1.8492425993074363e-07},
    {2.8446976546236733e-07, 1.0000074678582946e+00, 6.8361750978934227e-07, 2.6562127640335575e-07, -2.5584074580371345e-07, 7.0995998606610466e-07, 3.0531414524064510e-07, -9.6881799770724536e-08, 2.7797499152540982e-07, 1.7028294645924034e-06, -1.9407265669525715e-07, -1.2201495328146815e-06, -4.5963092513468000e-07, 1.4666436266524046e-06},
    {-3.3905437488733466e-07, 6.8361750980146437e-07, 1.0000052122980607e+00, 9.1370647813841093e-07, 1.3109082600821007e-06, -3.0168423421176871e-07, -1.5925630771571754e-07, -4.2630864349740010e-07, 9.7652778612078466e-07, -2.5608221020979759e-07, 9.3416623689126555e-08, 1.4834831223718077e-06, -1.0963040906668627e-06, 1.3367396743763738e-07},
    {2.2410918249011768e-07, 2.6562127639950165e-07, 9.1370647815308249e-07, 1.0000025077666057e+00, 4.0560289013556120e-07, 1.1134940407456816e-06, 1.3582091917053294e-07, 6.5929152678677860e-08, 2.0505570664904920e-06, 9.9675822681380216e-07, 4.1033308643667037e-09, -8.0508102068023358e-09, 3.0555153991833502e-07, -4.5139263173393751e-07},
    {-9.3095825962761632e-07, -2.5584074579350724e-07, 1.3109082600299065e-06, 4.0560289013634269e-07, 1.0000054570264008e+00, 1.0785010807298212e-06, -1.8210301080641333e-07, 3.0491613534117965e-08, -9.5405390545181084e-07, 8.9036131938313336e-08, 4.1478697640107302e-07, 9.3993323941282128e-07, 2.1128940140590396e-07, -9.7660381874888743e-07},
    {5.0740391268717041e-07, 7.0995998606866450e-07, -3.0168423426736674e-07, 1.1134940407280299e-06, 1.0785010807181592e-06, 1.0000043984442160e+00, 3.8767106085966529e-07, 1.0349480760101521e-06, -5.7905915631076438e-07, -7.7085785826220881e-07, -1.1489995394780665e-06, 6.9742466245242982e-07, -6.0475990029975779e-07, -4.8450465462505062e-08},
    {-1.5446403689819294e-06, 3.0531414523446012e-07, -1.5925630769621424e-07, 1.3582091914095711e-07, -1.8210301082189265e-07, 3.8767106087852485e-07, 1.0000046628992632e+00, 9.9760163833777768e-07, 9.3400048766240321e-07, -1.7953888739074643e-07, -2.3730060792333854e-07, 6.7247172810028760e-07, 3.4616622029992588e-07, -1.9628130034520978e-06},
    {1.0086080565811395e-06, -9.6881799783283520e-08, -4.2630864353521599e-07, 6.5929152673885877e-08, 3.0491613521195795e-08, 1.0349480760318094e-06, 9.9760163831251048e-07, 1.0000050630643866e+00, 1.9831162209582938e-07, 6.9093726149552590e-07, 2.1381655013369978e-07, -1.5996099111336150e-06, -5.3844406227519535e-07, -8.4167997612756202e-07},
    {-6.6608766473140554e-07, 2.7797499151397366e-07, 9.7652778617128307e-07, 2.0505570664826307e-06, -9.5405390539617602e-07, -5.7905915630465060e-07, 9.3400048768464269e-07, 1.9831162210368680e-07, 1.0000058353634180e+00, 5.1454711208807694e-07, -7.8441681806521336e-07, -1.6034219518104124e-07, -3.8645021234636855e-07, -1.4341435219642180e-06},
    {-1.2050095617239987e-07, 1.7028294646138051e-06, -2.5608221021224499e-07, 9.9675822683085399e-07, 8.9036131913611063e-08, -7.7085785825538321e-07, -1.7953888738412099e-07, 6.9093726146720684e-07, 5.1454711207119134e-07, 1.0000052746688528e+00, -4.1763157536335046e-07, -1.9511036689259362e-06, -6.8228180228336891e-07, -5.6757973665318062e-07},
    {3.8765445920497746e-07, -1.9407265670877000e-07, 9.3416623692092811e-08, 4.1033308244772537e-09, 4.1478697639240401e-07, -1.1489995394688713e-06, -2.3730060789869962e-07, 2.1381655010673957e-07, -7.8441681807038630e-07, -4.1763157536182930e-07, 1.0000046382200887e+00, 7.7981918332320411e-07, -8.3898286263508722e-07, -1.1458701456827813e-06},
    {4.8218924715867773e-07, -1.2201495327884281e-06, 1.4834831224335221e-06, -8.0508101901416543e-09, 9.3993323942465295e-07, 6.9742466245509193e-07, 6.7247172812828108e-07, -1.5996099111335552e-06, -1.6034219519294467e-07, -1.9511036689824634e-06, 7.7981918331092150e-07, 1.0000038697393110e+00, -9.0421064658306586e-07, -2.7717555399542662e-07},
    {-8.8809352575160223e-07, -4.5963092514041828e-07, -1.0963040906849602e-06, 3.0555153993547060e-07, 2.1128940139456471e-07, -6.0475990026449009e-07, 3.4616622029645733e-07, -5.3844406222078566e-07, -3.8645021234381432e-07, -6.8228180231416999e-07, -8.3898286254876058e-07, -9.0421064658075759e-07, 1.0000059305245916e+00, 7.8158764112562297e-08},
    {-1.8492425993548967e-07, 1.4666436266438422e-06, 1.3367396739801437e-07, -4.5139263167941432e-07, -9.7660381873412978e-07, -4.8450465472518269e-08, -1.9628130034319033e-06, -8.4167997610008745e-07, -1.4341435219477530e-06, -5.6757973662580419e-07, -1.1458701457107605e-06, -2.7717555398100197e-07, 7.8158764160177712e-08, 1.0000045184276616e+00}
}}};

static constexpr auto result = eigvals(mat);

int main() { return 0; }
