#include "../../consteig.hpp"

using namespace consteig;

static constexpr Matrix<double, 14, 14> mat
{{{
    {1.0000069365128124e+00, -7.1300469097326188e-07, -8.5912029392624224e-08, 1.2868488886729611e-06, -2.2758119892983866e-07, 9.3633665544483526e-07, 3.1379545589292545e-07, -8.7699873385445633e-07, 1.7510656461954274e-06, -1.2723935804649755e-07, 8.4076302077859889e-07, 7.9644345785719152e-07, 1.1282424918895577e-06, 6.0997499758301305e-09},
    {-7.1300469099234998e-07, 1.0000040292899195e+00, -2.0521499444723082e-06, 1.6292335124395302e-07, 4.3125817640708214e-07, 1.3087171471940808e-06, -8.2886418929921166e-07, -2.4692926785722550e-07, -4.3279441209801618e-07, -2.8971687291120460e-07, -8.3913261554611685e-07, -2.5990177296429123e-07, -1.3356009015702702e-06, -2.8118077142416437e-07},
    {-8.5912029343138362e-08, -2.0521499444007221e-06, 1.0000056654648808e+00, 6.0507298056337142e-07, 3.6207789312991073e-08, 4.6316382853325667e-07, 6.7541171253035131e-07, -5.6641786620250906e-07, -3.4591619278892958e-07, -6.7388356768377647e-07, 6.2307211361963570e-08, -8.8661540900625936e-07, -3.8307399586025607e-07, -1.1745001670318091e-07},
    {1.2868488886755213e-06, 1.6292335125832529e-07, 6.0507298051242408e-07, 1.0000041254701404e+00, -5.9127362351473212e-08, -1.4589778363016301e-07, 7.8551306633952765e-07, -3.0438337106105046e-07, 2.8558779158376297e-07, -9.4347674777275121e-07, 1.7347587783289384e-07, -2.3598406274168617e-06, 1.0568550966689071e-07, 1.5845308990052220e-06},
    {-2.2758119892951194e-07, 4.3125817641357417e-07, 3.6207789291525425e-08, -5.9127362364223235e-08, 1.0000033270846866e+00, -5.6226278844985681e-08, 1.0805006228247117e-06, -3.3754055933074091e-07, 1.1594908343387660e-06, 4.9373886170774311e-07, 9.8927795923322923e-07, -8.5307865509390684e-07, -6.3790349861301984e-08, 7.9985744109791632e-07},
    {9.3633665548799762e-07, 1.3087171471877911e-06, 4.6316382856786395e-07, -1.4589778364792711e-07, -5.6226278855264069e-08, 1.0000056168282980e+00, 6.9962285974953639e-08, -7.1812507291660776e-07, 1.2092447023566708e-07, 1.0715476878163351e-06, 1.3706795726025994e-06, 1.4013596036260693e-06, -1.2320742168544617e-06, 8.9941765469947505e-08},
    {3.1379545589833635e-07, -8.2886418929389060e-07, 6.7541171252517488e-07, 7.8551306635168787e-07, 1.0805006228398745e-06, 6.9962285989815719e-08, 1.0000041500979395e+00, -6.5728712913359705e-07, -3.1988110841747406e-08, -1.4635513326574401e-07, -9.2767507664045118e-07, 9.7835550573315348e-07, -1.0648040079031343e-06, 6.8755245269705432e-07},
    {-8.7699873384606372e-07, -2.4692926788313565e-07, -5.6641786622493733e-07, -3.0438337105489930e-07, -3.3754055932840897e-07, -7.1812507292685855e-07, -6.5728712914186335e-07, 1.0000049731262999e+00, -1.0105742888924386e-06, 3.0337564418255152e-07, -1.2487842296828167e-07, -5.7274774620692646e-07, 4.1326963934339166e-07, -8.1243640693711826e-07},
    {1.7510656461934322e-06, -4.3279441212322706e-07, -3.4591619279545904e-07, 2.8558779157556316e-07, 1.1594908343416017e-06, 1.2092447024163194e-07, -3.1988110858276744e-08, -1.0105742888944823e-06, 1.0000033236845520e+00, 8.6067032617822813e-07, 1.5854402313940688e-08, -9.4117279448036877e-07, 8.5820355330836657e-08, -3.8585543620358607e-07},
    {-1.2723935804557701e-07, -2.8971687285822226e-07, -6.7388356766864253e-07, -9.4347674778451078e-07, 4.9373886172860564e-07, 1.0715476878083531e-06, -1.4635513327554503e-07, 3.0337564416327972e-07, 8.6067032615197900e-07, 1.0000048675458855e+00, 1.3808720668944006e-06, 2.9136090575062581e-07, -1.5854757756314186e-06, 4.0280815436583831e-07},
    {8.4076302077380405e-07, -8.3913261553745308e-07, 6.2307211404347471e-08, 1.7347587782672011e-07, 9.8927795923174756e-07, 1.3706795726410556e-06, -9.2767507663919556e-07, -1.2487842295824661e-07, 1.5854402299808883e-08, 1.3808720669186528e-06, 1.0000062976105042e+00, 5.4607336775626364e-08, 2.6620375845701511e-07, -1.6457350825436150e-07},
    {7.9644345783790309e-07, -2.5990177295698181e-07, -8.8661540898463038e-07, -2.3598406274067024e-06, -8.5307865508499245e-07, 1.4013596036259486e-06, 9.7835550574644808e-07, -5.7274774618885671e-07, -9.4117279446212654e-07, 2.9136090572724977e-07, 5.4607336812792463e-08, 1.0000053726153222e+00, 4.6182838528093565e-07, 1.1042676230473738e-06},
    {1.1282424919329743e-06, -1.3356009015969305e-06, -3.8307399584254387e-07, 1.0568550965575041e-07, -6.3790349891976277e-08, -1.2320742169036479e-06, -1.0648040079079657e-06, 4.1326963936562766e-07, 8.5820355330933457e-08, -1.5854757756578725e-06, 2.6620375844314293e-07, 4.6182838530524232e-07, 1.0000051945148403e+00, -9.1871814223232308e-07},
    {6.0997499510439017e-09, -2.8118077141385148e-07, -1.1745001671462915e-07, 1.5845308989712049e-06, 7.9985744114701564e-07, 8.9941765479124921e-08, 6.8755245267040984e-07, -8.1243640694872240e-07, -3.8585543622759945e-07, 4.0280815435907682e-07, -1.6457350827453284e-07, 1.1042676230370784e-06, -9.1871814219530075e-07, 1.0000061201539201e+00}
}}};

static constexpr auto result = eigvals(mat);

int main() { return 0; }
