#include "../../consteig.hpp"

using namespace consteig;

static constexpr Matrix<double, 16, 16> mat
{{{
    {-4.7836503982543945e+00, 3.5243394970893860e-01, 6.9894790649414062e-03, 3.4294921159744263e-01, -1.7161923646926880e-01, -1.3489156961441040e-01, 1.9782947897911072e+00, -1.1095209717750549e+00, 4.2281499505043030e-01, 2.3112416267395020e-01, -1.5083976686000824e+00, 1.9040277749300003e+00, -1.4377981126308441e+00, -1.9547164440155029e-01, 2.4340627193450928e+00, -9.7184678446501493e-01},
    {3.5243394970893860e-01, -6.3686428070068359e+00, 1.0267245955765247e-01, 7.4194197356700897e-01, -7.6315379142761230e-01, 3.8003933429718018e+00, -1.2652531266212463e-01, -1.2147856354713440e+00, -8.2456499338150024e-02, -5.8389727771282196e-01, 3.0664455890655518e-01, 8.7688881158828735e-01, -8.7407708168029785e-01, -1.7555441260337830e+00, -6.6248451173305511e-01, 9.0679407119750977e-02},
    {6.9894790649414062e-03, 1.0267245955765247e-01, 9.0379822254180908e-01, -3.9114224910736084e-01, 2.0897661447525024e+00, 1.7876087427139282e+00, 5.4695077985525131e-01, -1.7445091605186462e+00, -7.9252852499485016e-01, 4.6407073736190796e-02, 1.0015766024589539e+00, -5.3219507634639740e-01, -2.2272762656211853e-01, 1.8773687183856964e+00, -4.5891441404819489e-01, 2.3107546567916870e+00},
    {3.4294921159744263e-01, 7.4194197356700897e-01, -3.9114224910736084e-01, 2.0510981082916260e+00, 2.1663155704736710e+00, 1.8772992491722107e+00, -1.2024160921573639e+00, -7.2314120084047318e-01, 7.5552859902381897e-01, 9.4333440065383911e-02, -6.8226256221532822e-01, -2.3921298980712891e-01, -5.2613168954849243e-03, -1.7540645599365234e-01, 4.3158069252967834e-01, 3.0032805353403091e-01},
    {-1.7161923646926880e-01, -7.6315379142761230e-01, 2.0897661447525024e+00, 2.1663155704736710e+00, -1.4000781774520874e+00, 1.3909171819686890e+00, -1.5914899110794067e-01, -4.3190065026283264e-01, 2.9151222109794617e-01, 2.5104166865348816e+00, -1.6172030270099640e+00, -6.2028495129197836e-01, 4.0331071615219116e-01, 1.5454692244529724e+00, -2.1047016978263855e-01, -6.4794704318046570e-01},
    {-1.3489156961441040e-01, 3.8003933429718018e+00, 1.7876087427139282e+00, 1.8772992491722107e+00, 1.3909171819686890e+00, 6.5013581514358521e-01, -1.0911406129598618e+00, 2.2947142273187637e-01, 4.9224507808685303e-01, 3.3329348564147949e+00, 1.9491516798734665e-01, 7.5664389133453369e-01, -2.9271316528320312e-01, 1.8481705822050571e+00, 6.7191377282142639e-01, 2.1952272653579712e+00},
    {1.9782947897911072e+00, -1.2652531266212463e-01, 5.4695077985525131e-01, -1.2024160921573639e+00, -1.5914899110794067e-01, -1.0911406129598618e+00, -3.5403737425804138e-01, -4.3157866597175598e-01, 4.9023839831352234e-01, -1.2933179140090942e+00, 4.0772487223148346e-01, 4.3827902898192406e-01, 7.8571662306785583e-01, -6.5930262207984924e-01, -2.1174857020378113e-01, -1.5735949277877808e+00},
    {-1.1095209717750549e+00, -1.2147856354713440e+00, -1.7445091605186462e+00, -7.2314120084047318e-01, -4.3190065026283264e-01, 2.2947142273187637e-01, -4.3157866597175598e-01, -2.7150127887725830e+00, -1.3538334965705872e+00, 1.8630792498588562e+00, 1.9238719195127487e+00, -4.6927678585052490e-01, -4.1583244502544403e-01, -3.0293124914169312e-01, -7.6189857721328735e-01, 1.0631719231605530e-01},
    {4.2281499505043030e-01, -8.2456499338150024e-02, -7.9252852499485016e-01, 7.5552859902381897e-01, 2.9151222109794617e-01, 4.9224507808685303e-01, 4.9023839831352234e-01, -1.3538334965705872e+00, -1.3141402602195740e-01, -2.3690442740917206e-01, -4.6429020166397095e-01, -4.1307371854782104e-01, -1.0213315486907959e+00, -2.0402789711952209e+00, 5.9164071083068848e-01, -1.3870735913515091e+00},
    {2.3112416267395020e-01, -5.8389727771282196e-01, 4.6407073736190796e-02, 9.4333440065383911e-02, 2.5104166865348816e+00, 3.3329348564147949e+00, -1.2933179140090942e+00, 1.8630792498588562e+00, -2.3690442740917206e-01, -4.8378118872642517e-01, -8.1884798035025597e-01, -1.0888784527778625e+00, -4.1809579730033875e+00, -2.9963576793670654e-01, 1.7310939729213715e+00, -1.0318635702133179e+00},
    {-1.5083976686000824e+00, 3.0664455890655518e-01, 1.0015766024589539e+00, -6.8226256221532822e-01, -1.6172030270099640e+00, 1.9491516798734665e-01, 4.0772487223148346e-01, 1.9238719195127487e+00, -4.6429020166397095e-01, -8.1884798035025597e-01, -6.5720772743225098e-01, -2.3977094292640686e+00, -5.3762257099151611e-01, 2.8009974956512451e-01, 1.1116748154163361e+00, 1.1239451169967651e+00},
    {1.9040277749300003e+00, 8.7688881158828735e-01, -5.3219507634639740e-01, -2.3921298980712891e-01, -6.2028495129197836e-01, 7.5664389133453369e-01, 4.3827902898192406e-01, -4.6927678585052490e-01, -4.1307371854782104e-01, -1.0888784527778625e+00, -2.3977094292640686e+00, -6.5960580110549927e-01, 3.5077106952667236e-01, -1.7935791015625000e+00, -1.2965679168701172e-01, 7.4183610081672668e-01},
    {-1.4377981126308441e+00, -8.7407708168029785e-01, -2.2272762656211853e-01, -5.2613168954849243e-03, 4.0331071615219116e-01, -2.9271316528320312e-01, 7.8571662306785583e-01, -4.1583244502544403e-01, -1.0213315486907959e+00, -4.1809579730033875e+00, -5.3762257099151611e-01, 3.5077106952667236e-01, -4.1246843338012695e+00, 2.0036218166351318e+00, -3.0559897422790527e+00, 7.4945047497749329e-01},
    {-1.9547164440155029e-01, -1.7555441260337830e+00, 1.8773687183856964e+00, -1.7540645599365234e-01, 1.5454692244529724e+00, 1.8481705822050571e+00, -6.5930262207984924e-01, -3.0293124914169312e-01, -2.0402789711952209e+00, -2.9963576793670654e-01, 2.8009974956512451e-01, -1.7935791015625000e+00, 2.0036218166351318e+00, -6.0338419675827026e-01, 1.4514492154121399e+00, -5.8722715079784393e-01},
    {2.4340627193450928e+00, -6.6248451173305511e-01, -4.5891441404819489e-01, 4.3158069252967834e-01, -2.1047016978263855e-01, 6.7191377282142639e-01, -2.1174857020378113e-01, -7.6189857721328735e-01, 5.9164071083068848e-01, 1.7310939729213715e+00, 1.1116748154163361e+00, -1.2965679168701172e-01, -3.0559897422790527e+00, 1.4514492154121399e+00, 3.3387255668640137e+00, 4.6431595832109451e-01},
    {-9.7184678446501493e-01, 9.0679407119750977e-02, 2.3107546567916870e+00, 3.0032805353403091e-01, -6.4794704318046570e-01, 2.1952272653579712e+00, -1.5735949277877808e+00, 1.0631719231605530e-01, -1.3870735913515091e+00, -1.0318635702133179e+00, 1.1239451169967651e+00, 7.4183610081672668e-01, 7.4945047497749329e-01, -5.8722715079784393e-01, 4.6431595832109451e-01, 2.4476566314697266e+00}
}}};

static constexpr auto result = eigvals(mat);

int main() { return 0; }
