#include "../../consteig.hpp"

using namespace consteig;

static constexpr Matrix<double, 16, 16> mat
{{{
    {-3.8903735578060150e-02, 9.9331200122833252e-01, 4.9279537796974182e-01, 4.5943383127450943e-02, -4.7550457715988159e-01, -1.0391084104776382e-01, 1.1398791074752808e+00, 9.8203194141387939e-01, -1.0000610351562500e+00, 3.0285280942916870e-01, -3.7002798318862915e+00, 6.6344463825225830e-01, 2.8305460512638092e-01, 9.6469764411449432e-01, 4.1284877061843872e-01, 5.1670908927917480e-02},
    {1.1077605485916138e+00, -8.0251693725585938e-01, 1.4480872452259064e-01, -2.9038393497467041e-01, -4.3733099102973938e-01, 5.9392988681793213e-01, -5.9438723325729370e-01, -1.2088311910629272e+00, 3.0285280942916870e-01, -1.0859675705432892e-01, -7.2775483131408691e-01, -6.4891640841960907e-01, 3.1802105903625488e-01, 2.1584186553955078e+00, -1.7522966861724854e-01, -1.6066073179244995e+00},
    {-3.3340916037559509e-01, -2.4569107592105865e-01, 4.5271232724189758e-01, -2.0286332070827484e-01, -7.7438843250274658e-01, -1.5239883661270142e+00, 1.1820937395095825e+00, -7.9825693368911743e-01, -3.7002798318862915e+00, -7.2775483131408691e-01, -2.2986717224121094e+00, 1.6282800436019897e+00, -8.8364934921264648e-01, -7.0997947454452515e-01, -9.3631011247634888e-01, 1.1062669157981873e+00},
    {7.5801467895507812e-01, -5.1909446716308594e-02, -4.0022796392440796e-01, 2.4882781505584717e+00, -1.5576392179355025e-03, -8.6030203104019165e-01, -1.0472496747970581e+00, 4.9507579207420349e-01, 6.6344463825225830e-01, -6.4891640841960907e-01, 1.6282800436019897e+00, -2.1640031337738037e+00, 9.8831126093864441e-01, -1.4577456116676331e+00, -7.7386814355850220e-01, -2.6419475078582764e+00},
    {4.5405438542366028e-01, 1.9859017431735992e-01, 3.9735725522041321e-01, -3.8093140721321106e-01, -7.2493501007556915e-02, 1.3304711580276489e+00, 7.3479324579238892e-01, -3.4783604741096497e-01, 2.8305460512638092e-01, 3.1802105903625488e-01, -8.8364934921264648e-01, 9.8831126093864441e-01, -5.9529191255569458e-01, -1.5648834109306335e+00, -4.7240000218153000e-02, -1.0714854598045349e+00},
    {-1.4800281822681427e-01, 8.4453535079956055e-01, 3.8763502240180969e-01, -2.2347262501716614e-01, 1.0351949930191040e+00, 2.2985917329788208e-01, -2.5954408571124077e-02, -8.9407306909561157e-01, 9.6469764411449432e-01, 2.1584186553955078e+00, -7.0997947454452515e-01, -1.4577456116676331e+00, -1.5648834109306335e+00, -3.2409782409667969e+00, 2.3400783538818359e-02, -1.4507138729095459e-01},
    {-1.0988186299800873e-01, -5.3734588623046875e-01, 2.2301850318908691e+00, 6.9550193846225739e-02, 1.0523825883865356e+00, 8.2331210374832153e-01, 1.2964495420455933e+00, -4.5874887704849243e-01, 4.1284877061843872e-01, -1.7522966861724854e-01, -9.3631011247634888e-01, -7.7386814355850220e-01, -4.7240000218153000e-02, 2.3400783538818359e-02, -1.5578836202621460e+00, -1.1489638686180115e-01},
    {4.1639038920402527e-01, -2.0660541057586670e+00, 8.5667991638183594e-01, 2.1402902901172638e-01, -3.9736419916152954e-01, 4.8060795664787292e-01, -4.3181875348091125e-01, 3.8182929158210754e-01, 5.1670908927917480e-02, -1.6066073179244995e+00, 1.1062669157981873e+00, -2.6419475078582764e+00, -1.0714854598045349e+00, -1.4507138729095459e-01, -1.1489638686180115e-01, -1.4625617861747742e-01},
    {5.0222241878509521e-01, -1.2349289879202843e+00, -2.0691255629062653e+00, 2.9964401721954346e+00, 3.7154559791088104e-01, 1.0200740098953247e+00, -1.9921793937683105e+00, -1.6396102309226990e+00, 3.8903735578060150e-02, -1.1077605485916138e+00, 3.3340916037559509e-01, -7.5801467895507812e-01, -4.5405438542366028e-01, 1.4800281822681427e-01, 1.0988186299800873e-01, -4.1639038920402527e-01},
    {-1.2349289879202843e+00, 1.4423682689666748e+00, -3.4190458059310913e+00, 4.4168442487716675e-01, 4.7048190981149673e-01, -1.1399158835411072e-01, 3.6664789915084839e-01, 4.6156767606735229e+00, -9.9331200122833252e-01, 8.0251693725585938e-01, 2.4569107592105865e-01, 5.1909446716308594e-02, -1.9859017431735992e-01, -8.4453535079956055e-01, 5.3734588623046875e-01, 2.0660541057586670e+00},
    {-2.0691255629062653e+00, -3.4190458059310913e+00, -1.1118419170379639e+00, 1.4212616980075836e+00, 9.7303849458694458e-01, -1.0357887744903564e+00, -2.0663359761238098e+00, 9.4014656543731689e-01, -4.9279537796974182e-01, -1.4480872452259064e-01, -4.5271232724189758e-01, 4.0022796392440796e-01, -3.9735725522041321e-01, -3.8763502240180969e-01, -2.2301850318908691e+00, -8.5667991638183594e-01},
    {2.9964401721954346e+00, 4.4168442487716675e-01, 1.4212616980075836e+00, 9.2599296569824219e-01, -1.7808122336864471e+00, 7.6381285488605499e-01, 4.5465028285980225e-01, -1.1202719211578369e+00, -4.5943383127450943e-02, 2.9038393497467041e-01, 2.0286332070827484e-01, -2.4882781505584717e+00, 3.8093140721321106e-01, 2.2347262501716614e-01, -6.9550193846225739e-02, -2.1402902901172638e-01},
    {3.7154559791088104e-01, 4.7048190981149673e-01, 9.7303849458694458e-01, -1.7808122336864471e+00, -8.8673438876867294e-03, 4.8181980848312378e-01, 3.2892059087753296e+00, -3.5750849545001984e-01, 4.7550457715988159e-01, 4.3733099102973938e-01, 7.7438843250274658e-01, 1.5576392179355025e-03, 7.2493501007556915e-02, -1.0351949930191040e+00, -1.0523825883865356e+00, 3.9736419916152954e-01},
    {1.0200740098953247e+00, -1.1399158835411072e-01, -1.0357887744903564e+00, 7.6381285488605499e-01, 4.8181980848312378e-01, 1.2766090035438538e-01, 1.6787456870079041e+00, -8.5480469465255737e-01, 1.0391084104776382e-01, -5.9392988681793213e-01, 1.5239883661270142e+00, 8.6030203104019165e-01, -1.3304711580276489e+00, -2.2985917329788208e-01, -8.2331210374832153e-01, -4.8060795664787292e-01},
    {-1.9921793937683105e+00, 3.6664789915084839e-01, -2.0663359761238098e+00, 4.5465028285980225e-01, 3.2892059087753296e+00, 1.6787456870079041e+00, 8.1285226345062256e-01, -5.6975796818733215e-01, -1.1398791074752808e+00, 5.9438723325729370e-01, -1.1820937395095825e+00, 1.0472496747970581e+00, -7.3479324579238892e-01, 2.5954408571124077e-02, -1.2964495420455933e+00, 4.3181875348091125e-01},
    {-1.6396102309226990e+00, 4.6156767606735229e+00, 9.4014656543731689e-01, -1.1202719211578369e+00, -3.5750849545001984e-01, -8.5480469465255737e-01, -5.6975796818733215e-01, 1.0243736952543259e-01, -9.8203194141387939e-01, 1.2088311910629272e+00, 7.9825693368911743e-01, -4.9507579207420349e-01, 3.4783604741096497e-01, 8.9407306909561157e-01, 4.5874887704849243e-01, -3.8182929158210754e-01}
}}};

static constexpr auto result = eigvals(mat);

int main() { return 0; }
