#include "../../consteig.hpp"

using namespace consteig;

static constexpr Matrix<double, 20, 20> mat
{{{
    {1.0000062293103826e+00, -9.1575230172092950e-07, 8.8641025755941522e-07, 8.7696113805860926e-07, -4.7830942329305775e-07, -1.5506030013158923e-06, -2.6321271372504044e-07, 3.3497692384556245e-07, 6.1815903808324219e-07, 2.4003086516844738e-08, 6.1230281847732821e-08, -1.2344726548582000e-07, 1.1915390965244026e-06, 2.3067069353691180e-07, 2.1403761043594768e-07, 2.9592822912642397e-07, -9.3972409207038309e-08, 7.1042252563303175e-07, 1.7736966850862403e-07, -2.7748282020395376e-07},
    {-9.1575230172089403e-07, 1.0000046069889530e+00, -3.3431756688193558e-07, 2.6294046844428895e-07, -3.4156838248291457e-07, 6.4503549455792099e-07, -5.3640418052217716e-07, 4.5027544958741840e-07, -2.9507023954206983e-07, -1.3399210077137622e-06, -4.7568521613512765e-07, -3.3356373763895325e-07, 1.1052546333902604e-07, 6.4082647700864130e-07, 5.7018382913115496e-07, -8.3459508850814130e-07, 7.6069429292477101e-08, 1.5394442661484232e-07, 2.8613708681560211e-07, -1.0717132129844155e-06},
    {8.8641025756095407e-07, -3.3431756688634296e-07, 1.0000039347577436e+00, 3.1232836587123256e-07, -3.3417620240578377e-07, 4.4570517516832573e-07, -4.6222844133025369e-07, 7.3668120453411277e-08, 3.8701663489991538e-07, 1.3650763168599031e-06, 2.9010849084616974e-07, 8.6152416253117882e-07, 3.7272818895075512e-07, -1.7367722542767050e-08, -9.9199436990329054e-07, 2.3549193594291893e-07, 2.5831625808759356e-07, -8.7842812452129826e-07, -5.0124059222974767e-07, 1.0974285365528110e-07},
    {8.7696113805846241e-07, 2.6294046845424270e-07, 3.1232836587324596e-07, 1.0000059719108847e+00, 8.3618133188326253e-07, 4.3631760648244104e-07, 9.0875321244278942e-07, -5.3218832837619843e-07, 1.7361523271086465e-07, 6.4460094627811393e-07, 6.5679658717221759e-07, -2.6981897102267158e-08, 1.0604069300266519e-06, -1.7686768027372825e-07, -3.5205586741159060e-07, -2.0873056540420833e-07, -1.5158503889972907e-06, -5.6978378265720330e-07, -4.7850864809095448e-07, -1.6702995799230101e-06},
    {-4.7830942330959882e-07, -3.4156838248207076e-07, -3.3417620241734370e-07, 8.3618133189942678e-07, 1.0000051204461884e+00, -2.6373975255189999e-07, -8.8866901828427348e-07, -3.9042876559327252e-07, -7.4035383553647641e-08, -3.9583151692015578e-07, -8.1573176877505179e-07, 1.6121385697396599e-06, 5.6580715577813874e-07, 4.9067977589162735e-08, 7.1834442812426395e-07, 7.1240183051470496e-08, -3.9976531145270737e-07, -1.0139216516721101e-06, -6.5967518018284077e-08, -4.0081012746754640e-07},
    {-1.5506030013063788e-06, 6.4503549454281532e-07, 4.4570517517140708e-07, 4.3631760649978351e-07, -2.6373975253984348e-07, 1.0000058403192524e+00, 4.0221203832413418e-07, 1.3245070334120322e-06, 3.5977414675775488e-07, 8.7795039841381240e-07, -3.5568819734226124e-07, -4.1731499215710918e-07, -5.3215861702081916e-08, 5.2855093878880919e-07, 7.7357256341297895e-07, -4.3611884300370212e-07, -6.0108591726887198e-07, -4.1242232103086359e-07, 1.1639444527685719e-06, 1.0418654227381427e-06},
    {-2.6321271373189198e-07, -5.3640418052689863e-07, -4.6222844131687914e-07, 9.0875321244253658e-07, -8.8866901827775239e-07, 4.0221203832495152e-07, 1.0000050705581909e+00, -2.0353630340227587e-07, -5.4148403671985702e-07, -2.8563211184307601e-07, -1.1161620763883691e-06, -6.6155664475586883e-08, -6.8905270847425951e-08, -1.6480794011707128e-06, 3.0858495829853101e-07, -1.2845702931135573e-07, 1.2007518067808040e-06, -2.5222137004209940e-07, -6.8734940561525989e-07, 9.8747874893816465e-07},
    {3.3497692382570403e-07, 4.5027544960050871e-07, 7.3668120449433055e-08, -5.3218832836068841e-07, -3.9042876563566430e-07, 1.3245070334348565e-06, -2.0353630341183686e-07, 1.0000045869175223e+00, -6.0017927062029469e-07, 2.8018607088929037e-07, -7.9536681312106466e-07, -7.8860319345731128e-07, -2.8702661146409336e-07, 3.8071927968056451e-08, -4.8587930313016078e-08, 4.0867871118205254e-07, -8.1027323396265897e-07, -3.4408240079558027e-07, -1.1675811254830374e-06, -7.2313277419000710e-09},
    {6.1815903808068595e-07, -2.9507023955570319e-07, 3.8701663483654763e-07, 1.7361523270221851e-07, -7.4035383556335978e-08, 3.5977414675830064e-07, -5.4148403674944261e-07, -6.0017927061389302e-07, 1.0000027067983732e+00, 3.9128755856107461e-07, 1.0200492576758650e-07, -1.6033498271897221e-07, 6.8231968966799853e-07, -7.9119747004529982e-07, -2.1827406143601791e-07, 4.5714545751887568e-07, -2.8809574747649460e-07, 1.0109408052899993e-06, 4.7000764726935155e-07, 7.7052560342637488e-07},
    {2.4003086506434598e-08, -1.3399210077093354e-06, 1.3650763168437665e-06, 6.4460094626590056e-07, -3.9583151692657909e-07, 8.7795039842550876e-07, -2.8563211186037830e-07, 2.8018607089319900e-07, 3.9128755855806050e-07, 1.0000061294124893e+00, -6.5008521725461628e-07, 1.9314771847800847e-07, -9.3040924351090654e-07, 2.1264334772613488e-08, 3.5492145046759842e-07, -1.9969700444971510e-07, -7.7541396655222376e-08, -4.3697799041455862e-07, -1.7392981108834961e-07, -3.6527981712111636e-07},
    {6.1230281854893850e-08, -4.7568521614115074e-07, 2.9010849089108234e-07, 6.5679658716545223e-07, -8.1573176876506622e-07, -3.5568819733789934e-07, -1.1161620764027329e-06, -7.9536681312666641e-07, 1.0200492576323711e-07, -6.5008521726079221e-07, 1.0000042872533834e+00, -7.0666312415121053e-07, -2.6283136095644312e-07, -7.7407500500206337e-07, 1.6927466151903936e-06, 1.4062859316785052e-06, -1.0161650556815054e-06, 1.1638454266997969e-07, 3.9339884057070718e-07, -8.1811755728641964e-07},
    {-1.2344726548029546e-07, -3.3356373763408900e-07, 8.6152416254148467e-07, -2.6981897145989665e-08, 1.6121385697049483e-06, -4.1731499216092210e-07, -6.6155664471907200e-08, -7.8860319345246011e-07, -1.6033498274113625e-07, 1.9314771841274104e-07, -7.0666312416359870e-07, 1.0000049857481557e+00, 3.8685138274723652e-07, 1.7136603491333459e-06, -8.0819522543900181e-07, -6.3113273984850186e-07, 8.4109646734509210e-07, 2.2177726754662443e-07, -7.4679086085671252e-08, 2.9323135705560484e-07},
    {1.1915390965354683e-06, 1.1052546333472606e-07, 3.7272818896708787e-07, 1.0604069300288294e-06, 5.6580715576700068e-07, -5.3215861701143463e-08, -6.8905270839748021e-08, -2.8702661147121717e-07, 6.8231968962038606e-07, -9.3040924350267857e-07, -2.6283136093868412e-07, 3.8685138274138299e-07, 1.0000051674587476e+00, 1.2861413378865938e-06, -1.4389991125515084e-07, -9.2945731755887056e-07, -3.0164584053634905e-07, 2.4691173247463789e-07, 7.6011977416901281e-07, 5.8644910066767429e-08},
    {2.3067069355752305e-07, 6.4082647703289546e-07, -1.7367722538197893e-08, -1.7686768027319639e-07, 4.9067977577568595e-08, 5.2855093881146648e-07, -1.6480794011984311e-06, 3.8071927962299968e-08, -7.9119747003162649e-07, 2.1264334755371212e-08, -7.7407500503086661e-07, 1.7136603490858833e-06, 1.2861413379034470e-06, 1.0000057170580694e+00, 9.1239428855485666e-08, -1.6912320811456199e-07, -9.1345130625796792e-08, 1.8274665154240563e-08, 1.2312677581335421e-06, -8.4131149747132607e-07},
    {2.1403761043437820e-07, 5.7018382913172851e-07, -9.9199436992037732e-07, -3.5205586739744499e-07, 7.1834442813602850e-07, 7.7357256338971318e-07, 3.0858495829895431e-07, -4.8587930314227990e-08, -2.1827406143043271e-07, 3.5492145045971630e-07, 1.6927466151121212e-06, -8.0819522545265111e-07, -1.4389991125884997e-07, 9.1239428861663381e-08, 1.0000049698758231e+00, -5.1783971737009857e-07, -5.0824000248211152e-08, -7.2387038412760975e-07, 2.4872519098842763e-07, 2.1675086690367409e-07},
    {2.9592822914258059e-07, -8.3459508854491503e-07, 2.3549193592640063e-07, -2.0873056538646707e-07, 7.1240183063220882e-08, -4.3611884302040317e-07, -1.2845702933145836e-07, 4.0867871116829127e-07, 4.5714545752330053e-07, -1.9969700444208604e-07, 1.4062859317031080e-06, -6.3113273984370924e-07, -9.2945731751713936e-07, -1.6912320810089786e-07, -5.1783971737375987e-07, 1.0000060162131719e+00, -9.2548986657492631e-07, 4.4868738324249210e-07, -3.1729275706765294e-07, 3.2836824758111184e-07},
    {-9.3972409186912726e-08, 7.6069429307183353e-08, 2.5831625809542629e-07, -1.5158503890185789e-06, -3.9976531144690461e-07, -6.0108591726063776e-07, 1.2007518068017130e-06, -8.1027323395028604e-07, -2.8809574745946839e-07, -7.7541396628965704e-08, -1.0161650557179253e-06, 8.4109646734530450e-07, -3.0164584050453369e-07, -9.1345130625996851e-08, -5.0824000229160567e-08, -9.2548986657106924e-07, 1.0000031592189462e+00, 5.5187492991837024e-07, 2.8432917081784606e-07, -5.7850751621957974e-07},
    {7.1042252562645252e-07, 1.5394442661327748e-07, -8.7842812452738154e-07, -5.6978378266016982e-07, -1.0139216517090786e-06, -4.1242232097353566e-07, -2.5222137004995711e-07, -3.4408240080700754e-07, 1.0109408052894759e-06, -4.3697799039390812e-07, 1.1638454267658265e-07, 2.2177726753941261e-07, 2.4691173245872897e-07, 1.8274665170125355e-08, -7.2387038408978952e-07, 4.4868738324415054e-07, 5.5187492995224351e-07, 1.0000061103281752e+00, -4.1224513797209153e-07, 6.7072478868725862e-07},
    {1.7736966853092816e-07, 2.8613708678961858e-07, -5.0124059223394228e-07, -4.7850864810819563e-07, -6.5967518002613068e-08, 1.1639444528131121e-06, -6.8734940563759953e-07, -1.1675811255039347e-06, 4.7000764730299014e-07, -1.7392981108223700e-07, 3.9339884058733189e-07, -7.4679086075992114e-08, 7.6011977416886743e-07, 1.2312677581216535e-06, 2.4872519098512859e-07, -3.1729275706760413e-07, 2.8432917083824462e-07, -4.1224513798798864e-07, 1.0000055275772242e+00, 5.1460468222769628e-07},
    {-2.7748282020865310e-07, -1.0717132129973376e-06, 1.0974285365522806e-07, -1.6702995799153927e-06, -4.0081012750593017e-07, 1.0418654227573348e-06, 9.8747874892301356e-07, -7.2313277268386076e-09, 7.7052560342972701e-07, -3.6527981713522772e-07, -8.1811755728338017e-07, 2.9323135704107976e-07, 5.8644910049513481e-08, -8.4131149746854748e-07, 2.1675086691163752e-07, 3.2836824759080417e-07, -5.7850751623166552e-07, 6.7072478868038696e-07, 5.1460468227386296e-07, 1.0000038618483229e+00}
}}};

static constexpr auto result = eigvals(mat);

int main() { return 0; }
