#include "../../consteig.hpp"

using namespace consteig;

static constexpr Matrix<double, 14, 14> mat
{{{
    {1.4989377260208130e+00, 1.0666859149932861e-01, -1.5211230218410492e+00, 4.8708466440439224e-01, 1.4075911045074463e-01, -2.6334869861602783e-01, -2.4867896735668182e-01, -1.0065431296825409e+00, -1.3935722708702087e+00, -4.5580238103866577e-01, -2.1416634321212769e-01, 8.3957773447036743e-01, 1.7085021734237671e-01, -3.2731252908706665e-01},
    {1.0666859149932861e-01, -5.3819793462753296e-01, -5.5058634281158447e-01, 1.2701231837272644e+00, -7.2127982974052429e-01, -2.5029634237289429e+00, 2.0945975780487061e+00, -1.4826040714979172e+00, 6.3161799311637878e-01, 5.6791254878044128e-01, -2.9228448867797852e-02, -7.3177431523799896e-01, 4.0315949916839600e-01, 2.4979710578918457e-01},
    {-1.5211230218410492e+00, -5.5058634281158447e-01, 2.2344703674316406e+00, -9.5090734958648682e-01, -3.2903312444686890e+00, -5.9284967090934515e-01, -1.1116224676370621e+00, 9.2049977183341980e-01, -1.3958091735839844e+00, 1.5822649002075195e-02, 1.2573015317320824e+00, -2.0836859345436096e+00, 6.4789804816246033e-01, 8.8437622785568237e-01},
    {4.8708466440439224e-01, 1.2701231837272644e+00, -9.5090734958648682e-01, 7.7190023660659790e-01, 5.8387833833694458e-01, 7.8126180171966553e-01, -7.3220025002956390e-01, -1.5729371160268784e+00, -9.3664100021123886e-01, 2.6640375703573227e-01, -9.3710964918136597e-01, 9.2034226655960083e-01, 6.0508853197097778e-01, -1.0816800594329834e-01},
    {1.4075911045074463e-01, -7.2127982974052429e-01, -3.2903312444686890e+00, 5.8387833833694458e-01, 2.5655908584594727e+00, 4.0059435367584229e-01, -2.8702901601791382e+00, 2.1925415694713593e+00, -8.0748167634010315e-01, 1.2427328228950500e+00, -1.4320337772369385e+00, 1.8045765161514282e+00, -4.9807004630565643e-01, 1.9398632347583771e+00},
    {-2.6334869861602783e-01, -2.5029634237289429e+00, -5.9284967090934515e-01, 7.8126180171966553e-01, 4.0059435367584229e-01, 3.4699435234069824e+00, -1.5048964023590088e+00, 1.8096538335084915e+00, -3.0986128449440002e+00, -5.2439606189727783e-01, 7.9575717449188232e-01, 2.0520484447479248e-01, -1.4988473057746887e-01, 7.6018497347831726e-01},
    {-2.4867896735668182e-01, 2.0945975780487061e+00, -1.1116224676370621e+00, -7.3220025002956390e-01, -2.8702901601791382e+00, -1.5048964023590088e+00, -7.3061549663543701e-01, 2.0563152432441711e-01, 5.7526744157075882e-01, 1.4877787828445435e+00, 6.2355685234069824e-01, -7.3714327812194824e-01, -9.8420599102973938e-01, -1.1873845309019089e+00},
    {-1.0065431296825409e+00, -1.4826040714979172e+00, 9.2049977183341980e-01, -1.5729371160268784e+00, 2.1925415694713593e+00, 1.8096538335084915e+00, 2.0563152432441711e-01, 2.3057952523231506e-01, 2.1107682585716248e+00, 1.0008849762380123e+00, -2.1624109055846930e+00, -1.7742995992302895e+00, 2.9512020349502563e+00, 7.8215675055980682e-01},
    {-1.3935722708702087e+00, 6.3161799311637878e-01, -1.3958091735839844e+00, -9.3664100021123886e-01, -8.0748167634010315e-01, -3.0986128449440002e+00, 5.7526744157075882e-01, 2.1107682585716248e+00, -3.1464996337890625e+00, 1.5032106041908264e+00, 2.8468097746372223e+00, 1.7018090486526489e+00, 2.5294905900955200e-01, 6.0545318201184273e-01},
    {-4.5580238103866577e-01, 5.6791254878044128e-01, 1.5822649002075195e-02, 2.6640375703573227e-01, 1.2427328228950500e+00, -5.2439606189727783e-01, 1.4877787828445435e+00, 1.0008849762380123e+00, 1.5032106041908264e+00, 1.6475987434387207e+00, -2.7484476566314697e-01, -6.7141136154532433e-01, -2.6045703887939453e-01, -1.8605307638645172e+00},
    {-2.1416634321212769e-01, -2.9228448867797852e-02, 1.2573015317320824e+00, -9.3710964918136597e-01, -1.4320337772369385e+00, 7.9575717449188232e-01, 6.2355685234069824e-01, -2.1624109055846930e+00, 2.8468097746372223e+00, -2.7484476566314697e-01, 4.5063987374305725e-01, 4.4466352462768555e-01, -3.7558212876319885e-01, -1.3427732586860657e+00},
    {8.3957773447036743e-01, -7.3177431523799896e-01, -2.0836859345436096e+00, 9.2034226655960083e-01, 1.8045765161514282e+00, 2.0520484447479248e-01, -7.3714327812194824e-01, -1.7742995992302895e+00, 1.7018090486526489e+00, -6.7141136154532433e-01, 4.4466352462768555e-01, 1.0856664180755615e+00, -1.6102380752563477e+00, 1.0785311460494995e-01},
    {1.7085021734237671e-01, 4.0315949916839600e-01, 6.4789804816246033e-01, 6.0508853197097778e-01, -4.9807004630565643e-01, -1.4988473057746887e-01, -9.8420599102973938e-01, 2.9512020349502563e+00, 2.5294905900955200e-01, -2.6045703887939453e-01, -3.7558212876319885e-01, -1.6102380752563477e+00, -1.5019331127405167e-02, 3.2398898601531982e+00},
    {-3.2731252908706665e-01, 2.4979710578918457e-01, 8.8437622785568237e-01, -1.0816800594329834e-01, 1.9398632347583771e+00, 7.6018497347831726e-01, -1.1873845309019089e+00, 7.8215675055980682e-01, 6.0545318201184273e-01, -1.8605307638645172e+00, -1.3427732586860657e+00, 1.0785311460494995e-01, 3.2398898601531982e+00, 2.7598676681518555e+00}
}}};

static constexpr auto result = eigvals(mat);

int main() { return 0; }
