#include "../../consteig.hpp"

using namespace consteig;

static constexpr Matrix<double, 12, 12> mat
{{{
    {1.9784002304077148e+00, -4.0029627084732056e-01, 8.6532460059970617e-01, -2.6552481949329376e-01, -1.2946786582469940e+00, 6.0757257044315338e-01, -6.2622785568237305e-02, -3.0215942859649658e-01, -3.0543889403343201e+00, -1.6802010834217072e+00, -2.1027171611785889e-01, -2.4232680201530457e+00},
    {-4.0029627084732056e-01, -3.1133804321289062e+00, -9.1951304674148560e-01, 1.1962098479270935e+00, 2.5118785500526428e+00, 2.0946037173271179e+00, -9.0778972208499908e-01, -1.6092541217803955e+00, 3.1060624122619629e-01, -2.7653225511312485e-01, -2.0398937463760376e+00, -1.3932857513427734e+00},
    {8.6532460059970617e-01, -9.1951304674148560e-01, -1.4325097799301147e+00, -8.1601229310035706e-01, -2.2090748250484467e+00, 1.2842279076576233e+00, 5.3321164846420288e-01, 9.3853229284286499e-01, -3.9094326645135880e-01, -3.9206281304359436e-01, 1.1829811632633209e+00, 1.1046456843614578e+00},
    {-2.6552481949329376e-01, 1.1962098479270935e+00, -8.1601229310035706e-01, -2.8276834487915039e+00, -1.0352086573839188e+00, -1.5378077626228333e+00, 1.9820648729801178e+00, 1.5057481527328491e+00, -1.3414812684059143e+00, -4.6430683135986328e-01, -2.5193929672241211e-02, 2.6968701183795929e-01},
    {-1.2946786582469940e+00, 2.5118785500526428e+00, -2.2090748250484467e+00, -1.0352086573839188e+00, 5.2363729476928711e-01, 1.2748438715934753e+00, 3.2405900955200195e-01, 1.4350844025611877e+00, 5.8996213972568512e-01, 1.2087205785792321e+00, 1.0427278280258179e-01, 1.6923157870769501e-01},
    {6.0757257044315338e-01, 2.0946037173271179e+00, 1.2842279076576233e+00, -1.5378077626228333e+00, 1.2748438715934753e+00, -2.0559735298156738e+00, 2.2487049102783203e+00, 3.1785659492015839e-01, 4.8520389795303345e+00, 1.4043044447898865e+00, 1.3738870620727539e-04, 5.4512888193130493e-01},
    {-6.2622785568237305e-02, -9.0778972208499908e-01, 5.3321164846420288e-01, 1.9820648729801178e+00, 3.2405900955200195e-01, 2.2487049102783203e+00, 1.6391851902008057e+00, 1.3198890686035156e+00, 1.0684178844094276e+00, 7.6081405580043793e-01, 4.5636343955993652e-01, 5.6593894958496094e-02},
    {-3.0215942859649658e-01, -1.6092541217803955e+00, 9.3853229284286499e-01, 1.5057481527328491e+00, 1.4350844025611877e+00, 3.1785659492015839e-01, 1.3198890686035156e+00, 1.9689550995826721e-01, -1.5114664733409882e+00, 1.9650804996490479e-01, -8.5815370082855225e-02, -2.4885284900665283e-01},
    {-3.0543889403343201e+00, 3.1060624122619629e-01, -3.9094326645135880e-01, -1.3414812684059143e+00, 5.8996213972568512e-01, 4.8520389795303345e+00, 1.0684178844094276e+00, -1.5114664733409882e+00, 3.7898919582366943e+00, -1.2935442030429840e+00, -1.3185314834117889e-01, 1.0175018906593323e+00},
    {-1.6802010834217072e+00, -2.7653225511312485e-01, -3.9206281304359436e-01, -4.6430683135986328e-01, 1.2087205785792321e+00, 1.4043044447898865e+00, 7.6081405580043793e-01, 1.9650804996490479e-01, -1.2935442030429840e+00, 4.7570213675498962e-01, -2.3593661785125732e+00, 1.1036034300923347e+00},
    {-2.1027171611785889e-01, -2.0398937463760376e+00, 1.1829811632633209e+00, -2.5193929672241211e-02, 1.0427278280258179e-01, 1.3738870620727539e-04, 4.5636343955993652e-01, -8.5815370082855225e-02, -1.3185314834117889e-01, -2.3593661785125732e+00, 1.2212404049932957e-02, -1.0960334837436676e+00},
    {-2.4232680201530457e+00, -1.3932857513427734e+00, 1.1046456843614578e+00, 2.6968701183795929e-01, 1.6923157870769501e-01, 5.4512888193130493e-01, 5.6593894958496094e-02, -2.4885284900665283e-01, 1.0175018906593323e+00, 1.1036034300923347e+00, -1.0960334837436676e+00, 3.4537510871887207e+00}
}}};

static constexpr auto result = eigvals(mat);

int main() { return 0; }
