#include "../../consteig.hpp"

using namespace consteig;

static constexpr Matrix<double, 12, 12> mat
{{{
    {1.0000058107743628e+00, -6.7679591324563090e-07, 1.0871962890740468e-07, 1.3248860118454481e-07, -1.4088306626781971e-06, 6.1678007065157415e-07, 1.2807901045361295e-06, 1.0944843301415529e-07, 2.7882325098141540e-07, -8.2692160609076625e-07, -2.4650614517615442e-07, -1.2790343240788570e-06},
    {-6.7679591324201004e-07, 1.0000048671896222e+00, -3.7970255204519952e-07, -5.0710912821920234e-07, -1.2457373905423801e-06, 2.2778420090007122e-06, 5.0618140676102672e-07, -5.3868167561812403e-07, 6.5967917004501678e-08, 7.5938105267665869e-07, -4.5725778561600102e-07, 2.8805032657067998e-07},
    {1.0871962886489290e-07, -3.7970255200171321e-07, 1.0000050519593571e+00, 6.7361063936925623e-07, 2.4456373755957775e-08, -1.0343341429159975e-06, 1.9014797286820757e-07, -4.8949583132616025e-07, 2.3020591330970795e-08, 1.6435306941522453e-07, -1.3908356417043988e-06, 1.5681778800223652e-06},
    {1.3248860117743964e-07, -5.0710912821451475e-07, 6.7361063934430423e-07, 1.0000057926355030e+00, 1.0550694078523821e-06, 5.9521795196127973e-07, 5.7502946995914058e-07, 1.5579766950367807e-06, 5.9369635765605523e-07, -1.3258641062595510e-07, -1.3329387775142352e-08, -2.4254995740167394e-07},
    {-1.4088306626964625e-06, -1.2457373905375753e-06, 2.4456373755967198e-08, 1.0550694078781309e-06, 1.0000048130842272e+00, -1.1183456301699287e-06, 1.2201048840530559e-06, -1.5592675108449851e-07, -4.8829738171029438e-07, 9.5232371894434140e-08, -7.1190642596710424e-07, -1.2004022845839282e-06},
    {6.1678007069143245e-07, 2.2778420090166767e-06, -1.0343341429213374e-06, 5.9521795196367249e-07, -1.1183456301764921e-06, 1.0000044245566937e+00, -3.6795471697378035e-08, 1.5535069162462207e-07, 8.8532939683431679e-07, 9.3077029875364808e-07, -8.1910825831036887e-07, 1.0574436555172046e-06},
    {1.2807901045453530e-06, 5.0618140673848124e-07, 1.9014797287760847e-07, 5.7502946993216004e-07, 1.2201048840144473e-06, -3.6795471714717468e-08, 1.0000037765927559e+00, 1.1174930781678368e-06, 8.4151102657844461e-07, -1.9582402400212915e-06, -1.0709757998064922e-06, -1.6174385916570294e-06},
    {1.0944843302774844e-07, -5.3868167559065454e-07, -4.8949583133535977e-07, 1.5579766950276762e-06, -1.5592675108801243e-07, 1.5535069161323112e-07, 1.1174930781554699e-06, 1.0000059352126098e+00, 2.3780761850250218e-06, -8.9310655009401090e-08, 5.5583310554291790e-07, 9.9845118254785582e-07},
    {2.7882325099060746e-07, 6.5967917018620142e-08, 2.3020591326073264e-08, 5.9369635763234170e-07, -4.8829738171298710e-07, 8.8532939679531558e-07, 8.4151102658289746e-07, 2.3780761850927205e-06, 1.0000038827197257e+00, -7.3466837663720561e-07, -5.5536235031402901e-07, -5.0369329251714713e-07},
    {-8.2692160605860737e-07, 7.5938105267105155e-07, 1.6435306944399310e-07, -1.3258641070984955e-07, 9.5232371863634897e-08, 9.3077029872940420e-07, -1.9582402400210623e-06, -8.9310655022111720e-08, -7.3466837661852504e-07, 1.0000056657062115e+00, -6.2996932871740029e-07, 1.7406381775166870e-07},
    {-2.4650614516317221e-07, -4.5725778563778597e-07, -1.3908356417020117e-06, -1.3329387765616280e-08, -7.1190642594472277e-07, -8.1910825832278977e-07, -1.0709757998192551e-06, 5.5583310554883569e-07, -5.5536235030552300e-07, -6.2996932869751768e-07, 1.0000053542422391e+00, -1.7927388863682023e-06},
    {-1.2790343240943605e-06, 2.8805032660182772e-07, 1.5681778800009066e-06, -2.4254995738161546e-07, -1.2004022845543261e-06, 1.0574436554814644e-06, -1.6174385916206705e-06, 9.9845118255928844e-07, -5.0369329250778816e-07, 1.7406381777062712e-07, -1.7927388863770032e-06, 1.0000046253266943e+00}
}}};

static constexpr auto result = eigvals(mat);

int main() { return 0; }
