#include "../../consteig.hpp"

using namespace consteig;

static constexpr Matrix<double, 14, 14> mat
{{{
    {1.0000047216017225e+00, -7.1222555687746080e-07, -4.2765117913393913e-07, -1.7107280682401174e-08, 6.4939297841337751e-07, 4.9240857092307671e-07, 2.2991287314992096e-07, 1.3340652420479353e-06, -1.2775609030033032e-06, 5.0827931153106773e-07, -4.7415880950611905e-07, 1.1005319930996549e-06, -1.0087676662219614e-06, 3.5215172444029783e-07},
    {-7.1222555678625367e-07, 1.0000044570028555e+00, 7.3204165988684939e-07, 9.4947736502483376e-07, 1.5690924972245287e-06, -1.1299785078826334e-07, -7.9999787783289310e-07, 1.4333156152036926e-07, -1.9018988205689664e-07, 1.8038128521614528e-06, -2.1638813230819169e-07, 4.3297035105976986e-08, 9.1256511625207313e-07, 1.3556818123121838e-06},
    {-4.2765117913266011e-07, 7.3204165991349133e-07, 1.0000038588223141e+00, 4.4584903215125988e-07, 6.7221278451867512e-07, -5.1059599405504052e-07, -6.8462934293951201e-07, 3.6790920648876998e-07, -3.7887965984045160e-07, 9.2713059394951419e-07, 8.7858496412940221e-07, 3.8019675795346218e-07, 1.2226055772436566e-06, -1.2433841194698925e-06},
    {-1.7107280712714610e-08, 9.4947736501925552e-07, 4.4584903212350320e-07, 1.0000047020321285e+00, 7.4431059579476944e-07, -6.4185526200487832e-08, 2.0303322530637768e-06, -2.2636348323103920e-07, -1.2811185246063606e-06, -4.2066825252093022e-08, -2.9775240387480950e-07, 1.0952952972550921e-06, -4.0481732832223075e-07, 1.1676851700273203e-06},
    {6.4939297839757347e-07, 1.5690924972187060e-06, 6.7221278453297970e-07, 7.4431059581473019e-07, 1.0000044120965301e+00, 3.2747282149385035e-07, -1.2713899852190467e-06, -5.5513544566165134e-07, 6.5825026897400914e-07, -2.2541243045232793e-07, -5.9175923203216535e-07, 5.5114098180715644e-07, -1.4448383700458035e-06, -9.6499719874528097e-08},
    {4.9240857092464933e-07, -1.1299785078952631e-07, -5.1059599408534810e-07, -6.4185526150276553e-08, 3.2747282149557142e-07, 1.0000041784356097e+00, -3.6362041203825591e-07, -1.4456816621775404e-06, -4.1615380108737971e-07, 7.6781036602549960e-07, -1.3680226993432624e-06, -4.1611853713950869e-07, -5.8941656396328684e-08, -2.3930553195479097e-07},
    {2.2991287316067547e-07, -7.9999787783002769e-07, -6.8462934291686658e-07, 2.0303322531017802e-06, -1.2713899852225236e-06, -3.6362041204534441e-07, 1.0000061742132076e+00, -1.0754509618697762e-06, -9.4100502358681869e-07, -7.4090113439223624e-07, -6.2766889938485819e-07, -7.9333221628658318e-07, 3.6386518154925304e-07, 8.5748573808171569e-07},
    {1.3340652421005523e-06, 1.4333156152013755e-07, 3.6790920649305576e-07, -2.2636348323963388e-07, -5.5513544570331224e-07, -1.4456816622120449e-06, -1.0754509618693730e-06, 1.0000074178551002e+00, -5.0393031651892946e-07, -3.8836823274726556e-07, -1.2899732485296339e-06, -1.3960396938230223e-06, 2.9448652849476236e-07, -1.2186441716936163e-06},
    {-1.2775609029877083e-06, -1.9018988205747000e-07, -3.7887965984053435e-07, -1.2811185245506823e-06, 6.5825026898223680e-07, -4.1615380105703830e-07, -9.4100502360923732e-07, -5.0393031652341196e-07, 1.0000061009255685e+00, -3.4109608987890609e-08, -6.6450046931311543e-07, 8.8432147655525966e-07, -1.2382567454905345e-07, -2.7967124862505853e-07},
    {5.0827931152348964e-07, 1.8038128521082940e-06, 9.2713059398063461e-07, -4.2066825244964221e-08, -2.2541243044321436e-07, 7.6781036603517336e-07, -7.4090113443907865e-07, -3.8836823274263129e-07, -3.4109609039971945e-08, 1.0000042349084821e+00, -1.3474863336570089e-07, 3.8957416945890434e-07, -4.2384261718432287e-07, -1.5716422937904951e-06},
    {-4.7415880949181467e-07, -2.1638813232273654e-07, 8.7858496412933148e-07, -2.9775240386078920e-07, -5.9175923202892641e-07, -1.3680226993393537e-06, -6.2766889938209972e-07, -1.2899732485458309e-06, -6.6450046935477812e-07, -1.3474863332581176e-07, 1.0000058969523322e+00, -6.2437644714492777e-07, -1.0432821234448173e-07, -8.4134997398563846e-07},
    {1.1005319930996723e-06, 4.3297035081219761e-08, 3.8019675796723832e-07, 1.0952952972552954e-06, 5.5114098190363720e-07, -4.1611853716245307e-07, -7.9333221619881596e-07, -1.3960396938279240e-06, 8.8432147657246121e-07, 3.8957416946061355e-07, -6.2437644713287333e-07, 1.0000049016969608e+00, -5.9475338080118240e-07, 3.6101615683022312e-07},
    {-1.0087676662036790e-06, 9.1256511627040250e-07, 1.2226055772406011e-06, -4.0481732834040580e-07, -1.4448383700181818e-06, -5.8941656395196498e-08, 3.6386518154782192e-07, 2.9448652851445551e-07, -1.2382567455340590e-07, -4.2384261723047288e-07, -1.0432821235739015e-07, -5.9475338079650487e-07, 1.0000037648032896e+00, 3.9490131180753311e-07},
    {3.5215172445182357e-07, 1.3556818123141456e-06, -1.2433841194734843e-06, 1.1676851700345232e-06, -9.6499719895219722e-08, -2.3930553198290109e-07, 8.5748573810791198e-07, -1.2186441716925923e-06, -2.7967124858720182e-07, -1.5716422937858070e-06, -8.4134997395290456e-07, 3.6101615685966164e-07, 3.9490131183506926e-07, 1.0000051786538997e+00}
}}};

static constexpr auto result = eigvals(mat);

int main() { return 0; }
