#include "../../consteig.hpp"

using namespace consteig;

static constexpr Matrix<double, 20, 20> mat
{{{
    {1.0000063464053572e+00, 9.0209181103070535e-08, -8.0131280318180291e-08, -3.5309015958096321e-07, -3.6268883320802576e-07, 1.7417446511219432e-06, 1.3250823682134553e-06, 6.6428758175816224e-07, -2.4161875324127267e-08, 3.1428578528655013e-07, -7.5710305510408615e-07, 3.7765290393671695e-07, 3.8515223954117348e-07, -3.8098123209557950e-07, -2.8789625246947356e-07, -9.9416209710094347e-08, 5.5442425787824842e-08, 8.6640825404923467e-08, 8.3643698118761941e-08, 6.2090757494166760e-07},
    {9.0209181086802910e-08, 1.0000053140029443e+00, 5.9159615414508286e-08, -3.3371155842403356e-07, 4.6844895367759116e-07, -1.2346283632289090e-07, 9.2776967554050267e-07, 2.0006735513129334e-07, -7.9427875432729572e-07, -3.6432951547588394e-07, 5.3137355290303104e-08, -1.5667882157635518e-06, 9.1792931347633209e-08, -1.5874066648845453e-07, -4.0050093099049254e-07, 2.5707048810109707e-07, -7.3602855774441158e-07, -7.2396997368333938e-07, 4.4939573052458160e-07, -6.3580239803050772e-07},
    {-8.0131280317198408e-08, 5.9159615408657373e-08, 1.0000061075765916e+00, -5.2583859620194625e-07, 1.1724236727668626e-06, 1.3461179601747775e-06, -1.2726511250981078e-06, -1.5256254739909517e-06, -8.3358255752658925e-07, 6.5837633160092803e-08, -8.3242305884227491e-07, 8.2836605175670469e-07, -5.2108631805324971e-08, 1.3073509688145448e-06, -2.5546585064077146e-07, -3.8777141975601957e-07, -2.8913613430778510e-07, -1.0430814487479083e-07, -1.5568237893107074e-07, 2.8106524212538164e-07},
    {-3.5309015959246767e-07, -3.3371155845454046e-07, -5.2583859618159374e-07, 1.0000049281424519e+00, 4.4741785383710992e-07, -6.1276942928919764e-07, 3.7136691258479874e-07, -3.6384083823816526e-07, 5.7109336371612854e-07, -9.4627156019553153e-07, -4.4211702655528225e-07, 7.6809578613874745e-07, 5.1489913558065884e-07, -4.2938529489439001e-07, -1.2734007898435252e-07, 6.3242512680967184e-08, 9.3687979173822049e-07, -1.4755508392069382e-06, -1.3781146047775739e-06, 6.2437567517677934e-08},
    {-3.6268883324377897e-07, 4.6844895367726277e-07, 1.1724236727257081e-06, 4.4741785384231605e-07, 1.0000064024834650e+00, 2.5302556797532170e-07, 4.5612506149987843e-07, 1.5120870306686785e-07, -1.2920258290033994e-06, -4.5109215256349369e-08, 6.6629156171713469e-07, 6.4822130641130066e-07, -1.1411315433574628e-07, 5.3418100543400806e-08, -4.2329045133566737e-07, 4.8006971609164855e-07, 3.6068194781972931e-07, 5.7469719431250991e-07, 4.8678345869679881e-07, 5.6091428520733624e-07},
    {1.7417446511076844e-06, -1.2346283632851054e-07, 1.3461179601269466e-06, -6.1276942931500175e-07, 2.5302556797680464e-07, 1.0000049454390914e+00, 1.3238529475588176e-07, 5.0026445655916575e-07, -2.9488948459285244e-07, -1.3932459132900910e-07, -5.0432017159051917e-07, 1.3728360671149177e-06, 9.1798331034570375e-07, 1.9995110148854114e-07, 1.1259457911403846e-06, 7.1442649299251388e-07, 5.6229775485539176e-08, 1.9628089848853317e-07, -3.3385954190481613e-07, 1.0673301092808414e-06},
    {1.3250823682223856e-06, 9.2776967553271717e-07, -1.2726511250881943e-06, 3.7136691259891952e-07, 4.5612506147241603e-07, 1.3238529477369383e-07, 1.0000033289120265e+00, 4.1728766873208296e-07, -6.1149002700789434e-08, 2.6475218645302914e-07, -7.2821712811439238e-07, 7.4597319206211461e-07, 4.1219763568056741e-07, -4.9011574335417530e-07, -4.6426070640648748e-07, 2.2820337059785633e-07, 7.0979864262636849e-07, -2.6043592072834673e-07, -3.8404646214551373e-07, -3.4036067911733575e-07},
    {6.6428758175042459e-07, 2.0006735514005092e-07, -1.5256254739967323e-06, -3.6384083824220116e-07, 1.5120870306655516e-07, 5.0026445657476185e-07, 4.1728766873000932e-07, 1.0000054767703841e+00, -4.4926655576140501e-07, -6.4894983905661790e-07, -1.2715085590400939e-07, -8.8578347692763336e-07, -8.1063523072933827e-07, 9.9208983320909269e-07, -3.7067413498291642e-08, -1.2525099113529475e-06, 1.0232137338828264e-06, -7.3047231601162880e-07, -4.1816655258343712e-07, 1.5090586709613982e-06},
    {-2.4161875331195012e-08, -7.9427875435397673e-07, -8.3358255749530822e-07, 5.7109336371927114e-07, -1.2920258290089591e-06, -2.9488948463666723e-07, -6.1149002692539148e-08, -4.4926655575580247e-07, 1.0000053295347104e+00, 6.6763267909838757e-07, 2.6391168576345982e-07, -4.2281779807479251e-07, 2.4082341740174271e-07, 4.8213380652974619e-07, 8.2197251875877177e-07, 2.1296200768660787e-07, 5.1482506828141030e-07, 1.8418841317693727e-07, 9.5450254736104478e-07, 1.5529903413614168e-07},
    {3.1428578525580861e-07, -3.6432951547998813e-07, 6.5837633178072083e-08, -9.4627156020238794e-07, -4.5109215214717667e-08, -1.3932459133761353e-07, 2.6475218648123264e-07, -6.4894983905934302e-07, 6.6763267910766681e-07, 1.0000051351331798e+00, -4.1101437721115766e-07, -4.7286708628179112e-07, -1.2734736898055948e-07, -8.6450477953707820e-07, 9.0623324734628296e-07, -1.7634408481072148e-06, -4.4895580473150664e-07, 1.5271681092560331e-06, -3.0707515350898238e-07, -1.1559814455742663e-07},
    {-7.5710305510297579e-07, 5.3137355277708803e-08, -8.3242305886245198e-07, -4.4211702655646899e-07, 6.6629156174057834e-07, -5.0432017158229438e-07, -7.2821712811582895e-07, -1.2715085587779687e-07, 2.6391168582148380e-07, -4.1101437721236585e-07, 1.0000037577730938e+00, 1.3200181943806280e-06, -7.3421601639141929e-07, 5.3563560631455743e-07, 5.6882599782310606e-08, 1.1616564920443261e-07, -7.4087733484822315e-07, 3.0418206572547309e-08, -1.0409939826325839e-06, -3.1265117850111583e-07},
    {3.7765290397834422e-07, -1.5667882157714764e-06, 8.2836605175207703e-07, 7.6809578608720539e-07, 6.4822130641620795e-07, 1.3728360671166753e-06, 7.4597319206786289e-07, -8.8578347692968435e-07, -4.2281779806028564e-07, -4.7286708626380745e-07, 1.3200181943205058e-06, 1.0000042649552205e+00, -6.3179820825343913e-07, 1.8053778663479216e-07, -4.5916341819364889e-07, -6.6301298897684926e-07, 6.7798299967732064e-07, 7.4257955107151439e-07, -2.9020767876746436e-07, 8.5963614063290790e-07},
    {3.8515223954431031e-07, 9.1792931410831104e-08, -5.2108631792938808e-08, 5.1489913557720591e-07, -1.1411315434820049e-07, 9.1798331034349564e-07, 4.1219763569511573e-07, -8.1063523072004748e-07, 2.4082341737482168e-07, -1.2734736898496410e-07, -7.3421601639909288e-07, -6.3179820823013577e-07, 1.0000045698455891e+00, 7.4075261253547534e-08, 1.0795507787149424e-06, 2.9159852202424058e-07, -1.2105090573870520e-07, 6.1594404773467118e-07, 2.3219595249073850e-07, -3.9226790827828017e-07},
    {-3.8098123209080514e-07, -1.5874066647367852e-07, 1.3073509687944133e-06, -4.2938529492790430e-07, 5.3418100535571013e-08, 1.9995110146187477e-07, -4.9011574338410267e-07, 9.9208983320850464e-07, 4.8213380654015972e-07, -8.6450477951588967e-07, 5.3563560625547307e-07, 1.8053778662471482e-07, 7.4075261212958430e-08, 1.0000043019671629e+00, -1.3454480995737752e-06, -8.6248480370636749e-07, -1.5856819659771482e-07, 8.0617398206990019e-07, 1.2141657990125653e-08, 3.2347598422002943e-07},
    {-2.8789625250186325e-07, -4.0050093100589128e-07, -2.5546585064482536e-07, -1.2734007898624794e-07, -4.2329045134718930e-07, 1.1259457911207287e-06, -4.6426070636238502e-07, -3.7067413485057923e-08, 8.2197251876348540e-07, 9.0623324732080611e-07, 5.6882599754310224e-08, -4.5916341819911309e-07, 1.0795507787191959e-06, -1.3454480995609621e-06, 1.0000062044130369e+00, 1.0017749393318299e-06, 8.2524545978685761e-07, -2.9044579797765677e-07, 7.6710958647275352e-07, 4.0923733389034089e-07},
    {-9.9416209703428145e-08, 2.5707048811476501e-07, -3.8777141974215978e-07, 6.3242512682753629e-08, 4.8006971608100791e-07, 7.1442649297692191e-07, 2.2820337060388186e-07, -1.2525099113795154e-06, 2.1296200768065039e-07, -1.7634408481196170e-06, 1.1616564916297243e-07, -6.6301298898507321e-07, 2.9159852203268242e-07, -8.6248480371191874e-07, 1.0017749393584810e-06, 1.0000041942814384e+00, -3.1987242436662344e-08, -3.9934926359682297e-07, 1.2993217631375303e-07, -3.8104204752738536e-07},
    {5.5442425785521502e-08, -7.3602855777264287e-07, -2.8913613433853494e-07, 9.3687979173760936e-07, 3.6068194783084556e-07, 5.6229775481737044e-08, 7.0979864261874043e-07, 1.0232137338587925e-06, 5.1482506833130636e-07, -4.4895580476076163e-07, -7.4087733485843181e-07, 6.7798299971744396e-07, -1.2105090574965549e-07, -1.5856819661167610e-07, 8.2524545979957930e-07, -3.1987242467419070e-08, 1.0000048983702416e+00, 5.5092294030699032e-09, 1.2121686437196516e-06, -8.0462147164356457e-07},
    {8.6640825386240276e-08, -7.2396997371417096e-07, -1.0430814486020540e-07, -1.4755508391789386e-06, 5.7469719435011373e-07, 1.9628089846439498e-07, -2.6043592073988343e-07, -7.3047231600750364e-07, 1.8418841318346233e-07, 1.5271681092215302e-06, 3.0418206535463036e-08, 7.4257955103754350e-07, 6.1594404772797125e-07, 8.0617398206460296e-07, -2.9044579795367292e-07, -3.9934926358625100e-07, 5.5092293952980839e-09, 1.0000054994892544e+00, -1.6879912983027418e-07, 1.0064042630525620e-07},
    {8.3643698085391860e-08, 4.4939573057047649e-07, -1.5568237893201068e-07, -1.3781146047928267e-06, 4.8678345869221276e-07, -3.3385954191398029e-07, -3.8404646213757729e-07, -4.1816655260903959e-07, 9.5450254737651923e-07, -3.0707515353045000e-07, -1.0409939826308145e-06, -2.9020767877633142e-07, 2.3219595248903363e-07, 1.2141657983784466e-08, 7.6710958646523536e-07, 1.2993217630012874e-07, 1.2121686437334921e-06, -1.6879912980674369e-07, 1.0000055050164740e+00, 6.3192325162355167e-07},
    {6.2090757493074818e-07, -6.3580239802360112e-07, 2.8106524210561973e-07, 6.2437567520690658e-08, 5.6091428520670679e-07, 1.0673301092868380e-06, -3.4036067911732474e-07, 1.5090586709060789e-06, 1.5529903415956556e-07, -1.1559814455436045e-07, -3.1265117851958665e-07, 8.5963614063747436e-07, -3.9226790826650630e-07, 3.2347598421558315e-07, 4.0923733388133248e-07, -3.8104204755004677e-07, -8.0462147161713217e-07, 1.0064042633763203e-07, 6.3192325162552144e-07, 1.0000034894882841e+00}
}}};

static constexpr auto result = eigvals(mat);

int main() { return 0; }
