#include "../../consteig.hpp"

using namespace consteig;

static constexpr Matrix<double, 10, 10> mat
{{{
    {9.9999999999999978e-01, 4.4548905566798999e-17, 3.8477151370653644e-17, -2.2340061403549850e-18, -1.6411575466019550e-16, 2.1233148949962831e-18, -5.8641689555008241e-17, -2.7740858774874063e-16, 2.7060341925886338e-18, -6.4525060927341542e-17},
    {4.4548905566798999e-17, 1.0000000000000002e+00, 1.1987833316539522e-16, 1.0261013200113273e-16, 1.6280327743516685e-16, 1.7194929806469367e-16, 1.1565603250526906e-16, -3.2208695338790384e-17, -1.6461174758668655e-16, 1.7068049555372990e-16},
    {3.8477151370653644e-17, 1.1987833316539522e-16, 1.0000000000000000e+00, 6.2058945805901123e-17, 2.6095327993335716e-16, 2.4957379530926485e-18, -5.7307207545344598e-17, -9.0609244754172953e-17, -8.8279669022998258e-17, 1.7440196066011136e-16},
    {-2.2340061403549850e-18, 1.0261013200113273e-16, 6.2058945805901123e-17, 1.0000000000000002e+00, -1.0497791021183537e-18, -7.7914637892446833e-17, -1.0326686116682582e-16, -1.2233420360236948e-16, 8.3100158489553559e-17, 6.2987624644591930e-17},
    {-1.6411575466019550e-16, 1.6280327743516685e-16, 2.6095327993335716e-16, -1.0497791021183537e-18, 1.0000000000000002e+00, 3.0522497034575300e-16, -9.5904379215248730e-17, -7.0831477895912576e-17, -2.6531505288737966e-16, 1.2735634692337796e-16},
    {2.1233148949962831e-18, 1.7194929806469367e-16, 2.4957379530926485e-18, -7.7914637892446833e-17, 3.0522497034575300e-16, 1.0000000000000002e+00, -7.2469123429985971e-17, 1.0682422628793670e-17, 5.9239840867814425e-17, 2.0212066963911376e-16},
    {-5.8641689555008241e-17, 1.1565603250526906e-16, -5.7307207545344598e-17, -1.0326686116682582e-16, -9.5904379215248730e-17, -7.2469123429985971e-17, 1.0000000000000002e+00, 5.5240683775027492e-17, -1.7140521810579376e-16, -1.2227854546525399e-18},
    {-2.7740858774874063e-16, -3.2208695338790384e-17, -9.0609244754172953e-17, -1.2233420360236948e-16, -7.0831477895912576e-17, 1.0682422628793670e-17, 5.5240683775027492e-17, 9.9999999999999989e-01, -1.7213917371436245e-17, 3.9596530149112061e-17},
    {2.7060341925886338e-18, -1.6461174758668655e-16, -8.8279669022998258e-17, 8.3100158489553559e-17, -2.6531505288737966e-16, 5.9239840867814425e-17, -1.7140521810579376e-16, -1.7213917371436245e-17, 1.0000000000000000e+00, -1.2682279946964649e-16},
    {-6.4525060927341542e-17, 1.7068049555372990e-16, 1.7440196066011136e-16, 6.2987624644591930e-17, 1.2735634692337796e-16, 2.0212066963911376e-16, -1.2227854546525399e-18, 3.9596530149112061e-17, -1.2682279946964649e-16, 1.0000000000000000e+00}
}}};

static constexpr auto result = eigvals(mat);

int main() { return 0; }
