#include "../../consteig.hpp"

using namespace consteig;

static constexpr Matrix<double, 12, 12> mat
{{{
    {-1.6914367675781250e+00, -8.4143102169036865e-01, -1.2242852449417114e+00, 1.0897876024246216e+00, -4.5554116368293762e-02, 7.0385712385177612e-01, -1.5145654678344727e+00, 1.4287807941436768e+00, 1.6825479865074158e+00, -2.1607875823974609e-01, -9.8542726039886475e-01, -1.0897153615951538e+00},
    {-4.3731284141540527e-01, 8.1464159488677979e-01, 8.4587134420871735e-02, 1.2313061952590942e+00, -5.6052172183990479e-01, 2.2758772596716881e-02, 1.4287807941436768e+00, -3.3433514833450317e-01, -9.5427441596984863e-01, 1.8746387362480164e+00, 2.3197075128555298e+00, 1.5513269305229187e+00},
    {-6.9430595636367798e-01, 1.2422043085098267e+00, -1.0685993432998657e+00, -6.5139479935169220e-02, -4.9276582896709442e-02, -1.5796139240264893e+00, 1.6825479865074158e+00, -9.5427441596984863e-01, -1.1342377662658691e+00, 3.0056935548782349e+00, 2.0331639051437378e+00, 5.9358184598386288e-01},
    {1.7942062616348267e+00, -2.2475824356079102e+00, -8.1089520454406738e-01, 6.7312335968017578e-01, 1.1059728860855103e+00, 1.2683155536651611e+00, -2.1607875823974609e-01, 1.8746387362480164e+00, 3.0056935548782349e+00, 3.0880742073059082e+00, 2.4364686012268066e-01, -6.9630676507949829e-01},
    {9.9486976861953735e-01, -7.8949385881423950e-01, 3.9703777432441711e-01, 1.5525243282318115e+00, 1.1067055463790894e+00, 4.2433091998100281e-01, -9.8542726039886475e-01, 2.3197075128555298e+00, 2.0331639051437378e+00, 2.4364686012268066e-01, 2.5211974978446960e-01, 8.4726732969284058e-01},
    {6.1646336317062378e-01, 6.3913851976394653e-01, 8.2857018709182739e-01, 1.6295252740383148e-01, 2.3547541350126266e-02, -3.7442824244499207e-01, -1.0897153615951538e+00, 1.5513269305229187e+00, 5.9358184598386288e-01, -6.9630676507949829e-01, 8.4726732969284058e-01, -1.8756563663482666e+00},
    {-1.3036490678787231e+00, -1.9669524431228638e+00, 2.0266171814873815e+00, -2.7812570333480835e+00, 1.3531183004379272e+00, 1.8876711633056402e+00, 1.6914367675781250e+00, 4.3731284141540527e-01, 6.9430595636367798e-01, -1.7942062616348267e+00, -9.9486976861953735e-01, -6.1646336317062378e-01},
    {-1.9669524431228638e+00, 3.0332002043724060e-01, 1.1087310314178467e-01, -6.1388695240020752e-01, -1.1529232859611511e+00, 9.2330688238143921e-01, 8.4143102169036865e-01, -8.1464159488677979e-01, -1.2422043085098267e+00, 2.2475824356079102e+00, 7.8949385881423950e-01, -6.3913851976394653e-01},
    {2.0266171814873815e+00, 1.1087310314178467e-01, -1.4810523986816406e+00, 3.3593844175338745e+00, 2.9311438798904419e+00, -1.5488834083080292e+00, 1.2242852449417114e+00, -8.4587134420871735e-02, 1.0685993432998657e+00, 8.1089520454406738e-01, -3.9703777432441711e-01, -8.2857018709182739e-01},
    {-2.7812570333480835e+00, -6.1388695240020752e-01, 3.3593844175338745e+00, -1.7297559976577759e+00, -1.0031869113445282e+00, -9.0139415860176086e-01, -1.0897876024246216e+00, -1.2313061952590942e+00, 6.5139479935169220e-02, -6.7312335968017578e-01, -1.5525243282318115e+00, -1.6295252740383148e-01},
    {1.3531183004379272e+00, -1.1529232859611511e+00, 2.9311438798904419e+00, -1.0031869113445282e+00, 2.2495919466018677e-01, -1.3601007163524628e+00, 4.5554116368293762e-02, 5.6052172183990479e-01, 4.9276582896709442e-02, -1.1059728860855103e+00, -1.1067055463790894e+00, -2.3547541350126266e-02},
    {1.8876711633056402e+00, 9.2330688238143921e-01, -1.5488834083080292e+00, -9.0139415860176086e-01, -1.3601007163524628e+00, -1.1436232328414917e+00, -7.0385712385177612e-01, -2.2758772596716881e-02, 1.5796139240264893e+00, -1.2683155536651611e+00, -4.2433091998100281e-01, 3.7442824244499207e-01}
}}};

static constexpr auto result = eigvals(mat);

int main() { return 0; }
