#include "../../consteig.hpp"

using namespace consteig;

static constexpr Matrix<double, 8, 8> mat
{{{
    {1.0000043113902735e+00, 3.9966831786584922e-07, -7.2008896929444030e-07, 2.3724870568761534e-07, 8.9424679974912228e-07, 1.8314697693004414e-06, 1.7568020855647072e-06, 6.7814187894254586e-07},
    {3.9966831787708956e-07, 1.0000056357458162e+00, -1.3241981556143363e-08, -1.7697513905968106e-06, -1.2156050214037651e-06, -3.1520384779524953e-07, 1.9770363704623179e-07, 7.0500040875651268e-07},
    {-7.2008896928986590e-07, -1.3241981555554819e-08, 1.0000053006810350e+00, -4.0271725366681836e-07, -1.9627340339769272e-07, -1.9672782000423761e-06, -9.9103836939674375e-07, 3.0856065028372885e-06},
    {2.3724870568753796e-07, -1.7697513906183779e-06, -4.0271725366975428e-07, 1.0000030556546955e+00, -3.7713731471159655e-08, -3.4046760744869547e-08, -9.8195195404475179e-07, 2.2595595184369105e-07},
    {8.9424679970783154e-07, -1.2156050213710142e-06, -1.9627340341197256e-07, -3.7713731469639303e-08, 1.0000042565223217e+00, -8.6658183930765748e-07, -8.4289211951864845e-07, -2.3552303289562341e-07},
    {1.8314697692985201e-06, -3.1520384781680895e-07, -1.9672782000451006e-06, -3.4046760731337409e-08, -8.6658183930049888e-07, 1.0000061769554094e+00, -2.1296107889082087e-06, -7.8140429988109699e-07},
    {1.7568020855497482e-06, 1.9770363708646416e-07, -9.9103836937969742e-07, -9.8195195407717409e-07, -8.4289211949402499e-07, -2.1296107888923899e-06, 1.0000059675549062e+00, -1.7513072712829697e-06},
    {6.7814187893882781e-07, 7.0500040878936792e-07, 3.0856065028199887e-06, 2.2595595186154278e-07, -2.3552303289142284e-07, -7.8140429986777930e-07, -1.7513072712904987e-06, 1.0000052954955414e+00}
}}};

static constexpr auto result = eigvals(mat);

int main() { return 0; }
