#include "../../consteig.hpp"

using namespace consteig;

static constexpr Matrix<double, 8, 8> mat
{{{
    {9.9999999999999989e-01, 1.9543121683487065e-16, -3.8870562867865439e-17, 8.1855017410213834e-17, -7.6959061620883466e-17, 2.8329513764383619e-16, 2.8213135316624451e-17, 1.1790377186176165e-18},
    {1.9543121683487065e-16, 9.9999999999999989e-01, 1.1184819464208815e-16, -4.5104393960040108e-17, -2.8674953781757125e-17, 7.2241401168431287e-17, 6.1792013511800710e-17, -1.3362937041254209e-17},
    {-3.8870562867865439e-17, 1.1184819464208815e-16, 1.0000000000000002e+00, -3.6974482161262560e-17, -2.7086600748395538e-17, 4.2076687027385447e-17, 8.2796661647613439e-17, -3.4669764265220733e-18},
    {8.1855017410213834e-17, -4.5104393960040108e-17, -3.6974482161262560e-17, 1.0000000000000000e+00, 1.3064045782567650e-16, 1.1992544406517264e-17, 1.0845198952670185e-16, -5.9464767862150746e-17},
    {-7.6959061620883466e-17, -2.8674953781757125e-17, -2.7086600748395538e-17, 1.3064045782567650e-16, 9.9999999999999978e-01, -1.6755660127440857e-16, -1.6709524711426899e-16, -2.8302900817369692e-17},
    {2.8329513764383619e-16, 7.2241401168431287e-17, 4.2076687027385447e-17, 1.1992544406517264e-17, -1.6755660127440857e-16, 9.9999999999999989e-01, -6.8102883162349678e-17, 1.4245496671762863e-17},
    {2.8213135316624451e-17, 6.1792013511800710e-17, 8.2796661647613439e-17, 1.0845198952670185e-16, -1.6709524711426899e-16, -6.8102883162349678e-17, 9.9999999999999956e-01, -5.8655310759040047e-17},
    {1.1790377186176165e-18, -1.3362937041254209e-17, -3.4669764265220733e-18, -5.9464767862150746e-17, -2.8302900817369692e-17, 1.4245496671762863e-17, -5.8655310759040047e-17, 1.0000000000000000e+00}
}}};

static constexpr auto result = eigvals(mat);

int main() { return 0; }
