#include "../../consteig.hpp"

using namespace consteig;

static constexpr Matrix<double, 20, 20> mat
{{{
    {1.0000053912482028e+00, 4.3622066275565704e-07, -1.7818097737094288e-07, -2.8192617503196573e-07, 1.0991848772467742e-06, 4.7564547554489523e-07, 1.3279781473052421e-07, -4.6223318847689165e-08, -9.4449154229822446e-07, -5.1729451947664220e-07, -8.4490113395798964e-07, 2.0586896782608195e-07, 1.7714182363791129e-07, -5.3560725482179450e-07, -9.8198288079862187e-07, 3.2987750769030533e-07, 5.0735386664746642e-07, 8.9429671830890814e-08, 7.0213833987916575e-07, -4.0547726722414878e-08},
    {4.3622066278716888e-07, 1.0000048064418803e+00, 9.5665178355966684e-07, -5.1122802677376851e-07, 3.4232133025373175e-07, 3.8059696016836796e-07, 6.5251546339515366e-07, -1.0835250597982515e-06, -1.0768973280696289e-07, 1.5147215274975613e-07, -7.0371005495438567e-07, -2.4476648950460088e-07, -8.6385466416082951e-08, -9.7675828688452262e-07, -2.8763923784405169e-07, 7.1092171244925847e-07, 2.5721871196470330e-07, -2.6130951350970169e-07, -3.2540950391919348e-07, 3.6528588584361936e-07},
    {-1.7818097734837337e-07, 9.5665178355397245e-07, 1.0000055544793465e+00, 9.8195852029328301e-07, 1.0022570382268417e-06, -1.0565464483426779e-06, 6.2346441226476748e-07, -9.7265391962506632e-07, 2.1275847783606015e-07, 2.8343836992747600e-07, 2.4984349382833613e-08, -4.8454238015756303e-07, 4.7101584915839604e-08, -9.5427030774630703e-08, -1.3275793492720055e-06, -6.6833918754611298e-08, 6.0713174079263284e-08, 3.6467530367586105e-07, -1.2662551206365205e-07, 3.2833980008151807e-08},
    {-2.8192617504311337e-07, -5.1122802678311297e-07, 9.8195852023756497e-07, 1.0000055901385914e+00, 1.1579963393628890e-06, 9.8471634377829891e-08, -1.2926220370565732e-06, -2.1863216254910020e-07, 6.9860132815411269e-07, 1.0515121514832257e-06, 9.4224770472303790e-07, 6.6377883017095123e-07, -5.5379564892239748e-07, -1.9996608904048586e-07, 8.6693700217080460e-07, 3.0560062703810609e-07, -9.3802671826681611e-07, -5.7903298113978932e-07, 2.2184317196770624e-06, 3.7189775267495544e-07},
    {1.0991848772674063e-06, 3.4232133026390086e-07, 1.0022570381867582e-06, 1.1579963393948848e-06, 1.0000046649677039e+00, -1.3740345332340481e-07, 4.9389619363230703e-07, -3.3164146673105735e-07, 1.1649978749251732e-06, -6.5689330202141920e-07, 2.5527996395438384e-08, -5.7683637572595239e-07, -3.2504652975595708e-07, 8.4737819830190132e-07, -6.9078134508682776e-07, 1.1389711224405758e-08, -4.7774391666558860e-07, -4.4496886831253516e-07, 6.5386871187567177e-07, 2.3416519024983166e-07},
    {4.7564547552207373e-07, 3.8059696015563668e-07, -1.0565464483075872e-06, 9.8471634357808070e-08, -1.3740345333511694e-07, 1.0000055945160384e+00, -7.1331912255521125e-08, -1.3455658927462352e-06, -3.1429922896734239e-07, -1.2092742901721076e-07, 3.2490185834328289e-07, 4.5087428512551879e-07, 3.0057226645109736e-07, 4.9152021359767251e-07, 8.8468680381260171e-08, -5.4568823635638490e-07, -7.8876378771527443e-07, -9.0666048347011480e-08, -5.4252441885491157e-07, -1.4550544216310963e-07},
    {1.3279781474369912e-07, 6.5251546341033291e-07, 6.2346441226797721e-07, -1.2926220370575433e-06, 4.9389619362384369e-07, -7.1331912192210998e-08, 1.0000056056069409e+00, 1.2234399181937610e-07, 4.7387697584644923e-07, -1.2960950621185473e-07, 1.1551153347032496e-06, 7.0231761839125489e-07, -5.4925087887326374e-07, 2.3867997935803007e-07, 8.0471452530009135e-07, -3.1488323086525578e-08, 7.1117012049811392e-07, 2.4242792079503005e-07, -2.3508874247816006e-07, -6.1476114837688171e-07},
    {-4.6223318855412385e-08, -1.0835250597732922e-06, -9.7265391963448490e-07, -2.1863216256471006e-07, -3.3164146672294293e-07, -1.3455658926902694e-06, 1.2234399182069543e-07, 1.0000056394257559e+00, 1.4808103443018424e-06, 7.9720364654859556e-07, 2.1605888978786233e-07, 5.5917988301257062e-09, -8.0477842306387484e-08, 5.3904619089266007e-07, 6.5090855464175855e-08, 3.5295823047870597e-08, 3.9371856511877376e-07, 5.0105284642422788e-07, -4.8551758643194001e-07, 1.1306526348914722e-07},
    {-9.4449154228394010e-07, -1.0768973281834100e-07, 2.1275847786367888e-07, 6.9860132815414636e-07, 1.1649978749533417e-06, -3.1429922896793256e-07, 4.7387697585407199e-07, 1.4808103443308647e-06, 1.0000039532550631e+00, 2.8280625515690200e-07, 3.6987081891145776e-08, -1.3418706552046453e-06, 1.3914386014226052e-07, -1.3260118470424361e-06, -2.3716742114787823e-07, -2.7152191836921255e-08, -1.8356643937463144e-07, 6.9581424525384484e-07, -5.9483280866957235e-07, -3.0806097491131222e-07},
    {-5.1729451944028521e-07, 1.5147215275059445e-07, 2.8343836991641126e-07, 1.0515121514748951e-06, -6.5689330201750887e-07, -1.2092742900318998e-07, -1.2960950622093188e-07, 7.9720364652132428e-07, 2.8280625516975270e-07, 1.0000041896448300e+00, -6.9959754058135261e-07, 5.0637339786406846e-07, -3.3667558616317211e-07, -5.1035576280996864e-07, 1.0283185246596936e-06, 1.0060020274317403e-06, -5.3560134401396928e-07, 4.5564390416690202e-07, -6.0175228327106793e-07, -3.3356932639240117e-07},
    {-8.4490113393801152e-07, -7.0371005500359606e-07, 2.4984349341856405e-08, 9.4224770473147763e-07, 2.5527996385501093e-08, 3.2490185834986878e-07, 1.1551153347055260e-06, 2.1605888976522180e-07, 3.6987081888775646e-08, -6.9959754054631011e-07, 1.0000060017116761e+00, 3.9225271786943495e-07, 3.2026258373578611e-07, 7.0062788847646308e-07, -8.2208371791791867e-08, 1.1532824149085902e-06, 1.3046552302457082e-06, 2.3520331019208278e-07, 1.3259442428297627e-07, -2.9768890384496778e-07},
    {2.0586896781982404e-07, -2.4476648947733653e-07, -4.8454238020095579e-07, 6.6377883016571932e-07, -5.7683637572975684e-07, 4.5087428512877859e-07, 7.0231761839293773e-07, 5.5917988121370351e-09, -1.3418706552361475e-06, 5.0637339787318063e-07, 3.9225271790102160e-07, 1.0000055559474212e+00, -8.4116102181086072e-08, -1.1422860872183444e-06, -5.3167382716157498e-07, -7.3749321683068393e-07, 1.0200096139779597e-06, -1.7903646331648633e-06, -5.6692463676298741e-07, 4.2997421500149562e-07},
    {1.7714182365632033e-07, -8.6385466412647888e-08, 4.7101584938696206e-08, -5.5379564894032631e-07, -3.2504652974450074e-07, 3.0057226641172949e-07, -5.4925087888552306e-07, -8.0477842288190503e-08, 1.3914386014628753e-07, -3.3667558613171500e-07, 3.2026258373826442e-07, -8.4116102165506793e-08, 1.0000037466551750e+00, 8.1848772508054717e-08, -6.3899166521200651e-07, -1.2276562599677999e-06, 4.9327694619965356e-08, -1.2261687386654322e-06, 5.6691042656454423e-07, -1.4378042139462393e-06},
    {-5.3560725482014850e-07, -9.7675828691314746e-07, -9.5427030761446754e-08, -1.9996608905647734e-07, 8.4737819830873804e-07, 4.9152021358612819e-07, 2.3867997938558496e-07, 5.3904619090077231e-07, -1.3260118470637691e-06, -5.1035576284167859e-07, 7.0062788846012657e-07, -1.1422860872099057e-06, 8.1848772550532400e-08, 1.0000038556174440e+00, 7.0134965013199438e-07, -1.1454214873442636e-06, 2.9137182197548500e-07, 6.3457593380166361e-07, 1.9259307720062277e-07, -2.0462592750823035e-07},
    {-9.8198288077862299e-07, -2.8763923784392755e-07, -1.3275793492315794e-06, 8.6693700218182079e-07, -6.9078134504156391e-07, 8.8468680385570959e-08, 8.0471452528828318e-07, 6.5090855453570831e-08, -2.3716742116384504e-07, 1.0283185246552662e-06, -8.2208371753310287e-08, -5.3167382712762188e-07, -6.3899166521854677e-07, 7.0134965015149361e-07, 1.0000051314238276e+00, -2.6429794073187553e-07, 1.0080654131201054e-07, -5.5219387779981563e-07, 1.8381441358298195e-06, 1.0515483904228255e-06},
    {3.2987750768212759e-07, 7.1092171243283514e-07, -6.6833918797213985e-08, 3.0560062704975660e-07, 1.1389711207346206e-08, -5.4568823639053822e-07, -3.1488323122939882e-08, 3.5295823047965352e-08, -2.7152191845490922e-08, 1.0060020274450714e-06, 1.1532824149086228e-06, -7.3749321683898930e-07, -1.2276562599850262e-06, -1.1454214873520563e-06, -2.6429794073146604e-07, 1.0000039046862825e+00, -1.5536361770873153e-07, 3.3611909090216225e-07, -8.1056575101976073e-07, 1.0386220935733567e-06},
    {5.0735386664001020e-07, 2.5721871193567919e-07, 6.0713174079051578e-08, -9.3802671829586469e-07, -4.7774391666024159e-07, -7.8876378768585613e-07, 7.1117012046972815e-07, 3.9371856510201224e-07, -1.8356643938939891e-07, -5.3560134401664749e-07, 1.3046552302621512e-06, 1.0200096139723178e-06, 4.9327694573543133e-08, 2.9137182199688640e-07, 1.0080654130739318e-07, -1.5536361772638819e-07, 1.0000053973733536e+00, -1.8509273315790519e-06, 2.0090450992711661e-07, -4.5904628188187526e-07},
    {8.9429671815442323e-08, -2.6130951352316739e-07, 3.6467530367108993e-07, -5.7903298113344885e-07, -4.4496886831560349e-07, -9.0666048350825074e-08, 2.4242792077894575e-07, 5.0105284642891155e-07, 6.9581424521675772e-07, 4.5564390415855985e-07, 2.3520331019463730e-07, -1.7903646331657645e-06, -1.2261687386640678e-06, 6.3457593379799363e-07, -5.5219387779279775e-07, 3.3611909090853178e-07, -1.8509273316416229e-06, 1.0000053486007137e+00, -9.8234971073199019e-08, 9.3224932945532293e-07},
    {7.0213833986610926e-07, -3.2540950395276187e-07, -1.2662551208398815e-07, 2.2184317197063156e-06, 6.5386871189512060e-07, -5.4252441888021891e-07, -2.3508874247853403e-07, -4.8551758640975452e-07, -5.9483280868238161e-07, -6.0175228325220228e-07, 1.3259442428865208e-07, -5.6692463674158987e-07, 5.6691042653772536e-07, 1.9259307720180237e-07, 1.8381441357868082e-06, -8.1056575100404075e-07, 2.0090450991176763e-07, -9.8234971088038652e-08, 1.0000053126218580e+00, 3.2532490388226650e-07},
    {-4.0547726759329209e-08, 3.6528588580674617e-07, 3.2833980006957543e-08, 3.7189775271392827e-07, 2.3416519028691871e-07, -1.4550544216260300e-07, -6.1476114837462119e-07, 1.1306526346527884e-07, -3.0806097494102169e-07, -3.3356932635811503e-07, -2.9768890382784559e-07, 4.2997421502294985e-07, -1.4378042139551160e-06, -2.0462592754177791e-07, 1.0515483904515734e-06, 1.0386220935737484e-06, -4.5904628189101167e-07, 9.3224932943272155e-07, 3.2532490388674159e-07, 1.0000047556378961e+00}
}}};

static constexpr auto result = eigvals(mat);

int main() { return 0; }
