#include "../../consteig.hpp"

using namespace consteig;

static constexpr Matrix<double, 12, 12> mat
{{{
    {6.9811201095581055e-01, 1.6106772422790527e-01, 3.0343546867370605e+00, -1.2611498832702637e+00, 1.4085068702697754e+00, -1.0369809865951538e+00, -1.7244147062301636e+00, 3.3973432779312134e+00, -1.3945908248424530e+00, 8.7543570995330811e-01, 6.6088530421257019e-01, -3.3898645639419556e-01},
    {-1.8855910301208496e+00, 7.1264845132827759e-01, 6.0207730531692505e-01, -1.6695382595062256e+00, 9.8086434602737427e-01, -1.5545058250427246e-01, 3.3973432779312134e+00, 2.9004988670349121e+00, 2.9866102337837219e-01, -1.5328314304351807e+00, 7.9694666713476181e-01, -9.6106192469596863e-01},
    {5.9415191411972046e-01, 1.2885431051254272e+00, 4.9654027819633484e-01, -2.3349931240081787e+00, 6.7221510410308838e-01, 4.6128141880035400e-01, -1.3945908248424530e+00, 2.9866102337837219e-01, 8.2350784540176392e-01, 2.6258555650711060e+00, -2.3071663081645966e-01, -1.9811766445636749e+00},
    {-4.9727532267570496e-01, -9.9826544523239136e-01, -1.5457838773727417e-01, -1.6075870990753174e+00, -7.6376265287399292e-01, 5.3217731416225433e-02, 8.7543570995330811e-01, -1.5328314304351807e+00, 2.6258555650711060e+00, 5.6765121221542358e-01, 1.7458308935165405e+00, 1.4233721643686295e+00},
    {-1.0083407163619995e-01, -1.8289362192153931e+00, -8.2057929039001465e-01, -5.9478744864463806e-02, 2.4743354320526123e+00, -3.6240971088409424e-01, 6.6088530421257019e-01, 7.9694666713476181e-01, -2.3071663081645966e-01, 1.7458308935165405e+00, 1.9083427190780640e+00, 7.8599649667739868e-01},
    {-6.4986757934093475e-02, -8.9218437671661377e-01, -1.1496134996414185e+00, 1.5416791439056396e+00, 3.6589238047599792e-01, -1.1515606641769409e+00, -3.3898645639419556e-01, -9.6106192469596863e-01, -1.9811766445636749e+00, 1.4233721643686295e+00, 7.8599649667739868e-01, -9.7675091028213501e-01},
    {-1.0576910972595215e+00, -1.1161375641822815e+00, 3.7046304345130920e-01, 2.4839307665824890e+00, 1.2716705799102783e+00, -1.8323462009429932e+00, -6.9811201095581055e-01, 1.8855910301208496e+00, -5.9415191411972046e-01, 4.9727532267570496e-01, 1.0083407163619995e-01, 6.4986757934093475e-02},
    {-1.1161375641822815e+00, 1.4644751548767090e+00, 1.2591445446014404e+00, -2.1203788816928864e+00, -1.4735506176948547e+00, -1.1271484941244125e+00, -1.6106772422790527e-01, -7.1264845132827759e-01, -1.2885431051254272e+00, 9.9826544523239136e-01, 1.8289362192153931e+00, 8.9218437671661377e-01},
    {3.7046304345130920e-01, 1.2591445446014404e+00, 1.7443293333053589e+00, 2.1333885192871094e+00, -8.4388133138418198e-01, 1.9594352245330811e+00, -3.0343546867370605e+00, -6.0207730531692505e-01, -4.9654027819633484e-01, 1.5457838773727417e-01, 8.2057929039001465e-01, 1.1496134996414185e+00},
    {2.4839307665824890e+00, -2.1203788816928864e+00, 2.1333885192871094e+00, -1.1708524227142334e+00, 1.7768174409866333e-01, -2.5227061510086060e+00, 1.2611498832702637e+00, 1.6695382595062256e+00, 2.3349931240081787e+00, 1.6075870990753174e+00, 5.9478744864463806e-02, -1.5416791439056396e+00},
    {1.2716705799102783e+00, -1.4735506176948547e+00, -8.4388133138418198e-01, 1.7768174409866333e-01, 5.3533667325973511e-01, -1.7914728373289108e+00, -1.4085068702697754e+00, -9.8086434602737427e-01, -6.7221510410308838e-01, 7.6376265287399292e-01, -2.4743354320526123e+00, -3.6589238047599792e-01},
    {-1.8323462009429932e+00, -1.1271484941244125e+00, 1.9594352245330811e+00, -2.5227061510086060e+00, -1.7914728373289108e+00, -6.7917335033416748e-01, 1.0369809865951538e+00, 1.5545058250427246e-01, -4.6128141880035400e-01, -5.3217731416225433e-02, 3.6240971088409424e-01, 1.1515606641769409e+00}
}}};

static constexpr auto result = eigvals(mat);

int main() { return 0; }
