#include "../../consteig.hpp"

using namespace consteig;

static constexpr Matrix<double, 10, 10> mat
{{{
    {-3.1901419162750244e-01, 3.6864292621612549e-01, -2.7265474200248718e-01, -2.5272328853607178e+00, -1.0633243322372437e+00, -2.8520268201828003e-01, -2.4388271570205688e-01, 8.9246826246380806e-03, 2.2133357524871826e+00, -2.9616498947143555e-01},
    {3.6864292621612549e-01, -3.1901419162750244e-01, 3.6864292621612549e-01, -2.7265474200248718e-01, -2.5272328853607178e+00, -1.0633243322372437e+00, -2.8520268201828003e-01, -2.4388271570205688e-01, 8.9246826246380806e-03, 2.2133357524871826e+00},
    {-2.7265474200248718e-01, 3.6864292621612549e-01, -3.1901419162750244e-01, 3.6864292621612549e-01, -2.7265474200248718e-01, -2.5272328853607178e+00, -1.0633243322372437e+00, -2.8520268201828003e-01, -2.4388271570205688e-01, 8.9246826246380806e-03},
    {-2.5272328853607178e+00, -2.7265474200248718e-01, 3.6864292621612549e-01, -3.1901419162750244e-01, 3.6864292621612549e-01, -2.7265474200248718e-01, -2.5272328853607178e+00, -1.0633243322372437e+00, -2.8520268201828003e-01, -2.4388271570205688e-01},
    {-1.0633243322372437e+00, -2.5272328853607178e+00, -2.7265474200248718e-01, 3.6864292621612549e-01, -3.1901419162750244e-01, 3.6864292621612549e-01, -2.7265474200248718e-01, -2.5272328853607178e+00, -1.0633243322372437e+00, -2.8520268201828003e-01},
    {-2.8520268201828003e-01, -1.0633243322372437e+00, -2.5272328853607178e+00, -2.7265474200248718e-01, 3.6864292621612549e-01, -3.1901419162750244e-01, 3.6864292621612549e-01, -2.7265474200248718e-01, -2.5272328853607178e+00, -1.0633243322372437e+00},
    {-2.4388271570205688e-01, -2.8520268201828003e-01, -1.0633243322372437e+00, -2.5272328853607178e+00, -2.7265474200248718e-01, 3.6864292621612549e-01, -3.1901419162750244e-01, 3.6864292621612549e-01, -2.7265474200248718e-01, -2.5272328853607178e+00},
    {8.9246826246380806e-03, -2.4388271570205688e-01, -2.8520268201828003e-01, -1.0633243322372437e+00, -2.5272328853607178e+00, -2.7265474200248718e-01, 3.6864292621612549e-01, -3.1901419162750244e-01, 3.6864292621612549e-01, -2.7265474200248718e-01},
    {2.2133357524871826e+00, 8.9246826246380806e-03, -2.4388271570205688e-01, -2.8520268201828003e-01, -1.0633243322372437e+00, -2.5272328853607178e+00, -2.7265474200248718e-01, 3.6864292621612549e-01, -3.1901419162750244e-01, 3.6864292621612549e-01},
    {-2.9616498947143555e-01, 2.2133357524871826e+00, 8.9246826246380806e-03, -2.4388271570205688e-01, -2.8520268201828003e-01, -1.0633243322372437e+00, -2.5272328853607178e+00, -2.7265474200248718e-01, 3.6864292621612549e-01, -3.1901419162750244e-01}
}}};

static constexpr auto result = eigvals(mat);

int main() { return 0; }
