#include "../../consteig.hpp"

using namespace consteig;

static constexpr Matrix<double, 8, 8> mat
{{{
    {1.0000058647225352e+00, -8.2725781434172842e-07, 2.8097894796003906e-07, 2.6664055841648199e-07, 1.5685992607696984e-06, -8.7010631909033870e-07, 1.1613916566332872e-06, -3.9932383994365088e-07},
    {-8.2725781437297536e-07, 1.0000056516364979e+00, -5.8154044811789178e-07, -2.7907537913504289e-07, 1.4081765840222129e-06, -2.1424996784208449e-07, -1.6323274084001014e-06, -1.7535282473383273e-06},
    {2.8097894795975488e-07, -5.8154044814222005e-07, 1.0000010831092201e+00, 3.3183104478899166e-07, 7.0723512570555126e-07, -1.0947246378737719e-06, 1.0446730990677974e-06, 8.1129714466936470e-07},
    {2.6664055847586499e-07, -2.7907537913122986e-07, 3.3183104480301000e-07, 1.0000050238720199e+00, 3.8800446158076270e-07, 8.6966296327356001e-07, 6.0499230756207158e-08, -1.1437012180280753e-06},
    {1.5685992607369667e-06, 1.4081765840246119e-06, 7.0723512567991750e-07, 3.8800446159260682e-07, 1.0000054994255605e+00, -8.4920296836741041e-07, -1.3787247845927282e-06, 2.2955645204235615e-06},
    {-8.7010631909246253e-07, -2.1424996782115772e-07, -1.0947246378881799e-06, 8.6966296326811485e-07, -8.4920296837484218e-07, 1.0000050196753412e+00, 1.2132799298009554e-06, 2.2862623567308971e-07},
    {1.1613916566389818e-06, -1.6323274083798116e-06, 1.0446730990740369e-06, 6.0499230753112735e-08, -1.3787247846249432e-06, 1.2132799297659618e-06, 1.0000040322159227e+00, 1.0381690844326773e-06},
    {-3.9932383994778498e-07, -1.7535282473152408e-06, 8.1129714468106349e-07, -1.1437012180131569e-06, 2.2955645204077427e-06, 2.2862623567878989e-07, 1.0381690844333128e-06, 1.0000078253429030e+00}
}}};

static constexpr auto result = eigvals(mat);

int main() { return 0; }
