#include "../../consteig.hpp"

using namespace consteig;

static constexpr Matrix<double, 14, 14> mat
{{{
    {9.9999999999999933e-01, 1.6677402528120484e-16, 1.1983511770679627e-16, 9.0495446392736995e-17, 6.6930306600334044e-17, -2.9132060195476198e-17, 3.7254830408121742e-16, 9.7299112172656323e-17, 8.0363271560860134e-17, -2.0702501579701969e-16, -1.1736854148851938e-16, -2.0955637644105492e-17, 1.2901985315277860e-16, 2.4535172445854487e-16},
    {1.6677402528120484e-16, 9.9999999999999989e-01, -1.7969477171945413e-16, -5.8593151626062202e-17, -2.2610799479766788e-16, -8.1352000564054877e-17, -1.1875980412888108e-16, -2.0126390060016797e-16, 1.1627594513751956e-16, 1.9405692473760608e-16, -3.8310660347464896e-17, -4.3814578895667214e-17, 3.3114958502767323e-17, -7.6351696450643148e-17},
    {1.1983511770679627e-16, -1.7969477171945413e-16, 9.9999999999999978e-01, 8.4506578362133342e-17, 1.3017574662747761e-16, 2.9943189375171083e-17, 1.8134433314603231e-17, -1.0318141950052968e-16, 4.0243653292936417e-17, -3.3503654621309230e-16, 2.0221236539306479e-16, 8.1406191255596360e-17, -1.8629361516742203e-16, 7.2257905908355716e-17},
    {9.0495446392736995e-17, -5.8593151626062202e-17, 8.4506578362133342e-17, 1.0000000000000000e+00, -6.6180310157157847e-17, -9.9478087657180908e-18, -8.9470147070573694e-18, -4.3620257969761188e-17, 2.0459324387525431e-18, -3.5766293699643781e-17, -1.7966702879444313e-16, 9.5094289810626864e-17, -1.3945699368884321e-16, -8.5364241245432036e-17},
    {6.6930306600334044e-17, -2.2610799479766788e-16, 1.3017574662747761e-16, -6.6180310157157847e-17, 1.0000000000000002e+00, 8.8935967102846851e-17, 6.8724349244860499e-17, -9.4235462721666347e-17, 6.8799224983801008e-17, -4.9674700002391481e-17, -1.1232641936949429e-16, 8.1319834517020971e-17, 7.5716529638012164e-17, 4.5424783333481992e-17},
    {-2.9132060195476198e-17, -8.1352000564054877e-17, 2.9943189375171083e-17, -9.9478087657180908e-18, 8.8935967102846851e-17, 1.0000000000000000e+00, 1.4812590139162425e-16, 2.3340628209902398e-18, -1.8673290954249251e-17, -8.3803372652288289e-17, -7.9870676297067392e-17, -1.9902155392769288e-17, 6.0251054364782945e-17, 3.0695090696506476e-17},
    {3.7254830408121742e-16, -1.1875980412888108e-16, 1.8134433314603231e-17, -8.9470147070573694e-18, 6.8724349244860499e-17, 1.4812590139162425e-16, 9.9999999999999956e-01, -6.8109581710746723e-18, 4.0224651934730068e-17, 7.2814770196567418e-18, 1.3877815655503789e-16, 3.0064692914166737e-17, -7.0777073680028528e-17, 6.2034177502382342e-17},
    {9.7299112172656323e-17, -2.0126390060016797e-16, -1.0318141950052968e-16, -4.3620257969761188e-17, -9.4235462721666347e-17, 2.3340628209902398e-18, -6.8109581710746723e-18, 9.9999999999999956e-01, 2.1506495395254113e-16, -4.3052126758719934e-17, -1.9139591729212900e-17, -5.3632605438631705e-17, -1.8609314436790349e-16, -3.0657548930700521e-17},
    {8.0363271560860134e-17, 1.1627594513751956e-16, 4.0243653292936417e-17, 2.0459324387525431e-18, 6.8799224983801008e-17, -1.8673290954249251e-17, 4.0224651934730068e-17, 2.1506495395254113e-16, 9.9999999999999989e-01, -1.3195947155664756e-16, 5.5861957360180077e-17, -3.1930338603083164e-17, 6.4346597301400899e-17, -6.8767429203493147e-17},
    {-2.0702501579701969e-16, 1.9405692473760608e-16, -3.3503654621309230e-16, -3.5766293699643781e-17, -4.9674700002391481e-17, -8.3803372652288289e-17, 7.2814770196567418e-18, -4.3052126758719934e-17, -1.3195947155664756e-16, 1.0000000000000000e+00, 4.4467285332104993e-17, -1.7206032593973972e-16, -6.9281680678264795e-17, -3.7283203334566029e-17},
    {-1.1736854148851938e-16, -3.8310660347464896e-17, 2.0221236539306479e-16, -1.7966702879444313e-16, -1.1232641936949429e-16, -7.9870676297067392e-17, 1.3877815655503789e-16, -1.9139591729212900e-17, 5.5861957360180077e-17, 4.4467285332104993e-17, 9.9999999999999978e-01, -6.4770011388109750e-17, 1.1409461938725308e-16, 1.1281140499116927e-16},
    {-2.0955637644105492e-17, -4.3814578895667214e-17, 8.1406191255596360e-17, 9.5094289810626864e-17, 8.1319834517020971e-17, -1.9902155392769288e-17, 3.0064692914166737e-17, -5.3632605438631705e-17, -3.1930338603083164e-17, -1.7206032593973972e-16, -6.4770011388109750e-17, 9.9999999999999989e-01, 4.4237133897267916e-17, 8.2297587293738133e-17},
    {1.2901985315277860e-16, 3.3114958502767323e-17, -1.8629361516742203e-16, -1.3945699368884321e-16, 7.5716529638012164e-17, 6.0251054364782945e-17, -7.0777073680028528e-17, -1.8609314436790349e-16, 6.4346597301400899e-17, -6.9281680678264795e-17, 1.1409461938725308e-16, 4.4237133897267916e-17, 1.0000000000000000e+00, -1.1128634298230837e-16},
    {2.4535172445854487e-16, -7.6351696450643148e-17, 7.2257905908355716e-17, -8.5364241245432036e-17, 4.5424783333481992e-17, 3.0695090696506476e-17, 6.2034177502382342e-17, -3.0657548930700521e-17, -6.8767429203493147e-17, -3.7283203334566029e-17, 1.1281140499116927e-16, 8.2297587293738133e-17, -1.1128634298230837e-16, 1.0000000000000000e+00}
}}};

static constexpr auto result = eigvals(mat);

int main() { return 0; }
