#include "../../consteig.hpp"

using namespace consteig;

static constexpr Matrix<double, 12, 12> mat
{{{
    {9.9999999999999989e-01, -2.9338112433453143e-17, -3.8284847623314446e-17, 1.4409484994825773e-16, -1.7312187823030213e-16, -3.1173888996226784e-17, -5.6836784979529900e-17, -2.1258828273418638e-16, -1.9237892008710701e-16, -6.7623326202015250e-17, 3.4187623255182169e-17, -1.6380219052133620e-16},
    {-2.9338112433453143e-17, 1.0000000000000000e+00, -2.2022985642992180e-16, -1.2744295609916947e-16, -2.2856899121822884e-16, 2.5882028303740566e-16, -1.9279885271983819e-16, -3.2434362802745459e-16, 3.9776607732125628e-17, -5.6138839890431458e-17, 7.0568795553468460e-17, -4.3804170927478045e-18},
    {-3.8284847623314446e-17, -2.2022985642992180e-16, 1.0000000000000004e+00, 1.2543226836143501e-16, 2.1229554050211291e-16, -1.4971192231836667e-16, 3.5247067448188458e-17, 3.5358971090484776e-16, 1.4281644813472591e-16, 9.7026224157713710e-17, -1.2630913542983870e-16, 8.2499317128906502e-17},
    {1.4409484994825773e-16, -1.2744295609916947e-16, 1.2543226836143501e-16, 1.0000000000000000e+00, -1.9043693874104362e-16, 1.3228551966904856e-19, 9.7856517868250267e-17, -9.6142532791761495e-17, 3.3678302053293205e-17, 6.5116037412331493e-17, -7.6149530720202200e-17, 4.5246897289341881e-17},
    {-1.7312187823030213e-16, -2.2856899121822884e-16, 2.1229554050211291e-16, -1.9043693874104362e-16, 1.0000000000000004e+00, -3.9301075440851505e-17, -1.4180402053387675e-16, -2.0919623984125957e-18, -1.2468780949455368e-16, -9.3420557581047417e-17, 2.7296076662131048e-16, -3.1197492415809044e-16},
    {-3.1173888996226784e-17, 2.5882028303740566e-16, -1.4971192231836667e-16, 1.3228551966904856e-19, -3.9301075440851505e-17, 1.0000000000000002e+00, -2.7413607323333293e-17, -1.6102806688871748e-16, -6.1167451781249385e-17, 1.7737593425485545e-17, 3.1197221851662143e-17, -6.5444647430245749e-17},
    {-5.6836784979529900e-17, -1.9279885271983819e-16, 3.5247067448188458e-17, 9.7856517868250267e-17, -1.4180402053387675e-16, -2.7413607323333293e-17, 1.0000000000000002e+00, -4.3930882031366561e-17, -8.2546988650744306e-17, 2.4111079534828016e-16, -2.1192258037021783e-16, 9.4746415380954431e-17},
    {-2.1258828273418638e-16, -3.2434362802745459e-16, 3.5358971090484776e-16, -9.6142532791761495e-17, -2.0919623984125957e-18, -1.6102806688871748e-16, -4.3930882031366561e-17, 9.9999999999999989e-01, -3.1946525093950897e-17, 8.7416424736739393e-17, -5.5517633108967876e-18, -8.3381399380304380e-17},
    {-1.9237892008710701e-16, 3.9776607732125628e-17, 1.4281644813472591e-16, 3.3678302053293205e-17, -1.2468780949455368e-16, -6.1167451781249385e-17, -8.2546988650744306e-17, -3.1946525093950897e-17, 9.9999999999999989e-01, 7.3566589900471160e-17, -5.9340728372796505e-17, -8.4900345770287911e-18},
    {-6.7623326202015250e-17, -5.6138839890431458e-17, 9.7026224157713710e-17, 6.5116037412331493e-17, -9.3420557581047417e-17, 1.7737593425485545e-17, 2.4111079534828016e-16, 8.7416424736739393e-17, 7.3566589900471160e-17, 1.0000000000000000e+00, 4.6841125416738436e-17, -7.4450735326896684e-17},
    {3.4187623255182169e-17, 7.0568795553468460e-17, -1.2630913542983870e-16, -7.6149530720202200e-17, 2.7296076662131048e-16, 3.1197221851662143e-17, -2.1192258037021783e-16, -5.5517633108967876e-18, -5.9340728372796505e-17, 4.6841125416738436e-17, 9.9999999999999978e-01, 1.1641148856710948e-16},
    {-1.6380219052133620e-16, -4.3804170927478045e-18, 8.2499317128906502e-17, 4.5246897289341881e-17, -3.1197492415809044e-16, -6.5444647430245749e-17, 9.4746415380954431e-17, -8.3381399380304380e-17, -8.4900345770287911e-18, -7.4450735326896684e-17, 1.1641148856710948e-16, 1.0000000000000000e+00}
}}};

static constexpr auto result = eigvals(mat);

int main() { return 0; }
