#include "../../consteig.hpp"

using namespace consteig;

static constexpr Matrix<double, 8, 8> mat
{{{
    {1.0000000000000000e+00, -6.5701370317257928e-17, -4.1589480700905592e-17, 4.2451794631910151e-17, 1.0507237841249115e-16, 2.6118050131056192e-17, -6.8941194531411580e-17, 1.8278612479457829e-18},
    {-6.5701370317257928e-17, 1.0000000000000000e+00, -2.6837748133158000e-17, -9.0318160115974452e-17, -1.5613862164467804e-16, -1.1721369404022988e-16, 2.8574674445467950e-17, -9.7451145581577030e-17},
    {-4.1589480700905592e-17, -2.6837748133158000e-17, 1.0000000000000000e+00, 2.3594014594300888e-17, -6.5678014024202752e-17, -1.1738834293525590e-16, -3.3099641936161176e-17, -1.4686088157324115e-16},
    {4.2451794631910151e-17, -9.0318160115974452e-17, 2.3594014594300888e-17, 1.0000000000000000e+00, 1.0342075060880952e-16, 6.5961476138068079e-18, 1.1674156374777451e-16, 1.1956885765802136e-16},
    {1.0507237841249115e-16, -1.5613862164467804e-16, -6.5678014024202752e-17, 1.0342075060880952e-16, 1.0000000000000002e+00, 1.6702172559811013e-16, 2.7499781001056325e-17, 1.8146826176331296e-16},
    {2.6118050131056192e-17, -1.1721369404022988e-16, -1.1738834293525590e-16, 6.5961476138068079e-18, 1.6702172559811013e-16, 1.0000000000000002e+00, 6.3997782621470833e-17, 2.8071631217387058e-16},
    {-6.8941194531411580e-17, 2.8574674445467950e-17, -3.3099641936161176e-17, 1.1674156374777451e-16, 2.7499781001056325e-17, 6.3997782621470833e-17, 9.9999999999999989e-01, 1.9603967614711935e-17},
    {1.8278612479457829e-18, -9.7451145581577030e-17, -1.4686088157324115e-16, 1.1956885765802136e-16, 1.8146826176331296e-16, 2.8071631217387058e-16, 1.9603967614711935e-17, 1.0000000000000004e+00}
}}};

static constexpr auto result = eigvals(mat);

int main() { return 0; }
