#include "../../consteig.hpp"

using namespace consteig;

static constexpr Matrix<double, 10, 10> mat
{{{
    {9.9999999999999978e-01, -1.3212837096554944e-16, 2.1345692483639561e-16, -3.6151580311992089e-17, -9.4487789922137764e-17, 6.3340689825550901e-17, 1.3029989582348745e-16, -4.7199041674035535e-17, -1.7674551606460946e-16, -1.2296952335239452e-17},
    {-1.3212837096554944e-16, 9.9999999999999967e-01, 1.1978875690180505e-16, -4.2694406930364058e-16, -2.1417574201994495e-16, 2.8897098221521422e-16, -1.7343539253074586e-16, -7.7449325055003775e-17, -1.7209678145075967e-16, -2.1665321859665288e-16},
    {2.1345692483639561e-16, 1.1978875690180505e-16, 1.0000000000000000e+00, 2.4731994251121963e-16, 1.7970256357240374e-16, -2.1169024364836568e-16, 4.4093683322776003e-17, -1.5651788485243570e-17, 1.2884605007669886e-16, 1.5544568660096994e-16},
    {-3.6151580311992089e-17, -4.2694406930364058e-16, 2.4731994251121963e-16, 9.9999999999999989e-01, -1.1676415418816536e-16, 1.6932116713419380e-16, -1.2687556983605766e-16, -3.8459857226030113e-17, -1.8743501492014825e-16, -2.0351600363008570e-16},
    {-9.4487789922137764e-17, -2.1417574201994495e-16, 1.7970256357240374e-16, -1.1676415418816536e-16, 1.0000000000000000e+00, -3.3451812952730596e-17, 6.6410905144432384e-17, 4.1232664153435702e-17, -1.2952324125742798e-16, -5.0290203252863642e-17},
    {6.3340689825550901e-17, 2.8897098221521422e-16, -2.1169024364836568e-16, 1.6932116713419380e-16, -3.3451812952730596e-17, 1.0000000000000000e+00, -2.2724764529827829e-16, -1.1965841096235210e-16, 3.3702311201083197e-16, -4.8946352884428063e-17},
    {1.3029989582348745e-16, -1.7343539253074586e-16, 4.4093683322776003e-17, -1.2687556983605766e-16, 6.6410905144432384e-17, -2.2724764529827829e-16, 1.0000000000000000e+00, 1.1331193583141683e-16, -7.6702981989297378e-17, 1.2257472353678700e-16},
    {-4.7199041674035535e-17, -7.7449325055003775e-17, -1.5651788485243570e-17, -3.8459857226030113e-17, 4.1232664153435702e-17, -1.1965841096235210e-16, 1.1331193583141683e-16, 1.0000000000000000e+00, -3.7424582036134868e-17, 1.2721068973790414e-16},
    {-1.7674551606460946e-16, -1.7209678145075967e-16, 1.2884605007669886e-16, -1.8743501492014825e-16, -1.2952324125742798e-16, 3.3702311201083197e-16, -7.6702981989297378e-17, -3.7424582036134868e-17, 9.9999999999999978e-01, -1.5370402725060991e-16},
    {-1.2296952335239452e-17, -2.1665321859665288e-16, 1.5544568660096994e-16, -2.0351600363008570e-16, -5.0290203252863642e-17, -4.8946352884428063e-17, 1.2257472353678700e-16, 1.2721068973790414e-16, -1.5370402725060991e-16, 1.0000000000000000e+00}
}}};

static constexpr auto result = eigvals(mat);

int main() { return 0; }
