#include "../../consteig.hpp"

using namespace consteig;

static constexpr Matrix<double, 8, 8> mat
{{{
    {1.0000045952013008e+00, 8.3242046985614042e-08, -1.0773434999663919e-06, 6.7041600995640948e-07, 6.1841937395378637e-07, -1.0174917155795557e-06, -5.3131005515196327e-07, -1.0812843958990644e-06},
    {8.3242046979478692e-08, 1.0000059045411900e+00, 5.8373977403107021e-07, 1.4544032247540829e-07, -2.5523210877227733e-08, 1.0336022482598983e-06, 1.1010393051401558e-07, -1.9911535197884536e-06},
    {-1.0773435000529521e-06, 5.8373977402472064e-07, 1.0000026203628936e+00, 5.5583592277468406e-07, 4.7465193884820092e-07, 4.7581351993775396e-07, 5.6147283549901662e-07, 8.6135445355719190e-07},
    {6.7041600989297201e-07, 1.4544032252471665e-07, 5.5583592278250821e-07, 1.0000055347666601e+00, -1.9626593578087662e-06, 4.3228548050179540e-08, 5.2966929215126376e-07, -3.1697853083595697e-07},
    {6.1841937394464307e-07, -2.5523210853398228e-08, 4.7465193887975147e-07, -1.9626593577773417e-06, 1.0000066423482510e+00, 1.0979730099679806e-07, 2.4526757358571368e-06, -1.4597198490079124e-06},
    {-1.0174917155122005e-06, 1.0336022482824519e-06, 4.7581351992726680e-07, 4.3228548013626753e-08, 1.0979730099818520e-07, 1.0000068253194692e+00, 2.3349846643610147e-06, 1.6241931582062089e-06},
    {-5.3131005515387375e-07, 1.1010393052316855e-07, 5.6147283548854348e-07, 5.2966929211401178e-07, 2.4526757359111999e-06, 2.3349846643584761e-06, 1.0000051078019767e+00, -1.2995734092557915e-06},
    {-1.0812843959216707e-06, -1.9911535197686749e-06, 8.6135445356567833e-07, -3.1697853082075352e-07, -1.4597198490321431e-06, 1.6241931582371822e-06, -1.2995734092388229e-06, 1.0000027696582598e+00}
}}};

static constexpr auto result = eigvals(mat);

int main() { return 0; }
