#include "../../consteig.hpp"

using namespace consteig;

static constexpr Matrix<double, 20, 20> mat
{{{
    {4.1757896542549133e-02, 1.6252825036644936e-02, -2.7095317840576172e-01, -6.3548928499221802e-01, -5.6538051366806030e-01, 3.3683860301971436e-01, 2.9718285799026489e-01, -9.2519283294677734e-01, 5.8155608177185059e-01, 6.5628677606582642e-02, 1.0791609287261963e+00, 7.0220816135406494e-01, -1.7689862847328186e+00, 6.6306251287460327e-01, -2.1030201911926270e+00, -1.3751470744609833e+00, 1.1043911278247833e+00, 4.0958404541015625e-02, 7.7743583917617798e-01, -2.0018473863601685e+00},
    {1.0848633050918579e+00, -3.1958208084106445e+00, -9.1039437055587769e-01, 1.5799839794635773e-01, -1.3756793737411499e+00, 2.8253340721130371e+00, 6.2829732894897461e-01, 1.2582471370697021e+00, 3.4445546567440033e-02, 9.0868270397186279e-01, 7.0220816135406494e-01, -4.9092328548431396e-01, -1.5816839039325714e+00, -1.7998851388692856e+00, -1.3533491790294647e+00, -1.5683495327830315e+00, -9.7699618339538574e-01, 8.4304082393646240e-01, 5.3526140749454498e-02, 1.5477677583694458e+00},
    {1.4672112464904785e+00, 7.6719576120376587e-01, -2.7302122116088867e-01, -1.5363965034484863e+00, -1.1266638338565826e-01, 8.5571837425231934e-01, -4.1370683908462524e-01, -1.9280771017074585e+00, -1.1768501996994019e-01, -1.2110382318496704e+00, -1.7689862847328186e+00, -1.5816839039325714e+00, -5.5653080940246582e+00, -1.8819051980972290e-01, 9.9677523970603943e-01, 2.2285703569650650e-02, 1.9382933378219604e+00, 2.2003830671310425e+00, 3.7054038047790527e-01, 2.5248614549636841e+00},
    {-5.6272052228450775e-02, -7.5146657228469849e-01, -2.9596653580665588e-01, -5.3207850456237793e-01, -2.2054894268512726e-01, -2.6848888397216797e-01, -3.8520637154579163e-01, -2.2816455364227295e-01, -7.5521355867385864e-01, 7.9877257347106934e-01, 6.6306251287460327e-01, -1.7998851388692856e+00, -1.8819051980972290e-01, 3.1861257553100586e-01, -5.0821542739868164e-02, -1.2734376490116119e+00, -7.0166847109794617e-01, 1.0845985263586044e+00, -3.4074783325195312e-01, 2.1342228651046753e+00},
    {1.3097137212753296e+00, 5.9334093332290649e-01, 2.4092931747436523e+00, 1.0652276277542114e+00, 1.8040851354598999e+00, 7.9160869121551514e-01, 5.1788353919982910e-01, 7.4791938066482544e-01, -7.5230228900909424e-01, 4.5750829577445984e-01, -2.1030201911926270e+00, -1.3533491790294647e+00, 9.9677523970603943e-01, -5.0821542739868164e-02, 1.1525901556015015e+00, 1.5046173334121704e-01, -2.0135074257850647e+00, 9.2057967185974121e-01, 4.9079653620719910e-01, 7.6437169313430786e-01},
    {5.9283518791198730e-01, -4.1551017761230469e-01, 3.9442235231399536e-01, 3.7152782082557678e-01, 2.7238065376877785e-02, -5.5086773633956909e-01, -9.7328639030456543e-01, -1.6875302791595459e+00, 4.3604865670204163e-01, 8.5495591163635254e-01, -1.3751470744609833e+00, -1.5683495327830315e+00, 2.2285703569650650e-02, -1.2734376490116119e+00, 1.5046173334121704e-01, 1.6884788870811462e-02, 1.1468964498490095e+00, 2.9837220907211304e-02, 2.0950099229812622e+00, -1.2139830887317657e+00},
    {-4.2553839087486267e-01, -3.6779314279556274e-01, 1.3904387950897217e+00, -6.5561735630035400e-01, 9.8725271224975586e-01, 2.8479182720184326e+00, -2.4992861747741699e+00, 3.6585348844528198e-01, 9.7640705108642578e-01, 1.3060349225997925e+00, 1.1043911278247833e+00, -9.7699618339538574e-01, 1.9382933378219604e+00, -7.0166847109794617e-01, -2.0135074257850647e+00, 1.1468964498490095e+00, 3.6189728975296021e-01, 6.3299769163131714e-01, -1.2873657345771790e+00, 5.8184206485748291e-01},
    {4.4340571761131287e-01, -4.9727621674537659e-01, 4.6777418255805969e-01, -1.5548882484436035e+00, 9.1289889812469482e-01, 1.4007925987243652e+00, 3.8604301214218140e-01, 4.0972459316253662e-01, 6.8596386909484863e-01, -6.7666262388229370e-01, 4.0958404541015625e-02, 8.4304082393646240e-01, 2.2003830671310425e+00, 1.0845985263586044e+00, 9.2057967185974121e-01, 2.9837220907211304e-02, 6.3299769163131714e-01, -7.0035934448242188e-01, -1.7654955387115479e-01, 2.4746680259704590e-01},
    {-3.0923974514007568e-01, -1.1256566047668457e+00, -1.4446089267730713e+00, -7.9369539022445679e-01, -1.0260341167449951e+00, 8.3871418237686157e-01, -3.7076864391565323e-02, -1.1043373346328735e+00, -7.1527212858200073e-02, -1.5887759625911713e-01, 7.7743583917617798e-01, 5.3526140749454498e-02, 3.7054038047790527e-01, -3.4074783325195312e-01, 4.9079653620719910e-01, 2.0950099229812622e+00, -1.2873657345771790e+00, -1.7654955387115479e-01, 6.6495668888092041e-01, -1.2101079225540161e+00},
    {-5.1439118385314941e-01, 1.1866114139556885e+00, -1.5908852815628052e+00, 1.8404072523117065e+00, 1.1370049715042114e+00, -2.0363337993621826e+00, 1.2364844083786011e+00, -8.4602572023868561e-02, -1.9129085540771484e+00, 2.5899505615234375e-01, -2.0018473863601685e+00, 1.5477677583694458e+00, 2.5248614549636841e+00, 2.1342228651046753e+00, 7.6437169313430786e-01, -1.2139830887317657e+00, 5.8184206485748291e-01, 2.4746680259704590e-01, -1.2101079225540161e+00, -9.6959841251373291e-01},
    {1.4762194156646729e+00, 7.8439295291900635e-02, -1.9434924125671387e+00, 1.2178180813789368e+00, 5.2562005817890167e-01, 4.9511414766311646e-01, 3.7477278709411621e-01, -2.5690927505493164e+00, -1.1828502342104912e+00, -1.6401575207710266e+00, -4.1757896542549133e-02, -1.0848633050918579e+00, -1.4672112464904785e+00, 5.6272052228450775e-02, -1.3097137212753296e+00, -5.9283518791198730e-01, 4.2553839087486267e-01, -4.4340571761131287e-01, 3.0923974514007568e-01, 5.1439118385314941e-01},
    {7.8439295291900635e-02, 9.9336010217666626e-01, -1.1788045763969421e+00, 4.6541242301464081e-01, 1.1204904317855835e-01, 9.0210239961743355e-01, -7.5394819676876068e-01, 1.6839266717433929e+00, 6.6168344020843506e-01, 9.7168183326721191e-01, -1.6252825036644936e-02, 3.1958208084106445e+00, -7.6719576120376587e-01, 7.5146657228469849e-01, -5.9334093332290649e-01, 4.1551017761230469e-01, 3.6779314279556274e-01, 4.9727621674537659e-01, 1.1256566047668457e+00, -1.1866114139556885e+00},
    {-1.9434924125671387e+00, -1.1788045763969421e+00, -2.3592009544372559e+00, 1.1895240247249603e+00, 2.0853416621685028e+00, 3.1375414133071899e+00, 1.1409978866577148e+00, -2.3194469809532166e+00, 2.5211455821990967e+00, -7.5377494096755981e-01, 2.7095317840576172e-01, 9.1039437055587769e-01, 2.7302122116088867e-01, 2.9596653580665588e-01, -2.4092931747436523e+00, -3.9442235231399536e-01, -1.3904387950897217e+00, -4.6777418255805969e-01, 1.4446089267730713e+00, 1.5908852815628052e+00},
    {1.2178180813789368e+00, 4.6541242301464081e-01, 1.1895240247249603e+00, 3.0050520896911621e+00, 9.5528032630681992e-01, -1.5786734372377396e+00, -4.5439612865447998e-01, -2.0588134527206421e+00, 9.7264963388442993e-01, 1.7151504755020142e-02, 6.3548928499221802e-01, -1.5799839794635773e-01, 1.5363965034484863e+00, 5.3207850456237793e-01, -1.0652276277542114e+00, -3.7152782082557678e-01, 6.5561735630035400e-01, 1.5548882484436035e+00, 7.9369539022445679e-01, -1.8404072523117065e+00},
    {5.2562005817890167e-01, 1.1204904317855835e-01, 2.0853416621685028e+00, 9.5528032630681992e-01, 3.7999168038368225e-01, -1.9336014688014984e+00, 2.4390959739685059e-01, 1.2278765439987183e+00, -1.5793906494509429e+00, -9.9802494049072266e-02, 5.6538051366806030e-01, 1.3756793737411499e+00, 1.1266638338565826e-01, 2.2054894268512726e-01, -1.8040851354598999e+00, -2.7238065376877785e-02, -9.8725271224975586e-01, -9.1289889812469482e-01, 1.0260341167449951e+00, -1.1370049715042114e+00},
    {4.9511414766311646e-01, 9.0210239961743355e-01, 3.1375414133071899e+00, -1.5786734372377396e+00, -1.9336014688014984e+00, 1.4582233428955078e+00, -1.1757368445396423e+00, 6.4959010481834412e-01, -1.3187950849533081e+00, 8.1191038782708347e-01, -3.3683860301971436e-01, -2.8253340721130371e+00, -8.5571837425231934e-01, 2.6848888397216797e-01, -7.9160869121551514e-01, 5.5086773633956909e-01, -2.8479182720184326e+00, -1.4007925987243652e+00, -8.3871418237686157e-01, 2.0363337993621826e+00},
    {3.7477278709411621e-01, -7.5394819676876068e-01, 1.1409978866577148e+00, -4.5439612865447998e-01, 2.4390959739685059e-01, -1.1757368445396423e+00, 2.1502981185913086e+00, 1.8219327926635742e-01, 1.0122643429785967e+00, -1.1018020361661911e+00, -2.9718285799026489e-01, -6.2829732894897461e-01, 4.1370683908462524e-01, 3.8520637154579163e-01, -5.1788353919982910e-01, 9.7328639030456543e-01, 2.4992861747741699e+00, -3.8604301214218140e-01, 3.7076864391565323e-02, -1.2364844083786011e+00},
    {-2.5690927505493164e+00, 1.6839266717433929e+00, -2.3194469809532166e+00, -2.0588134527206421e+00, 1.2278765439987183e+00, 6.4959010481834412e-01, 1.8219327926635742e-01, -2.4559559822082520e+00, -5.5061352252960205e-01, -5.9022721208748408e-02, 9.2519283294677734e-01, -1.2582471370697021e+00, 1.9280771017074585e+00, 2.2816455364227295e-01, -7.4791938066482544e-01, 1.6875302791595459e+00, -3.6585348844528198e-01, -4.0972459316253662e-01, 1.1043373346328735e+00, 8.4602572023868561e-02},
    {-1.1828502342104912e+00, 6.6168344020843506e-01, 2.5211455821990967e+00, 9.7264963388442993e-01, -1.5793906494509429e+00, -1.3187950849533081e+00, 1.0122643429785967e+00, -5.5061352252960205e-01, 9.4285643100738525e-01, -6.9737887382507324e-01, -5.8155608177185059e-01, -3.4445546567440033e-02, 1.1768501996994019e-01, 7.5521355867385864e-01, 7.5230228900909424e-01, -4.3604865670204163e-01, -9.7640705108642578e-01, -6.8596386909484863e-01, 7.1527212858200073e-02, 1.9129085540771484e+00},
    {-1.6401575207710266e+00, 9.7168183326721191e-01, -7.5377494096755981e-01, 1.7151504755020142e-02, -9.9802494049072266e-02, 8.1191038782708347e-01, -1.1018020361661911e+00, -5.9022721208748408e-02, -6.9737887382507324e-01, -1.5090776681900024e+00, -6.5628677606582642e-02, -9.0868270397186279e-01, 1.2110382318496704e+00, -7.9877257347106934e-01, -4.5750829577445984e-01, -8.5495591163635254e-01, -1.3060349225997925e+00, 6.7666262388229370e-01, 1.5887759625911713e-01, -2.5899505615234375e-01}
}}};

static constexpr auto result = eigvals(mat);

int main() { return 0; }
