#include "../../consteig.hpp"

using namespace consteig;

static constexpr Matrix<double, 12, 12> mat
{{{
    {1.2194027900695801e+00, 8.6775738000869751e-01, 1.9049923419952393e+00, -5.2457081712782383e-01, 1.9459502398967743e-01, -2.3589136898517609e+00, 3.9726838469505310e-01, 1.1939945816993713e+00, -5.1580250263214111e-01, -2.2204440236091614e+00, 1.4835699051618576e+00, -4.2581224441528320e-01},
    {8.6775738000869751e-01, 7.3587816953659058e-01, -1.3902962207794189e-02, 1.4502832591533661e+00, -6.4131642971187830e-01, -8.9876520633697510e-01, 6.2666121870279312e-01, -6.2795739993453026e-01, -1.7141959294676781e+00, -1.8331608772277832e+00, -4.4442404806613922e-01, 2.8256106376647949e-01},
    {1.9049923419952393e+00, -1.3902962207794189e-02, -3.6380379199981689e+00, 1.8179746717214584e+00, -1.6212740093469620e+00, 6.4453661441802979e-02, -1.7427445650100708e+00, 4.4838499277830124e-01, 3.1715776622295380e+00, 4.5001983642578125e-02, 2.2398812770843506e+00, -1.7258385270833969e+00},
    {-5.2457081712782383e-01, 1.4502832591533661e+00, 1.8179746717214584e+00, -2.9780068993568420e-01, -9.4474712014198303e-01, -5.2616882324218750e-01, -2.5790521502494812e+00, 1.6883169114589691e+00, 1.7484896183013916e+00, -9.3018175661563873e-01, -5.4215256683528423e-01, -2.7529442310333252e-01},
    {1.9459502398967743e-01, -6.4131642971187830e-01, -1.6212740093469620e+00, -9.4474712014198303e-01, -4.8212862014770508e-01, -9.4182521104812622e-02, 5.1680719852447510e-01, 2.6228691935539246e+00, 8.0584102869033813e-01, -1.2138684093952179e-01, -2.2341511249542236e+00, -1.5914613306522369e+00},
    {-2.3589136898517609e+00, -8.9876520633697510e-01, 6.4453661441802979e-02, -5.2616882324218750e-01, -9.4182521104812622e-02, 1.9936130046844482e+00, -2.1786395311355591e+00, 1.6741877794265747e-01, 7.1345437318086624e-01, 6.1818838119506836e-02, 8.8569309562444687e-01, -1.7867200970649719e+00},
    {3.9726838469505310e-01, 6.2666121870279312e-01, -1.7427445650100708e+00, -2.5790521502494812e+00, 5.1680719852447510e-01, -2.1786395311355591e+00, -1.6940183639526367e+00, 1.7735093832015991e+00, 2.0592204928398132e+00, -6.8249750137329102e-01, -4.9836678057909012e-01, -2.9586717486381531e-01},
    {1.1939945816993713e+00, -6.2795739993453026e-01, 4.4838499277830124e-01, 1.6883169114589691e+00, 2.6228691935539246e+00, 1.6741877794265747e-01, 1.7735093832015991e+00, 2.3238973617553711e+00, 2.0213972926139832e+00, -2.0457147359848022e+00, 4.7405794262886047e-01, -7.1753314137458801e-01},
    {-5.1580250263214111e-01, -1.7141959294676781e+00, 3.1715776622295380e+00, 1.7484896183013916e+00, 8.0584102869033813e-01, 7.1345437318086624e-01, 2.0592204928398132e+00, 2.0213972926139832e+00, -1.3937047719955444e+00, 1.1498586311936378e+00, -2.3186385631561279e-02, -2.3193430304527283e+00},
    {-2.2204440236091614e+00, -1.8331608772277832e+00, 4.5001983642578125e-02, -9.3018175661563873e-01, -1.2138684093952179e-01, 6.1818838119506836e-02, -6.8249750137329102e-01, -2.0457147359848022e+00, 1.1498586311936378e+00, -6.1475974321365356e-01, 2.0493195280432701e+00, 1.5920315980911255e+00},
    {1.4835699051618576e+00, -4.4442404806613922e-01, 2.2398812770843506e+00, -5.4215256683528423e-01, -2.2341511249542236e+00, 8.8569309562444687e-01, -4.9836678057909012e-01, 4.7405794262886047e-01, -2.3186385631561279e-02, 2.0493195280432701e+00, -2.0942743122577667e-01, -1.7725027203559875e+00},
    {-4.2581224441528320e-01, 2.8256106376647949e-01, -1.7258385270833969e+00, -2.7529442310333252e-01, -1.5914613306522369e+00, -1.7867200970649719e+00, -2.9586717486381531e-01, -7.1753314137458801e-01, -2.3193430304527283e+00, 1.5920315980911255e+00, -1.7725027203559875e+00, 1.5874485969543457e+00}
}}};

static constexpr auto result = eigvals(mat);

int main() { return 0; }
