#include "../../consteig.hpp"

using namespace consteig;

static constexpr Matrix<double, 16, 16> mat
{{{
    {9.9999999999999967e-01, 9.7280832190841089e-18, 7.5973464674522742e-17, 7.7397654079375634e-17, -4.0392831473399193e-17, 6.8839001598398676e-17, 3.4690190014377267e-17, 2.1197728296581964e-16, 3.9147313930669431e-17, 5.8528408252357441e-17, 2.6081678989107549e-17, 5.3653881874892947e-17, -7.7955440549871866e-17, 3.6633413842304441e-17, 1.6707521338101972e-16, 6.1199165438507868e-18},
    {9.7280832190841089e-18, 9.9999999999999989e-01, 1.2134632979356882e-16, 1.0386155162687246e-16, 1.3186030914177599e-16, 1.4983447823991940e-16, 2.1618904596499943e-17, -4.8984705364524662e-17, -1.1037577437352687e-16, 5.8619556562163672e-17, -8.3711459152862456e-17, 3.1221508859718853e-17, 8.1229241323768926e-17, 1.5561978404972084e-16, -7.9673036406006640e-17, -1.2975227856507813e-17},
    {7.5973464674522742e-17, 1.2134632979356882e-16, 9.9999999999999989e-01, -2.8564948719507782e-17, -5.8599019685579170e-17, -5.2709791667564777e-17, -6.0981890758962842e-17, 8.9217366227642182e-17, -5.3884611981871851e-17, -2.0393284168043004e-16, -5.6553936619162642e-17, 5.9376677399731955e-17, -1.2777586133136236e-16, 3.2519450150190651e-17, 8.1085792324117885e-17, 1.0860749816529256e-16},
    {7.7397654079375634e-17, 1.0386155162687246e-16, -2.8564948719507782e-17, 9.9999999999999989e-01, 6.0870799058585855e-18, 2.2003279300196873e-17, -1.0993973780978241e-17, 3.1020989372837508e-17, -6.0608691596675453e-17, -5.2131908328620312e-17, 2.3078245746016048e-16, 3.6263378875560382e-17, 2.3445992843978775e-17, -5.8771488848314078e-17, -2.6482692375451620e-18, 1.5816580225429878e-17},
    {-4.0392831473399193e-17, 1.3186030914177599e-16, -5.8599019685579170e-17, 6.0870799058585855e-18, 9.9999999999999967e-01, -4.9504343557168490e-17, -2.8534224271365958e-17, -9.2415629057967234e-19, 1.1418207258080557e-16, 5.2961711799722407e-17, -1.0341064813478189e-16, 2.3480104924769310e-17, 3.0979601969926866e-17, 1.1449114670955782e-17, 9.1203649935889703e-18, 6.1405357321449414e-17},
    {6.8839001598398676e-17, 1.4983447823991940e-16, -5.2709791667564777e-17, 2.2003279300196873e-17, -4.9504343557168490e-17, 9.9999999999999989e-01, 1.0808801724416760e-16, 3.9207613536768880e-17, 1.2199463348025894e-16, -6.3925393343265562e-17, -9.2709897730306031e-17, 4.9158917473140221e-17, 4.5183960919247352e-17, 1.5969388953487749e-17, 6.4824261622023927e-17, -1.9893082369713059e-18},
    {3.4690190014377267e-17, 2.1618904596499943e-17, -6.0981890758962842e-17, -1.0993973780978241e-17, -2.8534224271365958e-17, 1.0808801724416760e-16, 1.0000000000000002e+00, -1.3616420537712226e-16, -1.6632448180597658e-16, -1.2327610216751797e-16, -2.6698028553900225e-17, -1.1155263762663954e-16, -1.7256058435273264e-17, 8.9358926626627842e-17, -5.6595826379192943e-17, -8.8030810052731358e-17},
    {2.1197728296581964e-16, -4.8984705364524662e-17, 8.9217366227642182e-17, 3.1020989372837508e-17, -9.2415629057967234e-19, 3.9207613536768880e-17, -1.3616420537712226e-16, 1.0000000000000000e+00, 1.0662633452734197e-16, 1.2994245337440652e-17, 3.1444545261180679e-17, -4.4058471339177113e-17, 2.2163115445582445e-17, 8.3886917938453002e-18, -6.5866250800229903e-17, 7.4297227841502546e-17},
    {3.9147313930669431e-17, -1.1037577437352687e-16, -5.3884611981871851e-17, -6.0608691596675453e-17, 1.1418207258080557e-16, 1.2199463348025894e-16, -1.6632448180597658e-16, 1.0662633452734197e-16, 1.0000000000000000e+00, -1.9126684260319526e-17, 1.1810304790447347e-16, -5.4922741281415406e-17, 4.8983503526610625e-18, -8.3390757884877147e-17, -1.8583724175848009e-17, 1.3398413039082684e-16},
    {5.8528408252357441e-17, 5.8619556562163672e-17, -2.0393284168043004e-16, -5.2131908328620312e-17, 5.2961711799722407e-17, -6.3925393343265562e-17, -1.2327610216751797e-16, 1.2994245337440652e-17, -1.9126684260319526e-17, 1.0000000000000000e+00, -6.1592936962516459e-18, -2.2017756752544140e-17, -2.8575386258573506e-17, 2.1465227091072533e-17, 9.8883228611223505e-17, -7.1811693994401575e-17},
    {2.6081678989107549e-17, -8.3711459152862456e-17, -5.6553936619162642e-17, 2.3078245746016048e-16, -1.0341064813478189e-16, -9.2709897730306031e-17, -2.6698028553900225e-17, 3.1444545261180679e-17, 1.1810304790447347e-16, -6.1592936962516459e-18, 9.9999999999999989e-01, 1.5507629041145688e-16, 9.6000547231141900e-17, 2.2383722235881924e-18, 4.1189686707610500e-17, 1.3661316329529804e-17},
    {5.3653881874892947e-17, 3.1221508859718853e-17, 5.9376677399731955e-17, 3.6263378875560382e-17, 2.3480104924769310e-17, 4.9158917473140221e-17, -1.1155263762663954e-16, -4.4058471339177113e-17, -5.4922741281415406e-17, -2.2017756752544140e-17, 1.5507629041145688e-16, 1.0000000000000000e+00, 1.0937060472592244e-17, 3.7055767851510071e-18, -4.4567868644023179e-17, -7.0261967596079188e-17},
    {-7.7955440549871866e-17, 8.1229241323768926e-17, -1.2777586133136236e-16, 2.3445992843978775e-17, 3.0979601969926866e-17, 4.5183960919247352e-17, -1.7256058435273264e-17, 2.2163115445582445e-17, 4.8983503526610625e-18, -2.8575386258573506e-17, 9.6000547231141900e-17, 1.0937060472592244e-17, 1.0000000000000000e+00, 8.4968279378041101e-17, 1.8932807323608640e-16, 6.2523736690829768e-17},
    {3.6633413842304441e-17, 1.5561978404972084e-16, 3.2519450150190651e-17, -5.8771488848314078e-17, 1.1449114670955782e-17, 1.5969388953487749e-17, 8.9358926626627842e-17, 8.3886917938453002e-18, -8.3390757884877147e-17, 2.1465227091072533e-17, 2.2383722235881924e-18, 3.7055767851510071e-18, 8.4968279378041101e-17, 1.0000000000000002e+00, -6.6595603059370461e-17, -1.2128034144858642e-16},
    {1.6707521338101972e-16, -7.9673036406006640e-17, 8.1085792324117885e-17, -2.6482692375451620e-18, 9.1203649935889703e-18, 6.4824261622023927e-17, -5.6595826379192943e-17, -6.5866250800229903e-17, -1.8583724175848009e-17, 9.8883228611223505e-17, 4.1189686707610500e-17, -4.4567868644023179e-17, 1.8932807323608640e-16, -6.6595603059370461e-17, 9.9999999999999978e-01, 1.0731785356322522e-16},
    {6.1199165438507868e-18, -1.2975227856507813e-17, 1.0860749816529256e-16, 1.5816580225429878e-17, 6.1405357321449414e-17, -1.9893082369713059e-18, -8.8030810052731358e-17, 7.4297227841502546e-17, 1.3398413039082684e-16, -7.1811693994401575e-17, 1.3661316329529804e-17, -7.0261967596079188e-17, 6.2523736690829768e-17, -1.2128034144858642e-16, 1.0731785356322522e-16, 9.9999999999999989e-01}
}}};

static constexpr auto result = eigvals(mat);

int main() { return 0; }
