#include "../../consteig.hpp"

using namespace consteig;

static constexpr Matrix<double, 6, 6> mat
{{{
    {1.0000000000000002e+00, 1.1005384641834271e-16, 3.1476399288142775e-17, -2.1962439738031482e-17, 1.5056896476917654e-17, 5.2668851125206640e-17},
    {1.1005384641834271e-16, 9.9999999999999967e-01, -1.3971392602956358e-16, 3.6189837925550837e-17, 9.9791076719447865e-17, 2.1402343856292989e-17},
    {3.1476399288142775e-17, -1.3971392602956358e-16, 1.0000000000000002e+00, 1.6259004492227956e-16, 7.8247453680666440e-17, -2.5428573967787078e-17},
    {-2.1962439738031482e-17, 3.6189837925550837e-17, 1.6259004492227956e-16, 1.0000000000000000e+00, -2.9601238171236674e-17, 3.5385879075903101e-17},
    {1.5056896476917654e-17, 9.9791076719447865e-17, 7.8247453680666440e-17, -2.9601238171236674e-17, 1.0000000000000000e+00, -1.3488720258169958e-16},
    {5.2668851125206640e-17, 2.1402343856292989e-17, -2.5428573967787078e-17, 3.5385879075903101e-17, -1.3488720258169958e-16, 1.0000000000000000e+00}
}}};

static constexpr auto result = eigvals(mat);

int main() { return 0; }
