#include "../../consteig.hpp"

using namespace consteig;

static constexpr Matrix<double, 14, 14> mat
{{{
    {2.3220934867858887e+00, -2.5370800495147705e-01, -2.2472599148750305e-01, 9.9086815118789673e-01, -2.1879621744155884e+00, -8.8411021232604980e-01, -1.6213878691196442e+00, -2.4344463944435120e+00, 2.8854086995124817e-01, 1.7462008297443390e+00, 3.1315222978591919e+00, -4.9214124679565430e-01, -4.1758462041616440e-01, -3.1701974868774414e+00},
    {-2.5370800495147705e-01, 2.8154678344726562e+00, -5.3919453918933868e-01, 5.3411591053009033e-01, 1.7739924788475037e-01, -1.1175141334533691e+00, -2.2086420059204102e+00, 7.1893141418695450e-01, 2.3182651400566101e-01, 8.8006861507892609e-01, 3.4967397451400757e+00, -4.3273293972015381e+00, 2.8571850657463074e+00, 1.7230807244777679e+00},
    {-2.2472599148750305e-01, -5.3919453918933868e-01, -7.8994053602218628e-01, 7.6967725157737732e-01, 4.4512218236923218e-01, 1.6661417670547962e+00, 1.6996076703071594e-01, -1.6865546107292175e+00, 3.3735508844256401e-01, -1.2083867788314819e+00, -1.1401534453034401e-01, -1.0468057096004486e+00, 1.1616121083498001e+00, -1.1673657894134521e+00},
    {9.9086815118789673e-01, 5.3411591053009033e-01, 7.6967725157737732e-01, -2.5753908157348633e+00, -5.4785773158073425e-01, -9.2791071534156799e-01, -1.8103057146072388e-01, 2.3261207342147827e+00, -2.7706028223037720e+00, 2.0587730407714844e-01, 3.6037356853485107e+00, -1.3066489100456238e+00, -1.3297548890113831e+00, 4.9527949094772339e-01},
    {-2.1879621744155884e+00, 1.7739924788475037e-01, 4.4512218236923218e-01, -5.4785773158073425e-01, 1.6980447769165039e+00, -1.8650600779801607e-01, -1.5621935948729515e-01, -1.7570108175277710e+00, 1.4631943702697754e+00, -4.1772322654724121e+00, -8.5425345599651337e-01, 1.1562104523181915e-01, 6.8094684183597565e-01, 3.5753282904624939e-01},
    {-8.8411021232604980e-01, -1.1175141334533691e+00, 1.6661417670547962e+00, -9.2791071534156799e-01, -1.8650600779801607e-01, 1.5936753153800964e-01, -2.3676748573780060e-01, -3.7466275691986084e+00, -8.3406838774681091e-01, 7.5687944889068604e-02, -5.4377466440200806e-01, -1.1011941134929657e+00, 9.1324806213378906e-01, -1.2080636024475098e+00},
    {-1.6213878691196442e+00, -2.2086420059204102e+00, 1.6996076703071594e-01, -1.8103057146072388e-01, -1.5621935948729515e-01, -2.3676748573780060e-01, -2.7269158363342285e+00, -8.0345568060874939e-01, 7.8829851746559143e-01, 1.3947221636772156e-01, -1.0017466396093369e+00, -9.5053258538246155e-01, 8.6570483446121216e-01, 5.9095701575279236e-01},
    {-2.4344463944435120e+00, 7.1893141418695450e-01, -1.6865546107292175e+00, 2.3261207342147827e+00, -1.7570108175277710e+00, -3.7466275691986084e+00, -8.0345568060874939e-01, -2.3475375175476074e+00, 1.5794082283973694e+00, 3.8232564926147461e-01, 1.5590837597846985e+00, -1.3727505505084991e+00, -2.7889119833707809e-01, 1.3083233237266541e+00},
    {2.8854086995124817e-01, 2.3182651400566101e-01, 3.3735508844256401e-01, -2.7706028223037720e+00, 1.4631943702697754e+00, -8.3406838774681091e-01, 7.8829851746559143e-01, 1.5794082283973694e+00, -7.7587015926837921e-02, -2.4645994901657104e+00, -1.3341730833053589e+00, 2.1011236310005188e-01, -2.3293668031692505e-01, 2.6664410829544067e+00},
    {1.7462008297443390e+00, 8.8006861507892609e-01, -1.2083867788314819e+00, 2.0587730407714844e-01, -4.1772322654724121e+00, 7.5687944889068604e-02, 1.3947221636772156e-01, 3.8232564926147461e-01, -2.4645994901657104e+00, -1.7417678833007812e+00, -1.1604677140712738e+00, 7.6948836445808411e-02, -1.1142548918724060e+00, 1.1292492449283600e+00},
    {3.1315222978591919e+00, 3.4967397451400757e+00, -1.1401534453034401e-01, 3.6037356853485107e+00, -8.5425345599651337e-01, -5.4377466440200806e-01, -1.0017466396093369e+00, 1.5590837597846985e+00, -1.3341730833053589e+00, -1.1604677140712738e+00, -6.8666547536849976e-01, 1.4581887722015381e+00, 2.5722931027412415e+00, 3.7194654345512390e-01},
    {-4.9214124679565430e-01, -4.3273293972015381e+00, -1.0468057096004486e+00, -1.3066489100456238e+00, 1.1562104523181915e-01, -1.1011941134929657e+00, -9.5053258538246155e-01, -1.3727505505084991e+00, 2.1011236310005188e-01, 7.6948836445808411e-02, 1.4581887722015381e+00, -2.0267042517662048e-01, -9.5854398608207703e-01, -5.9813323384150863e-01},
    {-4.1758462041616440e-01, 2.8571850657463074e+00, 1.1616121083498001e+00, -1.3297548890113831e+00, 6.8094684183597565e-01, 9.1324806213378906e-01, 8.6570483446121216e-01, -2.7889119833707809e-01, -2.3293668031692505e-01, -1.1142548918724060e+00, 2.5722931027412415e+00, -9.5854398608207703e-01, 1.0968736410140991e+00, -1.5882793851196766e+00},
    {-3.1701974868774414e+00, 1.7230807244777679e+00, -1.1673657894134521e+00, 4.9527949094772339e-01, 3.5753282904624939e-01, -1.2080636024475098e+00, 5.9095701575279236e-01, 1.3083233237266541e+00, 2.6664410829544067e+00, 1.1292492449283600e+00, 3.7194654345512390e-01, -5.9813323384150863e-01, -1.5882793851196766e+00, -3.3862948417663574e+00}
}}};

static constexpr auto result = eigvals(mat);

int main() { return 0; }
