#include "../../consteig.hpp"

using namespace consteig;

static constexpr Matrix<double, 6, 6> mat
{{{
    {1.7743904590606689e+00, -1.7179523706436157e+00, -4.0782484412193298e-01, -2.9720079898834229e-01, -5.6584495306015015e-01, -1.1209508180618286e+00},
    {-1.7179523706436157e+00, 1.7743904590606689e+00, -1.7179523706436157e+00, -4.0782484412193298e-01, -2.9720079898834229e-01, -5.6584495306015015e-01},
    {-4.0782484412193298e-01, -1.7179523706436157e+00, 1.7743904590606689e+00, -1.7179523706436157e+00, -4.0782484412193298e-01, -2.9720079898834229e-01},
    {-2.9720079898834229e-01, -4.0782484412193298e-01, -1.7179523706436157e+00, 1.7743904590606689e+00, -1.7179523706436157e+00, -4.0782484412193298e-01},
    {-5.6584495306015015e-01, -2.9720079898834229e-01, -4.0782484412193298e-01, -1.7179523706436157e+00, 1.7743904590606689e+00, -1.7179523706436157e+00},
    {-1.1209508180618286e+00, -5.6584495306015015e-01, -2.9720079898834229e-01, -4.0782484412193298e-01, -1.7179523706436157e+00, 1.7743904590606689e+00}
}}};

static constexpr auto result = eigvals(mat);

int main() { return 0; }
