#include "../../consteig.hpp"

using namespace consteig;

static constexpr Matrix<double, 8, 8> mat
{{{
    {1.0000000000000004e+00, -1.7337031577295906e-17, -1.3038856037546012e-16, -1.8793046871168201e-16, 3.2038100393718940e-16, 5.5516290291549496e-17, -4.9053864409663532e-17, 7.2222163031935661e-17},
    {-1.7337031577295906e-17, 1.0000000000000002e+00, -1.1801429139810310e-16, -1.6477289224302123e-17, 4.7982921834337872e-17, 2.8643671330904126e-17, -7.9657117158621021e-18, -7.4584883266746908e-17},
    {-1.3038856037546012e-16, -1.1801429139810310e-16, 1.0000000000000002e+00, 1.1129837790451956e-16, 9.8306897979429333e-17, -6.8050830868812170e-17, -1.3370301164373321e-16, -1.0135642765208558e-16},
    {-1.8793046871168201e-16, -1.6477289224302123e-17, 1.1129837790451956e-16, 1.0000000000000000e+00, 1.6726444380113281e-17, 9.5742232919620257e-17, -1.6549198849507933e-17, 6.6041452177391580e-17},
    {3.2038100393718940e-16, 4.7982921834337872e-17, 9.8306897979429333e-17, 1.6726444380113281e-17, 1.0000000000000002e+00, -6.5872336654350166e-17, 1.5837082677750547e-16, 9.8975438005601702e-17},
    {5.5516290291549496e-17, 2.8643671330904126e-17, -6.8050830868812170e-17, 9.5742232919620257e-17, -6.5872336654350166e-17, 1.0000000000000000e+00, -2.2646345616870523e-16, -2.0267525316385192e-18},
    {-4.9053864409663532e-17, -7.9657117158621021e-18, -1.3370301164373321e-16, -1.6549198849507933e-17, 1.5837082677750547e-16, -2.2646345616870523e-16, 1.0000000000000000e+00, 3.2539401282651468e-18},
    {7.2222163031935661e-17, -7.4584883266746908e-17, -1.0135642765208558e-16, 6.6041452177391580e-17, 9.8975438005601702e-17, -2.0267525316385192e-18, 3.2539401282651468e-18, 9.9999999999999989e-01}
}}};

static constexpr auto result = eigvals(mat);

int main() { return 0; }
