#include "../../consteig.hpp"

using namespace consteig;

static constexpr Matrix<double, 10, 10> mat
{{{
    {1.4031684398651123e+00, -1.9086456298828125e-01, 9.8527426272630692e-01, 4.5472570657730103e+00, 2.0205895416438580e-01, -3.4609186649322510e-01, -7.1631258726119995e-01, 5.4182277619838715e-01, 1.4150299131870270e+00, -1.1723166108131409e+00},
    {-1.9086456298828125e-01, 1.5717104673385620e+00, -1.4276435971260071e-01, 2.5296475877985358e-01, -1.8055109214037657e-01, 1.7165604978799820e+00, 1.0437773764133453e+00, -8.4241602569818497e-01, 9.5117890834808350e-01, 1.4598596096038818e+00},
    {9.8527426272630692e-01, -1.4276435971260071e-01, -1.8560323715209961e+00, 1.9407423734664917e+00, -4.9509644508361816e-01, -3.3862614631652832e-01, 3.3767843246459961e-01, 1.6075530350208282e+00, 5.2588278055191040e-01, 2.4876985549926758e+00},
    {4.5472570657730103e+00, 2.5296475877985358e-01, 1.9407423734664917e+00, 3.3878493309020996e-01, -3.5599035024642944e-01, -1.0039424896240234e+00, -1.6658543944358826e+00, -7.9152357578277588e-01, -5.1110374927520752e-01, 2.3172855377197266e+00},
    {2.0205895416438580e-01, -1.8055109214037657e-01, -4.9509644508361816e-01, -3.5599035024642944e-01, -5.3411561250686646e-01, -3.0309163928031921e+00, -2.6433296203613281e+00, -2.3197956681251526e+00, 1.9921472668647766e+00, 1.3647068431600928e+00},
    {-3.4609186649322510e-01, 1.7165604978799820e+00, -3.3862614631652832e-01, -1.0039424896240234e+00, -3.0309163928031921e+00, 4.9028053283691406e+00, 1.2740245461463928e+00, 2.7855576276779175e+00, -4.5488416776061058e-01, 7.8018072992563248e-01},
    {-7.1631258726119995e-01, 1.0437773764133453e+00, 3.3767843246459961e-01, -1.6658543944358826e+00, -2.6433296203613281e+00, 1.2740245461463928e+00, 1.3809359073638916e+00, -2.3725012540817261e+00, 1.2308286428451538e+00, -8.2313671708106995e-01},
    {5.4182277619838715e-01, -8.4241602569818497e-01, 1.6075530350208282e+00, -7.9152357578277588e-01, -2.3197956681251526e+00, 2.7855576276779175e+00, -2.3725012540817261e+00, -1.6437742710113525e+00, 1.5448379516601562e-01, 1.4439808130264282e+00},
    {1.4150299131870270e+00, 9.5117890834808350e-01, 5.2588278055191040e-01, -5.1110374927520752e-01, 1.9921472668647766e+00, -4.5488416776061058e-01, 1.2308286428451538e+00, 1.5448379516601562e-01, 8.6232846975326538e-01, -1.1026382446289062e-01},
    {-1.1723166108131409e+00, 1.4598596096038818e+00, 2.4876985549926758e+00, 2.3172855377197266e+00, 1.3647068431600928e+00, 7.8018072992563248e-01, -8.2313671708106995e-01, 1.4439808130264282e+00, -1.1026382446289062e-01, 1.4499738812446594e-01}
}}};

static constexpr auto result = eigvals(mat);

int main() { return 0; }
