#include "../../consteig.hpp"

using namespace consteig;

static constexpr Matrix<double, 16, 16> mat
{{{
    {1.0000000000000000e+00, 1.4937631212309697e-16, 5.9917273872879020e-17, -4.5237959280380973e-17, -3.1598343690037305e-16, -8.8807560385092771e-18, 2.0798569666318026e-16, 7.3843046431026301e-18, 3.2683228404051978e-16, -2.6816486570067877e-17, 7.9006492242454372e-17, 1.4086733521132119e-16, 1.8640281604898423e-16, 1.1990677708718006e-16, -9.2465131440154086e-17, -8.3194294307996366e-17},
    {1.4937631212309697e-16, 1.0000000000000004e+00, -1.3150266337743769e-16, 3.1708134682728809e-16, -3.6165728311638860e-17, -5.1198824781618958e-18, 1.0878156377003394e-16, -1.3974922133787437e-16, 4.2312611806358342e-17, 3.3525129896641510e-17, -8.9061289286637990e-17, 2.4262600000392725e-17, 9.6861846200747283e-17, 1.3761188048294929e-16, 1.7278303627795591e-16, 1.2001241666451587e-16},
    {5.9917273872879020e-17, -1.3150266337743769e-16, 1.0000000000000000e+00, 4.6839492658550509e-17, -2.1566103321923915e-17, -5.5638586998203592e-17, -1.4156648747824572e-17, -3.2938500248057359e-17, -7.0008087475018145e-17, 1.2657967033384282e-16, 3.4344306443452195e-17, -9.9814246856818507e-17, 9.3178849373984702e-17, -9.0212340039068830e-17, -1.8146249861867057e-16, 3.7120976660236793e-17},
    {-4.5237959280380973e-17, 3.1708134682728809e-16, 4.6839492658550509e-17, 1.0000000000000002e+00, -1.5466169541628858e-16, -1.7738145738077974e-16, -2.4717616999530268e-16, -1.5810403480429394e-17, -1.7321407354336801e-16, 1.7840312680494664e-16, 2.3225515750277387e-16, -1.0466098172268905e-16, 8.9795558742661694e-17, -1.7459931006405626e-16, -1.5675008608215110e-16, 8.9187507223439301e-17},
    {-3.1598343690037305e-16, -3.6165728311638860e-17, -2.1566103321923915e-17, -1.5466169541628858e-16, 1.0000000000000002e+00, 2.9401680599061058e-17, 1.6033941686189637e-16, -6.8564828654563206e-17, -7.9662142772943105e-17, 7.6510971174970448e-17, -7.7200498767042771e-17, -1.1002555420101335e-16, -9.6818346125905280e-17, 1.6087574871216307e-16, -6.1375470799193147e-17, 1.4467192995717828e-16},
    {-8.8807560385092771e-18, -5.1198824781618958e-18, -5.5638586998203592e-17, -1.7738145738077974e-16, 2.9401680599061058e-17, 1.0000000000000002e+00, -4.4964400877050517e-17, 7.5544348492719237e-17, 7.9257778773313315e-17, -5.2688744068327886e-17, -1.5630689148196550e-16, 1.0804668683291826e-16, -2.4371740552685846e-18, 2.0431789117171329e-16, 1.2999172148234719e-17, 2.1048192556326894e-16},
    {2.0798569666318026e-16, 1.0878156377003394e-16, -1.4156648747824572e-17, -2.4717616999530268e-16, 1.6033941686189637e-16, -4.4964400877050517e-17, 1.0000000000000004e+00, -1.6137669265431675e-16, -1.2837869587828230e-16, 2.7774713696815289e-17, 6.0155693681455592e-17, -1.3602828344001580e-16, -8.0381106765264687e-17, 9.9979425587652174e-17, -8.4552800182930264e-17, -1.0195329217366783e-17},
    {7.3843046431026301e-18, -1.3974922133787437e-16, -3.2938500248057359e-17, -1.5810403480429394e-17, -6.8564828654563206e-17, 7.5544348492719237e-17, -1.6137669265431675e-16, 1.0000000000000000e+00, 4.1332703688733449e-17, 6.4412059247061522e-17, -6.5946975921212703e-17, 9.5895435340707767e-17, -7.5501732865021142e-17, -3.6122257663559587e-17, 2.7771191588352895e-17, 6.0844923591601433e-17},
    {3.2683228404051978e-16, 4.2312611806358342e-17, -7.0008087475018145e-17, -1.7321407354336801e-16, -7.9662142772943105e-17, 7.9257778773313315e-17, -1.2837869587828230e-16, 4.1332703688733449e-17, 1.0000000000000004e+00, -5.7667601961514076e-17, 1.0349938238936043e-17, -5.8219676686064445e-18, 1.9328072928459109e-16, 1.3972519156544283e-16, -2.3995124859644064e-16, 5.4195243668758387e-18},
    {-2.6816486570067877e-17, 3.3525129896641510e-17, 1.2657967033384282e-16, 1.7840312680494664e-16, 7.6510971174970448e-17, -5.2688744068327886e-17, 2.7774713696815289e-17, 6.4412059247061522e-17, -5.7667601961514076e-17, 1.0000000000000002e+00, -2.3715134988660498e-17, -1.2974773900190104e-16, -1.7516415163932122e-17, 7.1637047156547520e-17, -1.4753079960159609e-17, 1.2319418497498761e-16},
    {7.9006492242454372e-17, -8.9061289286637990e-17, 3.4344306443452195e-17, 2.3225515750277387e-16, -7.7200498767042771e-17, -1.5630689148196550e-16, 6.0155693681455592e-17, -6.5946975921212703e-17, 1.0349938238936043e-17, -2.3715134988660498e-17, 1.0000000000000002e+00, 9.5995053681541292e-17, 6.7009240276874269e-17, -6.3491791832308100e-17, 1.1767506076999717e-16, -2.0047969054341286e-16},
    {1.4086733521132119e-16, 2.4262600000392725e-17, -9.9814246856818507e-17, -1.0466098172268905e-16, -1.1002555420101335e-16, 1.0804668683291826e-16, -1.3602828344001580e-16, 9.5895435340707767e-17, -5.8219676686064445e-18, -1.2974773900190104e-16, 9.5995053681541292e-17, 1.0000000000000000e+00, -1.3220139884329074e-16, 6.9777565513086933e-17, -1.0799452125437230e-16, 2.1970096233004575e-17},
    {1.8640281604898423e-16, 9.6861846200747283e-17, 9.3178849373984702e-17, 8.9795558742661694e-17, -9.6818346125905280e-17, -2.4371740552685846e-18, -8.0381106765264687e-17, -7.5501732865021142e-17, 1.9328072928459109e-16, -1.7516415163932122e-17, 6.7009240276874269e-17, -1.3220139884329074e-16, 1.0000000000000002e+00, 4.0281710043446051e-17, -1.5701220857905792e-16, -1.0903794804728718e-16},
    {1.1990677708718006e-16, 1.3761188048294929e-16, -9.0212340039068830e-17, -1.7459931006405626e-16, 1.6087574871216307e-16, 2.0431789117171329e-16, 9.9979425587652174e-17, -3.6122257663559587e-17, 1.3972519156544283e-16, 7.1637047156547520e-17, -6.3491791832308100e-17, 6.9777565513086933e-17, 4.0281710043446051e-17, 1.0000000000000002e+00, 6.6739482736354592e-17, 8.4132581314225248e-17},
    {-9.2465131440154086e-17, 1.7278303627795591e-16, -1.8146249861867057e-16, -1.5675008608215110e-16, -6.1375470799193147e-17, 1.2999172148234719e-17, -8.4552800182930264e-17, 2.7771191588352895e-17, -2.3995124859644064e-16, -1.4753079960159609e-17, 1.1767506076999717e-16, -1.0799452125437230e-16, -1.5701220857905792e-16, 6.6739482736354592e-17, 1.0000000000000000e+00, -8.2668594889327747e-17},
    {-8.3194294307996366e-17, 1.2001241666451587e-16, 3.7120976660236793e-17, 8.9187507223439301e-17, 1.4467192995717828e-16, 2.1048192556326894e-16, -1.0195329217366783e-17, 6.0844923591601433e-17, 5.4195243668758387e-18, 1.2319418497498761e-16, -2.0047969054341286e-16, 2.1970096233004575e-17, -1.0903794804728718e-16, 8.4132581314225248e-17, -8.2668594889327747e-17, 1.0000000000000000e+00}
}}};

static constexpr auto result = eigvals(mat);

int main() { return 0; }
