#include "../../consteig.hpp"

using namespace consteig;

static constexpr Matrix<double, 20, 20> mat
{{{
    {-6.0507375001907349e-01, 1.6569547355175018e-01, 3.3095707893371582e+00, -1.3789767026901245e+00, 6.9492667913436890e-02, -5.0482805818319321e-01, -4.8821413516998291e-01, -4.4592350721359253e-02, 2.2261366248130798e+00, -1.7015307862311602e-01, -3.2340474426746368e-01, 5.0072014331817627e-01, 2.0259941816329956e+00, -1.8769062161445618e+00, 1.4038830995559692e-01, 1.2440666183829308e+00, 6.2679475545883179e-01, 1.6695350408554077e-01, 2.2093795239925385e-02, -9.4482231140136719e-01},
    {1.6569547355175018e-01, -9.2377185821533203e-01, -6.0959511995315552e-01, -2.4634842872619629e+00, -3.9196819067001343e-01, -1.1661751270294189e+00, -1.3778460323810577e+00, 1.9205831289291382e+00, -5.6252962350845337e-01, 2.0080089867115021e+00, -2.3760954141616821e+00, 1.5022456347942352e+00, -2.7621889114379883e-01, 1.3161951303482056e-01, -4.6924379467964172e-01, 1.7982473969459534e+00, -8.6046376824378967e-01, 1.8356281518936157e-01, -1.3318374380469322e-01, 2.5296615362167358e+00},
    {3.3095707893371582e+00, -6.0959511995315552e-01, -1.5341931581497192e+00, 1.2354940772056580e+00, 2.4477262794971466e-01, 1.0437586307525635e+00, 2.7843970060348511e-01, -5.2564537525177002e-01, 5.1113188266754150e-02, -2.2755396962165833e+00, -3.3456504344940186e-02, 1.9069347977638245e+00, 1.9025571346282959e+00, 1.2949758768081665e+00, 4.8413848876953125e-01, -5.7117804884910583e-02, -2.4201595783233643e-01, 4.9902158975601196e-01, 6.4992043375968933e-01, -9.7790330648422241e-01},
    {-1.3789767026901245e+00, -2.4634842872619629e+00, 1.2354940772056580e+00, 1.1201084852218628e+00, 2.4264557659626007e+00, -1.4491614699363708e+00, -1.3263126611709595e+00, 7.3706539347767830e-01, 1.7711973786354065e+00, 1.5602212548255920e+00, 1.7229230403900146e+00, -1.4003736525774002e-01, 1.6328377723693848e+00, -1.4457075595855713e+00, 1.6475479006767273e+00, -2.1681571304798126e+00, 5.1295042037963867e-01, -1.4725626111030579e+00, -1.1865121126174927e-01, -1.9412305653095245e+00},
    {6.9492667913436890e-02, -3.9196819067001343e-01, 2.4477262794971466e-01, 2.4264557659626007e+00, 1.3892065286636353e+00, -1.0200762748718262e-01, 3.5498908162117004e-01, 8.7742316722869873e-01, 2.0629292726516724e-01, -1.5919890105724335e+00, 5.8757908642292023e-02, -1.0358425080776215e+00, -9.6757638454437256e-01, -1.2780731618404388e+00, 2.5112755689769983e-01, -5.3094372153282166e-02, 2.7915310859680176e-01, 8.2620611786842346e-01, -2.3714655609801412e+00, 5.4666097462177277e-01},
    {-5.0482805818319321e-01, -1.1661751270294189e+00, 1.0437586307525635e+00, -1.4491614699363708e+00, -1.0200762748718262e-01, 3.4801235198974609e+00, 1.2657112777233124e+00, -4.4639796018600464e-01, 2.7171069979667664e+00, 1.0743735730648041e+00, -8.7144157290458679e-01, -3.1736606359481812e-01, 2.4171404242515564e+00, -1.3585660457611084e+00, -5.5719912052154541e-02, 9.3055763840675354e-01, 2.7179878950119019e-01, -3.7152308225631714e-01, -1.1894142031669617e+00, 7.9851707816123962e-01},
    {-4.8821413516998291e-01, -1.3778460323810577e+00, 2.7843970060348511e-01, -1.3263126611709595e+00, 3.5498908162117004e-01, 1.2657112777233124e+00, -2.3441760540008545e+00, 8.4819936752319336e-01, 1.6582031846046448e+00, -1.3299459218978882e+00, 2.0786085724830627e-01, -1.6368496417999268e-01, -1.9597983360290527e+00, 8.0182129144668579e-01, -5.4917836189270020e-01, -9.6692115068435669e-02, 8.3026097714900970e-01, 7.8178110718727112e-01, 6.2334790825843811e-01, 1.2670634947717190e+00},
    {-4.4592350721359253e-02, 1.9205831289291382e+00, -5.2564537525177002e-01, 7.3706539347767830e-01, 8.7742316722869873e-01, -4.4639796018600464e-01, 8.4819936752319336e-01, 2.4612917900085449e+00, 1.7521495223045349e+00, 8.6248398013412952e-01, 2.5865172147750854e+00, 1.0406784191727638e+00, -1.4157084226608276e+00, 2.0333759188652039e+00, 6.6036087274551392e-01, -1.3428467512130737e+00, 5.5945254117250443e-01, 1.0112347900867462e+00, -1.6082154437899590e+00, 1.1258244514465332e-01},
    {2.2261366248130798e+00, -5.6252962350845337e-01, 5.1113188266754150e-02, 1.7711973786354065e+00, 2.0629292726516724e-01, 2.7171069979667664e+00, 1.6582031846046448e+00, 1.7521495223045349e+00, 1.7273492813110352e+00, 1.1347164511680603e+00, 4.7220644354820251e-01, -2.9239942729473114e+00, 1.0107479691505432e+00, -5.6786552071571350e-01, -2.3808305263519287e+00, 5.2951514720916748e-02, 1.2442318797111511e+00, 1.3937833905220032e-01, 2.7325409650802612e-01, -2.3285648822784424e+00},
    {-1.7015307862311602e-01, 2.0080089867115021e+00, -2.2755396962165833e+00, 1.5602212548255920e+00, -1.5919890105724335e+00, 1.0743735730648041e+00, -1.3299459218978882e+00, 8.6248398013412952e-01, 1.1347164511680603e+00, 2.5137329101562500e+00, -1.5766938328742981e+00, 8.2061390578746796e-01, 1.9733949154615402e+00, -6.1331045627593994e-01, 1.2688714861869812e+00, 4.7460269927978516e-01, 9.7612529993057251e-01, -4.9380803108215332e-01, 1.9823891520500183e+00, 1.6526672244071960e+00},
    {-3.2340474426746368e-01, -2.3760954141616821e+00, -3.3456504344940186e-02, 1.7229230403900146e+00, 5.8757908642292023e-02, -8.7144157290458679e-01, 2.0786085724830627e-01, 2.5865172147750854e+00, 4.7220644354820251e-01, -1.5766938328742981e+00, -8.9443665742874146e-01, 5.5153429508209229e-02, -7.2420552372932434e-02, -7.8944486379623413e-01, 1.7509843483567238e+00, 2.4038553610444069e-01, -9.9567884206771851e-01, 4.6814718842506409e-01, -3.0594781786203384e-01, 1.4910724163055420e+00},
    {5.0072014331817627e-01, 1.5022456347942352e+00, 1.9069347977638245e+00, -1.4003736525774002e-01, -1.0358425080776215e+00, -3.1736606359481812e-01, -1.6368496417999268e-01, 1.0406784191727638e+00, -2.9239942729473114e+00, 8.2061390578746796e-01, 5.5153429508209229e-02, -2.6481473445892334e+00, 2.4138891696929932e-01, 3.1178724765777588e-01, 1.5469876825809479e+00, 2.3481937646865845e+00, 2.2898024171590805e+00, -1.0712551772594452e+00, 1.5544360876083374e+00, 5.0221537053585052e-01},
    {2.0259941816329956e+00, -2.7621889114379883e-01, 1.9025571346282959e+00, 1.6328377723693848e+00, -9.6757638454437256e-01, 2.4171404242515564e+00, -1.9597983360290527e+00, -1.4157084226608276e+00, 1.0107479691505432e+00, 1.9733949154615402e+00, -7.2420552372932434e-02, 2.4138891696929932e-01, -8.0625623464584351e-01, -6.9307675957679749e-01, -2.1466973423957825e-01, -1.3088950365781784e+00, -3.9585751295089722e-01, -3.6877363920211792e-02, 3.7109777629375458e+00, 2.1604446172714233e+00},
    {-1.8769062161445618e+00, 1.3161951303482056e-01, 1.2949758768081665e+00, -1.4457075595855713e+00, -1.2780731618404388e+00, -1.3585660457611084e+00, 8.0182129144668579e-01, 2.0333759188652039e+00, -5.6786552071571350e-01, -6.1331045627593994e-01, -7.8944486379623413e-01, 3.1178724765777588e-01, -6.9307675957679749e-01, 3.8572902679443359e+00, 1.6565376520156860e-01, 2.9390150308609009e-01, -6.1524599790573120e-01, -3.3850107192993164e+00, -2.3464303016662598e+00, 1.5177631750702858e-01},
    {1.4038830995559692e-01, -4.6924379467964172e-01, 4.8413848876953125e-01, 1.6475479006767273e+00, 2.5112755689769983e-01, -5.5719912052154541e-02, -5.4917836189270020e-01, 6.6036087274551392e-01, -2.3808305263519287e+00, 1.2688714861869812e+00, 1.7509843483567238e+00, 1.5469876825809479e+00, -2.1466973423957825e-01, 1.6565376520156860e-01, 1.4424239099025726e-01, -2.5241135358810425e+00, -2.6918112635612488e+00, 4.2539516687393188e+00, -6.3653753697872162e-01, -1.5759271979331970e+00},
    {1.2440666183829308e+00, 1.7982473969459534e+00, -5.7117804884910583e-02, -2.1681571304798126e+00, -5.3094372153282166e-02, 9.3055763840675354e-01, -9.6692115068435669e-02, -1.3428467512130737e+00, 5.2951514720916748e-02, 4.7460269927978516e-01, 2.4038553610444069e-01, 2.3481937646865845e+00, -1.3088950365781784e+00, 2.9390150308609009e-01, -2.5241135358810425e+00, 1.1867866516113281e+00, -1.5727770924568176e+00, 2.5750190019607544e-02, -1.0073542594909668e-01, -1.8656515479087830e+00},
    {6.2679475545883179e-01, -8.6046376824378967e-01, -2.4201595783233643e-01, 5.1295042037963867e-01, 2.7915310859680176e-01, 2.7179878950119019e-01, 8.3026097714900970e-01, 5.5945254117250443e-01, 1.2442318797111511e+00, 9.7612529993057251e-01, -9.9567884206771851e-01, 2.2898024171590805e+00, -3.9585751295089722e-01, -6.1524599790573120e-01, -2.6918112635612488e+00, -1.5727770924568176e+00, 3.7048435211181641e+00, 2.7862493991851807e+00, 3.6841785907745361e-01, 1.5403303503990173e-01},
    {1.6695350408554077e-01, 1.8356281518936157e-01, 4.9902158975601196e-01, -1.4725626111030579e+00, 8.2620611786842346e-01, -3.7152308225631714e-01, 7.8178110718727112e-01, 1.0112347900867462e+00, 1.3937833905220032e-01, -4.9380803108215332e-01, 4.6814718842506409e-01, -1.0712551772594452e+00, -3.6877363920211792e-02, -3.3850107192993164e+00, 4.2539516687393188e+00, 2.5750190019607544e-02, 2.7862493991851807e+00, 1.9605556726455688e+00, 6.2087894417345524e-01, -1.2716841101646423e+00},
    {2.2093795239925385e-02, -1.3318374380469322e-01, 6.4992043375968933e-01, -1.1865121126174927e-01, -2.3714655609801412e+00, -1.1894142031669617e+00, 6.2334790825843811e-01, -1.6082154437899590e+00, 2.7325409650802612e-01, 1.9823891520500183e+00, -3.0594781786203384e-01, 1.5544360876083374e+00, 3.7109777629375458e+00, -2.3464303016662598e+00, -6.3653753697872162e-01, -1.0073542594909668e-01, 3.6841785907745361e-01, 6.2087894417345524e-01, 7.4205058813095093e-01, 1.3520451486110687e+00},
    {-9.4482231140136719e-01, 2.5296615362167358e+00, -9.7790330648422241e-01, -1.9412305653095245e+00, 5.4666097462177277e-01, 7.9851707816123962e-01, 1.2670634947717190e+00, 1.1258244514465332e-01, -2.3285648822784424e+00, 1.6526672244071960e+00, 1.4910724163055420e+00, 5.0221537053585052e-01, 2.1604446172714233e+00, 1.5177631750702858e-01, -1.5759271979331970e+00, -1.8656515479087830e+00, 1.5403303503990173e-01, -1.2716841101646423e+00, 1.3520451486110687e+00, -8.5372895002365112e-01}
}}};

static constexpr auto result = eigvals(mat);

int main() { return 0; }
