#include "../../consteig.hpp"

using namespace consteig;

static constexpr Matrix<double, 18, 18> mat
{{{
    {-2.5585064291954041e-01, -4.2727932333946228e-02, -1.8185749650001526e+00, -1.9244950413703918e+00, -3.0664818286895752e+00, -9.3216183781623840e-01, 2.1377134323120117e-01, -3.5951548814773560e-01, -2.2113200426101685e+00, 5.9630325436592102e-01, 2.7341702282428741e+00, 1.9984382987022400e+00, 1.9403777122497559e+00, 4.4495862722396851e-01, 5.3130094707012177e-01, 1.0762973129749298e+00, -5.6970855593681335e-01, -1.0267111659049988e+00},
    {-4.2727932333946228e-02, -4.7039583325386047e-01, 4.3711590766906738e-01, -1.0360587090253830e+00, -4.1955642700195312e+00, 5.6499806046485901e-01, -3.5422073602676392e+00, 1.3571631908416748e-01, 4.4253855943679810e-02, -1.2644324153661728e+00, -5.7010555267333984e-01, 3.4492847323417664e-01, 2.1410097181797028e+00, 1.2355483174324036e+00, -1.1021302938461304e+00, -1.8153548240661621e-02, -1.1103298962116241e+00, -1.0638340413570404e+00},
    {-1.8185749650001526e+00, 4.3711590766906738e-01, -2.9761762619018555e+00, 2.0609531402587891e+00, 5.7168316841125488e-01, 1.9960255920886993e-01, -3.5911417007446289e-01, 8.5897445678710938e-03, -9.7089052200317383e-02, -7.3489007167518139e-01, 1.1150707602500916e+00, -2.1368821859359741e+00, -1.4900614880025387e+00, 5.7150778174400330e-01, 5.2054181694984436e-01, -1.7942547202110291e+00, -1.0382177233695984e+00, -2.7778768539428711e-01},
    {-1.9244950413703918e+00, -1.0360587090253830e+00, 2.0609531402587891e+00, -8.8384735584259033e-01, 6.4295747876167297e-01, 9.8234465345740318e-01, -3.0562067031860352e-01, -3.4889481067657471e+00, 1.1456488817930222e+00, 1.8001556396484375e-02, -2.1110606491565704e+00, -3.3591909408569336e+00, 4.1880370676517487e-01, 6.9520905613899231e-01, 1.9143784046173096e-01, -4.9382329173386097e-01, -3.1819127798080444e+00, 3.0300498008728027e-01},
    {-3.0664818286895752e+00, -4.1955642700195312e+00, 5.7168316841125488e-01, 6.4295747876167297e-01, 9.4270241260528564e-01, -2.7866773903369904e+00, -1.3153691589832306e+00, -5.6539061665534973e-01, 2.8174188733100891e-01, 3.5058780759572983e-01, 4.7578004002571106e-01, -2.2447109818458557e+00, 8.3517515473067760e-01, -3.0359113216400146e-01, 1.6057630181312561e+00, 4.3382237851619720e-01, -3.4149825572967529e-01, 1.9154274910688400e+00},
    {-9.3216183781623840e-01, 5.6499806046485901e-01, 1.9960255920886993e-01, 9.8234465345740318e-01, -2.7866773903369904e+00, 1.8754845485091209e-02, 4.2575281858444214e-01, -1.9664544463157654e+00, 8.2646086812019348e-02, -2.1153391599655151e+00, 6.5567737817764282e-01, -3.2441068887710571e+00, -4.4959668815135956e-01, 2.7253740727901459e+00, 3.3877063989639282e+00, 1.5616834163665771e-01, 2.1561573743820190e+00, 1.4125902955420315e+00},
    {2.1377134323120117e-01, -3.5422073602676392e+00, -3.5911417007446289e-01, -3.0562067031860352e-01, -1.3153691589832306e+00, 4.2575281858444214e-01, 3.3113372325897217e+00, 2.1087110042572021e-02, -2.0447689294815063e+00, 2.0791184902191162e+00, 1.1030600592494011e-01, 1.0784845352172852e+00, 1.2975981235504150e+00, 1.6995188891887665e+00, -1.1857641637325287e+00, 5.2459049224853516e-01, 1.4999341964721680e-01, -1.9131825864315033e+00},
    {-3.5951548814773560e-01, 1.3571631908416748e-01, 8.5897445678710938e-03, -3.4889481067657471e+00, -5.6539061665534973e-01, -1.9664544463157654e+00, 2.1087110042572021e-02, 1.3626948595046997e+00, -8.9432069659233093e-01, -1.5186652690172195e+00, -3.9628821611404419e-01, -2.6913089752197266e+00, -3.8798294030129910e-02, -3.3546842336654663e+00, 9.9482338130474091e-01, 1.2247831225395203e+00, -6.9291672855615616e-01, 1.2188270688056946e+00},
    {-2.2113200426101685e+00, 4.4253855943679810e-02, -9.7089052200317383e-02, 1.1456488817930222e+00, 2.8174188733100891e-01, 8.2646086812019348e-02, -2.0447689294815063e+00, -8.9432069659233093e-01, 2.1733696460723877e+00, 1.2334585189819336e-01, 3.9791038632392883e-01, -3.9984327554702759e-01, 1.3013461828231812e+00, -1.9697275757789612e+00, -1.5101083666086197e+00, -1.0571568012237549e+00, -2.2733054757118225e+00, -5.0406062602996826e-01},
    {5.9630325436592102e-01, -1.2644324153661728e+00, -7.3489007167518139e-01, 1.8001556396484375e-02, 3.5058780759572983e-01, -2.1153391599655151e+00, 2.0791184902191162e+00, -1.5186652690172195e+00, 1.2334585189819336e-01, -1.1337813138961792e+00, 1.8697556853294373e+00, -1.1454880833625793e+00, -1.5866702497005463e+00, 7.0547729730606079e-02, 8.7290886044502258e-01, 5.8911010622978210e-01, -1.5635504424571991e+00, -1.1160305142402649e-01},
    {2.7341702282428741e+00, -5.7010555267333984e-01, 1.1150707602500916e+00, -2.1110606491565704e+00, 4.7578004002571106e-01, 6.5567737817764282e-01, 1.1030600592494011e-01, -3.9628821611404419e-01, 3.9791038632392883e-01, 1.8697556853294373e+00, -5.7532072067260742e+00, 1.5453469753265381e-01, 2.5311523675918579e+00, -6.2087614834308624e-01, -2.0410441160202026e+00, 1.7529867291450500e+00, 2.5149774551391602e-01, -2.3679746389389038e+00},
    {1.9984382987022400e+00, 3.4492847323417664e-01, -2.1368821859359741e+00, -3.3591909408569336e+00, -2.2447109818458557e+00, -3.2441068887710571e+00, 1.0784845352172852e+00, -2.6913089752197266e+00, -3.9984327554702759e-01, -1.1454880833625793e+00, 1.5453469753265381e-01, 1.8134241104125977e+00, 2.4165614955127239e+00, 7.1691006422042847e-01, -1.1562803983688354e+00, 1.4455782920122147e+00, -5.7432502508163452e-01, -1.5141382776200771e+00},
    {1.9403777122497559e+00, 2.1410097181797028e+00, -1.4900614880025387e+00, 4.1880370676517487e-01, 8.3517515473067760e-01, -4.4959668815135956e-01, 1.2975981235504150e+00, -3.8798294030129910e-02, 1.3013461828231812e+00, -1.5866702497005463e+00, 2.5311523675918579e+00, 2.4165614955127239e+00, -2.7858281135559082e-01, -1.2118358463048935e+00, 6.6652345657348633e-01, 3.9203345775604248e-01, -5.9033468365669250e-01, 1.2973861992359161e+00},
    {4.4495862722396851e-01, 1.2355483174324036e+00, 5.7150778174400330e-01, 6.9520905613899231e-01, -3.0359113216400146e-01, 2.7253740727901459e+00, 1.6995188891887665e+00, -3.3546842336654663e+00, -1.9697275757789612e+00, 7.0547729730606079e-02, -6.2087614834308624e-01, 7.1691006422042847e-01, -1.2118358463048935e+00, -9.8392081260681152e-01, 1.4651785492897034e+00, 1.7368645179085433e+00, 1.1730780601501465e+00, 1.7322644144296646e+00},
    {5.3130094707012177e-01, -1.1021302938461304e+00, 5.2054181694984436e-01, 1.9143784046173096e-01, 1.6057630181312561e+00, 3.3877063989639282e+00, -1.1857641637325287e+00, 9.9482338130474091e-01, -1.5101083666086197e+00, 8.7290886044502258e-01, -2.0410441160202026e+00, -1.1562803983688354e+00, 6.6652345657348633e-01, 1.4651785492897034e+00, 7.4053066968917847e-01, -1.0028776526451111e+00, 6.5899040177464485e-01, -1.0155093967914581e+00},
    {1.0762973129749298e+00, -1.8153548240661621e-02, -1.7942547202110291e+00, -4.9382329173386097e-01, 4.3382237851619720e-01, 1.5616834163665771e-01, 5.2459049224853516e-01, 1.2247831225395203e+00, -1.0571568012237549e+00, 5.8911010622978210e-01, 1.7529867291450500e+00, 1.4455782920122147e+00, 3.9203345775604248e-01, 1.7368645179085433e+00, -1.0028776526451111e+00, 4.6189236640930176e-01, 9.3461668491363525e-01, 1.2602850496768951e+00},
    {-5.6970855593681335e-01, -1.1103298962116241e+00, -1.0382177233695984e+00, -3.1819127798080444e+00, -3.4149825572967529e-01, 2.1561573743820190e+00, 1.4999341964721680e-01, -6.9291672855615616e-01, -2.2733054757118225e+00, -1.5635504424571991e+00, 2.5149774551391602e-01, -5.7432502508163452e-01, -5.9033468365669250e-01, 1.1730780601501465e+00, 6.5899040177464485e-01, 9.3461668491363525e-01, -4.5268015861511230e+00, -1.5218332409858704e-01},
    {-1.0267111659049988e+00, -1.0638340413570404e+00, -2.7778768539428711e-01, 3.0300498008728027e-01, 1.9154274910688400e+00, 1.4125902955420315e+00, -1.9131825864315033e+00, 1.2188270688056946e+00, -5.0406062602996826e-01, -1.1160305142402649e-01, -2.3679746389389038e+00, -1.5141382776200771e+00, 1.2973861992359161e+00, 1.7322644144296646e+00, -1.0155093967914581e+00, 1.2602850496768951e+00, -1.5218332409858704e-01, -9.5022261142730713e-01}
}}};

static constexpr auto result = eigvals(mat);

int main() { return 0; }
