#include "../../consteig.hpp"

using namespace consteig;

static constexpr Matrix<double, 14, 14> mat
{{{
    {-5.7768702507019043e-01, 2.5783352873986587e-01, -2.7955591678619385e-02, -2.0087957382202148e-03, 1.4830719977617264e+00, 9.8274859786033630e-01, -5.1935294270515442e-01, 5.5742329359054565e-01, -6.3361719250679016e-01, 1.6869276762008667e+00, 5.8231286704540253e-01, 1.2684660255908966e+00, -2.5822752118110657e+00, -1.5602427721023560e-01},
    {2.5783352873986587e-01, -2.7695059776306152e+00, -2.3977238535881042e+00, 1.5042181611061096e+00, -1.4207146465778351e+00, 9.9030550569295883e-01, -1.6487671434879303e+00, -1.2770709053147584e+00, 2.4580544233322144e-01, 1.7358195781707764e+00, -5.4733742773532867e-01, -4.9236744642257690e-01, 6.5816327929496765e-01, -8.9837321639060974e-01},
    {-2.7955591678619385e-02, -2.3977238535881042e+00, 2.1034886837005615e+00, -9.3917459249496460e-02, -1.0155042111873627e+00, 2.2942428588867188e+00, 8.9636743068695068e-01, 9.6915698051452637e-01, -2.3512692451477051e+00, -8.1706404685974121e-01, -6.9619816541671753e-01, -3.2874158620834351e+00, 2.5215885639190674e+00, -3.6217609047889709e-01},
    {-2.0087957382202148e-03, 1.5042181611061096e+00, -9.3917459249496460e-02, -1.6454027891159058e+00, 9.1471338272094727e-01, 1.4112869799137115e+00, 2.6190087646245956e+00, -1.5187179446220398e+00, -3.6501684784889221e-01, 7.3109203577041626e-01, 5.2572488784790039e-02, 1.1162474751472473e+00, 7.0279926061630249e-02, 4.1248239576816559e-01},
    {1.4830719977617264e+00, -1.4207146465778351e+00, -1.0155042111873627e+00, 9.1471338272094727e-01, -6.5365895628929138e-02, -1.1272481977939606e+00, -1.0675205737352371e+00, 1.4500279426574707e+00, -1.5610765218734741e+00, 6.2554278969764709e-01, -1.5780600905418396e-01, 2.1097671389579773e+00, -3.7420430779457092e-01, -2.0133950710296631e+00},
    {9.8274859786033630e-01, 9.9030550569295883e-01, 2.2942428588867188e+00, 1.4112869799137115e+00, -1.1272481977939606e+00, -1.5595352649688721e-01, -1.1598854362964630e+00, -2.4203906059265137e+00, 5.1277682930231094e-01, 3.4697353839874268e-02, 1.1806508600711823e+00, 1.6640371084213257e-01, 6.0780698060989380e-01, 5.3067433834075928e-01},
    {-5.1935294270515442e-01, -1.6487671434879303e+00, 8.9636743068695068e-01, 2.6190087646245956e+00, -1.0675205737352371e+00, -1.1598854362964630e+00, 6.5376591682434082e-01, -5.1267656683921814e-01, 1.8165457248687744e-01, -8.8281631469726562e-02, -1.3151174187660217e+00, 2.6838564276695251e+00, 7.4495443701744080e-01, 4.9135693292191718e-01},
    {5.5742329359054565e-01, -1.2770709053147584e+00, 9.6915698051452637e-01, -1.5187179446220398e+00, 1.4500279426574707e+00, -2.4203906059265137e+00, -5.1267656683921814e-01, -1.8874987363815308e+00, 1.4558163285255432e+00, 5.9254080057144165e-01, 7.0070247352123260e-01, 1.5666317939758301e-01, 6.3502049446105957e-01, -8.6142515228129923e-01},
    {-6.3361719250679016e-01, 2.4580544233322144e-01, -2.3512692451477051e+00, -3.6501684784889221e-01, -1.5610765218734741e+00, 5.1277682930231094e-01, 1.8165457248687744e-01, 1.4558163285255432e+00, -1.4087079763412476e+00, -1.4748692512512207e+00, -6.9126483052968979e-01, -2.8106200695037842e-01, -2.5202610492706299e+00, -1.3982532769441605e+00},
    {1.6869276762008667e+00, 1.7358195781707764e+00, -8.1706404685974121e-01, 7.3109203577041626e-01, 6.2554278969764709e-01, 3.4697353839874268e-02, -8.8281631469726562e-02, 5.9254080057144165e-01, -1.4748692512512207e+00, 1.4510905742645264e+00, -8.8082413375377655e-01, -2.1755353808403015e+00, 2.6396287679672241e+00, -5.3644180297851562e-06},
    {5.8231286704540253e-01, -5.4733742773532867e-01, -6.9619816541671753e-01, 5.2572488784790039e-02, -1.5780600905418396e-01, 1.1806508600711823e+00, -1.3151174187660217e+00, 7.0070247352123260e-01, -6.9126483052968979e-01, -8.8082413375377655e-01, -3.7870550155639648e+00, -7.3409610986709595e-01, -1.3693498969078064e+00, 1.1478122174739838e+00},
    {1.2684660255908966e+00, -4.9236744642257690e-01, -3.2874158620834351e+00, 1.1162474751472473e+00, 2.1097671389579773e+00, 1.6640371084213257e-01, 2.6838564276695251e+00, 1.5666317939758301e-01, -2.8106200695037842e-01, -2.1755353808403015e+00, -7.3409610986709595e-01, 8.9568358659744263e-01, 6.6186130046844482e-02, 1.9860893487930298e-01},
    {-2.5822752118110657e+00, 6.5816327929496765e-01, 2.5215885639190674e+00, 7.0279926061630249e-02, -3.7420430779457092e-01, 6.0780698060989380e-01, 7.4495443701744080e-01, 6.3502049446105957e-01, -2.5202610492706299e+00, 2.6396287679672241e+00, -1.3693498969078064e+00, 6.6186130046844482e-02, -1.6585735082626343e+00, 1.2975466251373291e+00},
    {-1.5602427721023560e-01, -8.9837321639060974e-01, -3.6217609047889709e-01, 4.1248239576816559e-01, -2.0133950710296631e+00, 5.3067433834075928e-01, 4.9135693292191718e-01, -8.6142515228129923e-01, -1.3982532769441605e+00, -5.3644180297851562e-06, 1.1478122174739838e+00, 1.9860893487930298e-01, 1.2975466251373291e+00, -1.6604998111724854e+00}
}}};

static constexpr auto result = eigvals(mat);

int main() { return 0; }
