#include "../../consteig.hpp"

using namespace consteig;

static constexpr Matrix<double, 12, 12> mat
{{{
    {9.9999999999999967e-01, -1.0305928743086610e-16, 5.6552461793723367e-17, -1.8933734294715061e-16, -4.7825313265455462e-17, -2.2380572669484938e-16, -5.8197652010270927e-17, -1.0744993785483545e-16, 1.3695263276199109e-16, 6.0413538423336775e-17, -3.1091576017758391e-17, -2.7800533066618949e-16},
    {-1.0305928743086610e-16, 1.0000000000000000e+00, 1.1214227449389370e-17, -1.1238946799590541e-16, 9.6314892033469892e-17, 6.5035193441055539e-17, -7.8049777619427375e-17, -2.1239486280547204e-16, 6.9591197546530277e-17, 1.2292994225448096e-16, 2.0658651843557682e-17, -1.8539519728171698e-17},
    {5.6552461793723367e-17, 1.1214227449389370e-17, 9.9999999999999967e-01, -2.0877727022304058e-17, -8.2988403473048671e-17, -1.2129412133527107e-16, 7.8423150180542873e-17, 1.0571380764109791e-16, -7.3006319571247219e-17, 1.7911624461186288e-17, 4.5072019359411380e-17, 6.0767153516735415e-17},
    {-1.8933734294715061e-16, -1.1238946799590541e-16, -2.0877727022304058e-17, 9.9999999999999967e-01, 1.8650785032861772e-16, -6.1099608497591103e-17, 1.7976785369010919e-16, -1.1813951633370174e-16, 4.8868534991894311e-17, 2.0511377301080006e-16, 8.8762906570911728e-17, 6.5699511255280526e-17},
    {-4.7825313265455462e-17, 9.6314892033469892e-17, -8.2988403473048671e-17, 1.8650785032861772e-16, 9.9999999999999978e-01, -3.1785107141634161e-17, -1.4656294617660869e-16, -8.6982075373352995e-17, 4.1850831414318873e-17, 8.7591341794257722e-18, -1.0685984680891635e-16, -2.2076859483294943e-16},
    {-2.2380572669484938e-16, 6.5035193441055539e-17, -1.2129412133527107e-16, -6.1099608497591103e-17, -3.1785107141634161e-17, 9.9999999999999978e-01, -3.9922257122082628e-17, -9.7499304766625099e-17, 1.3125895029149096e-16, 1.8687780611548264e-16, -8.9141730337738756e-17, 4.9455427399755849e-17},
    {-5.8197652010270927e-17, -7.8049777619427375e-17, 7.8423150180542873e-17, 1.7976785369010919e-16, -1.4656294617660869e-16, -3.9922257122082628e-17, 1.0000000000000000e+00, -3.0951112752256541e-18, -4.1525340674398209e-18, 8.1328308125949607e-18, -2.1027930468940667e-16, -1.8943668330588234e-16},
    {-1.0744993785483545e-16, -2.1239486280547204e-16, 1.0571380764109791e-16, -1.1813951633370174e-16, -8.6982075373352995e-17, -9.7499304766625099e-17, -3.0951112752256541e-18, 1.0000000000000000e+00, 6.8174812631539650e-17, 1.5643748366399899e-16, -5.9059584079624130e-17, 7.9865636189614461e-17},
    {1.3695263276199109e-16, 6.9591197546530277e-17, -7.3006319571247219e-17, 4.8868534991894311e-17, 4.1850831414318873e-17, 1.3125895029149096e-16, -4.1525340674398209e-18, 6.8174812631539650e-17, 1.0000000000000002e+00, -1.2688348332943517e-16, 4.7403350228934884e-17, 2.8942082786425239e-18},
    {6.0413538423336775e-17, 1.2292994225448096e-16, 1.7911624461186288e-17, 2.0511377301080006e-16, 8.7591341794257722e-18, 1.8687780611548264e-16, 8.1328308125949607e-18, 1.5643748366399899e-16, -1.2688348332943517e-16, 9.9999999999999978e-01, 1.4005627432444748e-16, 1.0088242152135178e-17},
    {-3.1091576017758391e-17, 2.0658651843557682e-17, 4.5072019359411380e-17, 8.8762906570911728e-17, -1.0685984680891635e-16, -8.9141730337738756e-17, -2.1027930468940667e-16, -5.9059584079624130e-17, 4.7403350228934884e-17, 1.4005627432444748e-16, 9.9999999999999978e-01, -1.8146833253768864e-16},
    {-2.7800533066618949e-16, -1.8539519728171698e-17, 6.0767153516735415e-17, 6.5699511255280526e-17, -2.2076859483294943e-16, 4.9455427399755849e-17, -1.8943668330588234e-16, 7.9865636189614461e-17, 2.8942082786425239e-18, 1.0088242152135178e-17, -1.8146833253768864e-16, 9.9999999999999978e-01}
}}};

static constexpr auto result = eigvals(mat);

int main() { return 0; }
