#include "../../consteig.hpp"

using namespace consteig;

static constexpr Matrix<double, 12, 12> mat
{{{
    {1.0000044223345934e+00, -5.8646214902760844e-07, 5.5906591490545074e-08, -9.6938163790747592e-07, 9.8351606575828806e-08, -4.0664977406202418e-07, 4.5064220318156677e-07, 6.0033795191710839e-09, -2.7561133962141906e-07, 1.6472735926940986e-06, 6.2770563532808640e-07, 1.3441945768023638e-06},
    {-5.8646214902529795e-07, 1.0000074178150589e+00, 8.2906900547943710e-07, -8.9876634853164773e-07, -6.0291786528520170e-07, 2.9337174405772949e-07, -1.4760993463232620e-07, 2.6222043618910775e-06, 2.2068778014380440e-07, 6.9602039585296788e-08, -2.1686618502604458e-07, 5.3189997800696554e-07},
    {5.5906591501968775e-08, 8.2906900548205846e-07, 1.0000030810810332e+00, 1.3186336953374924e-07, 2.3470418343584613e-07, -1.1103664322737324e-06, -3.0929520683558506e-07, -5.9254671652045367e-07, -1.1073276621817493e-06, -7.6569081197493476e-07, -7.0991001835067375e-07, 1.5908963409493761e-06},
    {-9.6938163792998942e-07, -8.9876634853592599e-07, 1.3186336957542769e-07, 1.0000047636035692e+00, -7.3926605358606660e-07, -3.6616313303059364e-07, 1.1133380017543501e-06, -1.6592653413666330e-06, -3.7780314346691831e-07, -2.5583678699218769e-07, 5.8602489697981857e-07, -6.9494120099434017e-08},
    {9.8351606582763597e-08, -6.0291786528933691e-07, 2.3470418344076237e-07, -7.3926605357951364e-07, 1.0000040924326286e+00, -6.9757694750826532e-07, -2.0687039610931612e-07, 1.1599368753655318e-07, -7.8045339864155633e-07, 1.4113316472128012e-07, 1.1786924154742807e-07, -1.1438619495387933e-07},
    {-4.0664977406686555e-07, 2.9337174402731010e-07, -1.1103664322317133e-06, -3.6616313301729972e-07, -6.9757694751646216e-07, 1.0000067518550082e+00, 5.2217659223486144e-07, -1.0950042232512612e-06, -1.3828218459046471e-06, -8.7255997300482510e-07, 2.0677025190738759e-07, -8.4741110740470459e-07},
    {4.5064220318420326e-07, -1.4760993463381973e-07, -3.0929520678672412e-07, 1.1133380017608434e-06, -2.0687039607746109e-07, 5.2217659223478785e-07, 1.0000037763300822e+00, -2.3470321516549792e-07, 1.9655603799906112e-06, 6.9069183842717486e-07, 8.3100269781270483e-07, -6.6356064876939705e-07},
    {6.0033795213140309e-09, 2.6222043618955659e-06, -5.9254671653479023e-07, -1.6592653413659615e-06, 1.1599368752848908e-07, -1.0950042232375778e-06, -2.3470321515185307e-07, 1.0000039150496942e+00, -3.6582023499841227e-07, 4.2514535193511752e-08, 7.8023067507778204e-07, 8.7118705971156885e-07},
    {-2.7561133966602805e-07, 2.2068778014831636e-07, -1.1073276621137052e-06, -3.7780314346063364e-07, -7.8045339866615226e-07, -1.3828218459260135e-06, 1.9655603799998151e-06, -3.6582023500276644e-07, 1.0000053655766503e+00, 2.9883866800614737e-07, -7.7914559391319203e-07, -5.8718168316814547e-07},
    {1.6472735926610692e-06, 6.9602039582007587e-08, -7.6569081197283179e-07, -2.5583678701765660e-07, 1.4113316472083219e-07, -8.7255997293356359e-07, 6.9069183842137671e-07, 4.2514535190596483e-08, 2.9883866800739421e-07, 1.0000073482360927e+00, -1.3855885283884845e-07, -4.9675943315121945e-08},
    {6.2770563532795606e-07, -2.1686618502135588e-07, -7.0991001833458764e-07, 5.8602489697613366e-07, 1.1786924156472942e-07, 2.0677025190445334e-07, 8.3100269781093029e-07, 7.8023067508238397e-07, -7.7914559391214372e-07, -1.3855885284958377e-07, 1.0000048515244460e+00, -2.4076316602840429e-06},
    {1.3441945768047116e-06, 5.3189997798724439e-07, 1.5908963409502432e-06, -6.9494120114865157e-08, -1.1438619496709486e-07, -8.4741110742064607e-07, -6.6356064879159259e-07, 8.7118705968670399e-07, -5.8718168316465877e-07, -4.9675943312021963e-08, -2.4076316603031384e-06, 1.0000042141611456e+00}
}}};

static constexpr auto result = eigvals(mat);

int main() { return 0; }
