#include "../../consteig.hpp"

using namespace consteig;

static constexpr Matrix<double, 8, 8> mat
{{{
    {1.0000064002733902e+00, -1.3270150142799927e-06, 1.0568483468238399e-06, -8.5070107768547891e-08, -7.2624561508830182e-07, -9.5912530996274936e-07, -7.3592340175040120e-07, -1.8213527386444349e-06},
    {-1.3270150142245048e-06, 1.0000043320732570e+00, -8.4387554030612364e-08, 3.4719593525424950e-07, -6.6388727898525392e-07, -1.4229799889830292e-06, 4.7872360426889541e-07, 8.7129398280913734e-07},
    {1.0568483468176619e-06, -8.4387554031993041e-08, 1.0000056009601690e+00, 2.0631812421071631e-07, 5.8217744099274614e-07, 6.2458361581950722e-07, 8.8012613846854199e-07, 1.6197855900046373e-06},
    {-8.5070107784819209e-08, 3.4719593526008195e-07, 2.0631812421046721e-07, 1.0000043966596297e+00, -1.6191404653588830e-06, 5.6772181663493719e-07, 2.5494392194152225e-06, 3.0060774496035803e-07},
    {-7.2624561510308413e-07, -6.6388727898572572e-07, 5.8217744099441712e-07, -1.6191404653505588e-06, 1.0000034729578913e+00, 4.6728543258285126e-07, -4.7001491913308895e-07, 2.5183271063717144e-06},
    {-9.5912530997062529e-07, -1.4229799889663320e-06, 6.2458361580478070e-07, 5.6772181663957322e-07, 4.6728543257067717e-07, 1.0000049291423461e+00, -1.9165309930234131e-06, 1.0739965917913484e-06},
    {-7.3592340175552818e-07, 4.7872360429427315e-07, 8.8012613845439135e-07, 2.5494392193866466e-06, -4.7001491912150308e-07, -1.9165309930035307e-06, 1.0000065009547845e+00, -1.3081320145107464e-06},
    {-1.8213527386609014e-06, 8.7129398278703655e-07, 1.6197855900002979e-06, 3.0060774497908693e-07, 2.5183271063743106e-06, 1.0739965917812132e-06, -1.3081320144736832e-06, 1.0000043669785346e+00}
}}};

static constexpr auto result = eigvals(mat);

int main() { return 0; }
