#include "../../consteig.hpp"

using namespace consteig;

static constexpr Matrix<double, 10, 10> mat
{{{
    {1.0000031243265446e+00, 7.8804230239846351e-07, 1.4800070410963348e-06, 1.6843503325915820e-07, 1.6201777772067488e-06, 2.4891760529439216e-08, 1.9987847456171015e-06, 9.7763709386080600e-08, -1.2322292250489141e-06, 5.6506857767518578e-08},
    {7.8804230237811810e-07, 1.0000070343584295e+00, 1.0674564201561404e-06, -1.6351937372476996e-06, -5.8410961359677768e-07, 9.2795893537644056e-07, 8.5294023248339170e-07, -3.4475771852986047e-08, 5.6226009837641074e-07, 1.2287564201046946e-06},
    {1.4800070410744568e-06, 1.0674564201570306e-06, 1.0000072151528125e+00, 6.7214892888763338e-07, 7.5684662786121582e-07, 3.1605927869580857e-07, -1.8496656579727861e-06, -3.3661657385140296e-07, -3.4310995837094364e-07, -3.1435145980260131e-07},
    {1.6843503326535197e-07, -1.6351937371977607e-06, 6.7214892887102910e-07, 1.0000064348839017e+00, 3.7709805366496066e-07, -1.5714745043031528e-07, 3.2130890556657966e-07, 1.7921519359056779e-06, 3.9388899620466518e-07, -1.2592420216367513e-06},
    {1.6201777771551736e-06, -5.8410961356758437e-07, 7.5684662786165723e-07, 3.7709805367673553e-07, 1.0000028651727180e+00, -3.9780272611239247e-08, 1.8277136051600028e-06, -2.2886505188441222e-07, -5.8694798657732161e-07, -4.9707121738010822e-07},
    {2.4891760528748282e-08, 9.2795893537744705e-07, 3.1605927871296993e-07, -1.5714745044538370e-07, -3.9780272603088210e-08, 1.0000033977273843e+00, -2.9875694413308861e-07, 7.4939515346517405e-07, 9.3486392478614635e-07, 6.4273173769698534e-07},
    {1.9987847455969091e-06, 8.5294023246348093e-07, -1.8496656579890993e-06, 3.2130890548806611e-07, 1.8277136051290993e-06, -2.9875694413435016e-07, 1.0000043237850855e+00, 5.3074285320318465e-07, 1.4693376662466885e-06, 8.7444203076482537e-07},
    {9.7763709380793195e-08, -3.4475771893593627e-08, -3.3661657386950930e-07, 1.7921519358671078e-06, -2.2886505189617561e-07, 7.4939515343004537e-07, 5.3074285321941549e-07, 1.0000044288882932e+00, -7.9494821123403179e-07, -3.6821985182612578e-07},
    {-1.2322292250398839e-06, 5.6226009835122125e-07, -3.4310995836088698e-07, 3.9388899617734451e-07, -5.8694798654364485e-07, 9.3486392477155589e-07, 1.4693376662628501e-06, -7.9494821126011236e-07, 1.0000057255849106e+00, 8.5954457658318886e-07},
    {5.6506857774619877e-08, 1.2287564201019551e-06, -3.1435145980304087e-07, -1.2592420216975564e-06, -4.9707121738079442e-07, 6.4273173773319377e-07, 8.7444203076831748e-07, -3.6821985182194308e-07, 8.5954457659988304e-07, 1.0000054501199220e+00}
}}};

static constexpr auto result = eigvals(mat);

int main() { return 0; }
