#include "../../consteig.hpp"

using namespace consteig;

static constexpr Matrix<double, 14, 14> mat
{{{
    {9.9999999999999944e-01, 4.9070485379984475e-17, 1.1661067518890301e-16, -1.9518668595451250e-16, 1.1519299928105979e-16, -2.1833602519083871e-17, 4.4348279425366338e-17, 1.2494100091882459e-16, -5.7836902800264013e-17, 2.4605024605043957e-16, 7.7768134300742571e-17, 9.5128354290704572e-17, -9.0715877210999896e-17, 1.4592070706304086e-16},
    {4.9070485379984475e-17, 9.9999999999999933e-01, -7.8641639070958445e-17, 6.2719376348322958e-17, 1.0928676381990295e-16, -3.4225755558422368e-17, -8.9063577915657327e-17, -9.9254404738927204e-17, 2.0551488357129270e-16, 1.6384960258463525e-16, 1.3401735491966646e-16, 1.2987004353500328e-16, 4.8291003579529127e-17, -6.7132661300279573e-17},
    {1.1661067518890301e-16, -7.8641639070958445e-17, 9.9999999999999900e-01, -1.2803829139821278e-16, -1.1871732796453718e-16, 2.1254282686623663e-16, 2.6376608384260977e-16, -1.8794807953690806e-16, -1.0945467001757748e-16, 1.5271731623926650e-16, 1.3876123706850954e-16, 5.6467725101344984e-17, 2.0173389210699671e-16, -6.7281730380366310e-17},
    {-1.9518668595451250e-16, 6.2719376348322958e-17, -1.2803829139821278e-16, 9.9999999999999967e-01, 4.2362221143968861e-17, 8.6369931557645866e-17, 1.3561191754200245e-16, -4.0029602493502687e-17, -1.8595115925697256e-16, -4.6098348528664539e-17, -2.8296059601626238e-18, -6.2863290077981604e-18, 9.2407773020849309e-17, -1.0067215293717103e-16},
    {1.1519299928105979e-16, 1.0928676381990295e-16, -1.1871732796453718e-16, 4.2362221143968861e-17, 1.0000000000000000e+00, -1.2745040102417834e-16, 6.8146263529058059e-17, -9.4867127164272509e-17, 1.6047842338835499e-16, 3.3429790159392882e-16, 2.5124778778738897e-16, -4.7344206132020413e-17, -3.4098302874712781e-17, -1.4385149166237680e-16},
    {-2.1833602519083871e-17, -3.4225755558422368e-17, 2.1254282686623663e-16, 8.6369931557645866e-17, -1.2745040102417834e-16, 9.9999999999999933e-01, 1.9860320460972384e-16, -8.4406835287074646e-18, -1.8998437406676794e-16, -3.4862258684329537e-17, 5.6588832664161054e-17, 6.8129276839606687e-17, 1.8199136767799525e-16, -6.5119240384831199e-17},
    {4.4348279425366338e-17, -8.9063577915657327e-17, 2.6376608384260977e-16, 1.3561191754200245e-16, 6.8146263529058059e-17, 1.9860320460972384e-16, 9.9999999999999967e-01, -3.9096394729819810e-17, 5.5898348413391790e-17, -1.1788614567029230e-17, 4.5041749710222121e-17, -3.0816488251712797e-16, -9.3244541713483560e-17, -1.4973439965068370e-16},
    {1.2494100091882459e-16, -9.9254404738927204e-17, -1.8794807953690806e-16, -4.0029602493502687e-17, -9.4867127164272509e-17, -8.4406835287074646e-18, -3.9096394729819810e-17, 9.9999999999999989e-01, 2.3287206205823727e-17, 2.0692078530929819e-16, -1.0915701566170676e-16, -5.4193651699891733e-17, 1.3626964808987516e-16, 6.6271809464433392e-17},
    {-5.7836902800264013e-17, 2.0551488357129270e-16, -1.0945467001757748e-16, -1.8595115925697256e-16, 1.6047842338835499e-16, -1.8998437406676794e-16, 5.5898348413391790e-17, 2.3287206205823727e-17, 9.9999999999999989e-01, 1.1711668827000962e-16, 2.1870935196209488e-16, -5.0925137493403092e-17, 5.8975597964967587e-17, -1.4719372345125857e-16},
    {2.4605024605043957e-16, 1.6384960258463525e-16, 1.5271731623926650e-16, -4.6098348528664539e-17, 3.3429790159392882e-16, -3.4862258684329537e-17, -1.1788614567029230e-17, 2.0692078530929819e-16, 1.1711668827000962e-16, 9.9999999999999967e-01, -2.8802815792660390e-16, 1.5133484254733400e-16, -3.7214820789592752e-17, -4.0703289246428005e-17},
    {7.7768134300742571e-17, 1.3401735491966646e-16, 1.3876123706850954e-16, -2.8296059601626238e-18, 2.5124778778738897e-16, 5.6588832664161054e-17, 4.5041749710222121e-17, -1.0915701566170676e-16, 2.1870935196209488e-16, -2.8802815792660390e-16, 1.0000000000000000e+00, -1.3106938584708773e-16, -1.8989056479727057e-16, 4.8062821553259637e-17},
    {9.5128354290704572e-17, 1.2987004353500328e-16, 5.6467725101344984e-17, -6.2863290077981604e-18, -4.7344206132020413e-17, 6.8129276839606687e-17, -3.0816488251712797e-16, -5.4193651699891733e-17, -5.0925137493403092e-17, 1.5133484254733400e-16, -1.3106938584708773e-16, 9.9999999999999956e-01, -3.8968792004745189e-17, 1.0779092724124522e-16},
    {-9.0715877210999896e-17, 4.8291003579529127e-17, 2.0173389210699671e-16, 9.2407773020849309e-17, -3.4098302874712781e-17, 1.8199136767799525e-16, -9.3244541713483560e-17, 1.3626964808987516e-16, 5.8975597964967587e-17, -3.7214820789592752e-17, -1.8989056479727057e-16, -3.8968792004745189e-17, 9.9999999999999978e-01, -7.4198901524705215e-18},
    {1.4592070706304086e-16, -6.7132661300279573e-17, -6.7281730380366310e-17, -1.0067215293717103e-16, -1.4385149166237680e-16, -6.5119240384831199e-17, -1.4973439965068370e-16, 6.6271809464433392e-17, -1.4719372345125857e-16, -4.0703289246428005e-17, 4.8062821553259637e-17, 1.0779092724124522e-16, -7.4198901524705215e-18, 9.9999999999999967e-01}
}}};

static constexpr auto result = eigvals(mat);

int main() { return 0; }
