#include "../../consteig.hpp"

using namespace consteig;

static constexpr Matrix<double, 14, 14> mat
{{{
    {1.0000000000000000e+00, 8.5343534869502810e-17, 2.1474099233012488e-16, 5.2657148976881854e-17, 3.5075465678272459e-17, -9.8912732821493990e-17, 1.0952734717915465e-16, -8.3473436181537364e-17, 1.6372772788751708e-17, -7.6780729163706852e-17, 6.2559530113894540e-17, -1.5235862802192467e-16, -3.6475521125178298e-16, 2.5250359598088469e-16},
    {8.5343534869502810e-17, 1.0000000000000000e+00, -1.1871492981464831e-16, 9.5491501966304931e-17, -2.3775161961082969e-16, -2.4605334206619658e-16, 1.0936156892779915e-16, -5.2376372955877848e-17, 3.3523343581844131e-18, 5.7946037006653350e-17, -2.4326767360343186e-17, 4.0777004135590444e-17, 1.9801643699825657e-18, 6.6299747611316122e-18},
    {2.1474099233012488e-16, -1.1871492981464831e-16, 9.9999999999999989e-01, 7.6616073321018702e-17, -5.5629384592313323e-17, 7.9152709157632121e-17, -5.1252210403587245e-17, -8.4297523918903328e-17, 5.2621627715979967e-20, -1.2120174955667638e-16, 1.4483798054449462e-16, 2.1052675977881588e-16, 9.9665459320417387e-17, -1.6731000111323800e-17},
    {5.2657148976881854e-17, 9.5491501966304931e-17, 7.6616073321018702e-17, 9.9999999999999978e-01, -7.5480871749172888e-17, -8.9803989747920628e-17, -1.7459852130905646e-17, 1.0544790761132687e-16, -1.4037707000349725e-16, -1.6893878024876836e-16, -3.0055075903982102e-17, 3.8529987519633389e-17, -3.3524166129916779e-17, -5.4616949521742865e-17},
    {3.5075465678272459e-17, -2.3775161961082969e-16, -5.5629384592313323e-17, -7.5480871749172888e-17, 1.0000000000000000e+00, -4.3704282708103124e-18, 3.2705128255815345e-17, -8.6876251898923738e-17, 8.0557363009067094e-17, 1.5102758246104196e-16, 1.8669729154537027e-17, 1.2676894321536942e-16, 1.1431575124001258e-16, -3.3002333095177452e-17},
    {-9.8912732821493990e-17, -2.4605334206619658e-16, 7.9152709157632121e-17, -8.9803989747920628e-17, -4.3704282708103124e-18, 1.0000000000000004e+00, -1.8088288178820214e-16, -1.6777911883712875e-16, -1.5810496904154316e-16, 1.3179589197878695e-17, 1.1293385543361597e-16, -2.8943579193702937e-18, 2.1534475331886427e-16, 1.7389006760197387e-16},
    {1.0952734717915465e-16, 1.0936156892779915e-16, -5.1252210403587245e-17, -1.7459852130905646e-17, 3.2705128255815345e-17, -1.8088288178820214e-16, 1.0000000000000000e+00, 1.0448642525838139e-16, 3.0784890126559431e-17, -8.7516835216052565e-17, -2.1065386005143853e-17, -9.0115620235634685e-17, -1.9680298998798037e-16, -4.0236031925344574e-17},
    {-8.3473436181537364e-17, -5.2376372955877848e-17, -8.4297523918903328e-17, 1.0544790761132687e-16, -8.6876251898923738e-17, -1.6777911883712875e-16, 1.0448642525838139e-16, 9.9999999999999989e-01, -5.3029487818919370e-17, -5.7387896468675241e-17, -1.2860937497711209e-16, 5.4011641158531605e-17, 5.5201327566993905e-17, 3.4435157219131703e-17},
    {1.6372772788751708e-17, 3.3523343581844131e-18, 5.2621627715979967e-20, -1.4037707000349725e-16, 8.0557363009067094e-17, -1.5810496904154316e-16, 3.0784890126559431e-17, -5.3029487818919370e-17, 1.0000000000000000e+00, -1.8392430006329258e-17, -9.4672143016286760e-17, 2.1671355166204710e-16, -5.8846798764114959e-18, -3.2860728311145607e-17},
    {-7.6780729163706852e-17, 5.7946037006653350e-17, -1.2120174955667638e-16, -1.6893878024876836e-16, 1.5102758246104196e-16, 1.3179589197878695e-17, -8.7516835216052565e-17, -5.7387896468675241e-17, -1.8392430006329258e-17, 9.9999999999999978e-01, 4.4522372239770557e-17, 8.5734699526512724e-17, -1.7980887159900280e-16, -5.0903414617969652e-17},
    {6.2559530113894540e-17, -2.4326767360343186e-17, 1.4483798054449462e-16, -3.0055075903982102e-17, 1.8669729154537027e-17, 1.1293385543361597e-16, -2.1065386005143853e-17, -1.2860937497711209e-16, -9.4672143016286760e-17, 4.4522372239770557e-17, 1.0000000000000000e+00, -1.1527790503147583e-16, 8.5585544867297993e-17, 3.8564903406380901e-17},
    {-1.5235862802192467e-16, 4.0777004135590444e-17, 2.1052675977881588e-16, 3.8529987519633389e-17, 1.2676894321536942e-16, -2.8943579193702937e-18, -9.0115620235634685e-17, 5.4011641158531605e-17, 2.1671355166204710e-16, 8.5734699526512724e-17, -1.1527790503147583e-16, 1.0000000000000000e+00, 5.1652172101977354e-17, 4.6768341265398241e-17},
    {-3.6475521125178298e-16, 1.9801643699825657e-18, 9.9665459320417387e-17, -3.3524166129916779e-17, 1.1431575124001258e-16, 2.1534475331886427e-16, -1.9680298998798037e-16, 5.5201327566993905e-17, -5.8846798764114959e-18, -1.7980887159900280e-16, 8.5585544867297993e-17, 5.1652172101977354e-17, 1.0000000000000000e+00, 1.0490794853034665e-16},
    {2.5250359598088469e-16, 6.6299747611316122e-18, -1.6731000111323800e-17, -5.4616949521742865e-17, -3.3002333095177452e-17, 1.7389006760197387e-16, -4.0236031925344574e-17, 3.4435157219131703e-17, -3.2860728311145607e-17, -5.0903414617969652e-17, 3.8564903406380901e-17, 4.6768341265398241e-17, 1.0490794853034665e-16, 1.0000000000000000e+00}
}}};

static constexpr auto result = eigvals(mat);

int main() { return 0; }
