#include "../../consteig.hpp"

using namespace consteig;

static constexpr Matrix<double, 20, 20> mat
{{{
    {1.0000053462058451e+00, -3.9337157051940602e-07, 9.4763836177403900e-07, 3.7233573091138641e-07, 4.5119756758828188e-07, 5.9361855876002575e-08, 2.0344745951620806e-07, -6.1503243897066511e-07, -8.8800339005497032e-08, 4.7631901943845364e-07, -3.6354371954935309e-07, -2.8761017752007720e-07, 1.6318738573231705e-06, 5.1397747717888638e-07, 8.7799687670447126e-07, 3.0991616761273780e-08, -1.4298052261335785e-07, -2.1307888750979285e-07, -1.7637200681608086e-07, 3.4819746420184681e-07},
    {-3.9337157052019714e-07, 1.0000061065870740e+00, -1.3426780455745786e-06, 6.5539590710340280e-07, -1.0374230638969093e-07, -8.1329647049782171e-07, -7.3695904300949267e-07, -2.3902725028927936e-08, 3.1222964593416381e-07, 1.2151802094316926e-06, 4.8965336122936070e-07, 1.5544580171646834e-07, 3.0884347554458740e-07, 9.4798429638387360e-07, 7.0297004019831798e-07, -4.7014649901562635e-07, 7.4189269293813177e-07, 9.0774190186960242e-07, 1.1045795933906080e-07, 5.4327623098729029e-07},
    {9.4763836175588687e-07, -1.3426780455159504e-06, 1.0000046607972795e+00, -1.9908965153505705e-07, -3.1339736202821763e-07, 2.8096362698609735e-07, 6.4972584678437257e-07, -2.0105184474984633e-07, 3.7360692134624279e-07, 4.6441380126068216e-07, -7.3598385326892418e-07, 7.6403221568876450e-07, 1.6411143558242750e-07, 5.0205489962017847e-07, -3.3174842306604405e-07, 9.0676997255485663e-07, 4.7584064458372901e-07, -2.3470693320705226e-07, 1.2487391120425660e-06, 5.5354891838255565e-08},
    {3.7233573090561621e-07, 6.5539590708384830e-07, -1.9908965154965617e-07, 1.0000057955805759e+00, 2.3052292750801503e-07, 1.0504196843675462e-07, 1.6418569620589444e-06, -9.2270881240410805e-07, -2.4853946889316459e-07, -1.3747470922116248e-07, -5.8072641488813160e-08, 1.1428932237623387e-07, 5.8960659484627827e-07, -8.8343843680064208e-07, -8.3824891243751534e-07, 1.0552749230695470e-07, -1.3024567361154457e-07, -6.1431641009733281e-08, -1.6932043263908864e-06, 3.5050399256841252e-07},
    {4.5119756759461838e-07, -1.0374230639243840e-07, -3.1339736205422493e-07, 2.3052292748960178e-07, 1.0000049910951991e+00, 2.7490516980121754e-08, 2.6499319237841364e-07, -6.2441919292693320e-07, -7.7028973411093473e-07, 4.5689085919306068e-07, 1.9734827489790911e-08, 2.1555118552629564e-07, -6.7634220902810815e-07, -1.0269171541699909e-06, 1.3874867730516591e-06, -6.4184643949391608e-07, 1.5135805368904628e-06, 4.6434820733932082e-07, 1.9872900573985829e-07, -7.6993836363873978e-07},
    {5.9361855870439296e-08, -8.1329647047522446e-07, 2.8096362698996342e-07, 1.0504196843474070e-07, 2.7490517015546971e-08, 1.0000051587732404e+00, 5.2036688117532011e-07, -2.9334090227875245e-07, -1.9056766813904250e-07, 6.4401323510707634e-07, 1.0200679944335718e-08, -3.1888815827191738e-07, -2.1607731218994137e-07, -1.3672388231649939e-07, -1.1687059818359697e-07, 5.6047869843295052e-08, -1.6172289587729393e-06, -3.4628971126340445e-07, 5.2395546012983145e-08, 5.9098818689148414e-07},
    {2.0344745952131996e-07, -7.3695904300130769e-07, 6.4972584678550156e-07, 1.6418569620915645e-06, 2.6499319237454175e-07, 5.2036688118880138e-07, 1.0000061385319348e+00, -2.1965158409155501e-07, -8.0137094539272371e-10, 4.2744743656989176e-07, -3.3272706728915746e-08, -9.9904141193597534e-08, 7.5852796519244348e-07, -1.0070670853743638e-06, 2.4169294210790307e-07, 1.3418516519937398e-07, 6.1240715333817977e-07, -6.0011098190652653e-07, -9.9690203253299453e-07, -1.1052014713032718e-06},
    {-6.1503243896546687e-07, -2.3902725021601561e-08, -2.0105184476312831e-07, -9.2270881242860064e-07, -6.2441919293930168e-07, -2.9334090228628321e-07, -2.1965158406488848e-07, 1.0000059689352419e+00, 2.5941138370659632e-07, -1.8898665905318348e-07, -2.0278155309095377e-06, -1.0281684349930695e-06, 1.4495583202882370e-07, 1.0930058355231455e-07, 8.6236192992557922e-07, 6.5074740674913848e-07, 4.1749054234720290e-07, -1.3020117918884176e-07, -1.5553992948543854e-06, -1.4508471956931266e-06},
    {-8.8800339011709489e-08, 3.1222964593307674e-07, 3.7360692134374436e-07, -2.4853946888233368e-07, -7.7028973411075441e-07, -1.9056766814340250e-07, -8.0137097831489073e-10, 2.5941138373967587e-07, 1.0000051600643767e+00, -3.4938544528962442e-07, -2.7981437602993849e-07, -5.2554646193056296e-07, -6.5667897403841608e-07, -4.3354335038512664e-07, 5.5209670841385542e-07, -6.8829339719174880e-07, 2.0196202559100337e-07, -8.2166372135120422e-07, 2.6182795315958158e-07, -5.3627327078040319e-07},
    {4.7631901944415253e-07, 1.2151802094239696e-06, 4.6441380125813958e-07, -1.3747470922051106e-07, 4.5689085917804802e-07, 6.4401323510858850e-07, 4.2744743653348940e-07, -1.8898665905646767e-07, -3.4938544526141949e-07, 1.0000043632844604e+00, 3.5453456771517250e-07, 1.8309809678124425e-06, -4.4903224166214150e-07, 1.3569625606365146e-06, -4.6181200120716857e-07, -1.1150802341296688e-07, 4.0193681971614069e-07, 2.3584856496494830e-08, -3.4630030269053822e-07, -3.2657534549317795e-07},
    {-3.6354371957401250e-07, 4.8965336119067311e-07, -7.3598385326437805e-07, -5.8072641467693346e-08, 1.9734827489488686e-08, 1.0200679960219518e-08, -3.3272706708251041e-08, -2.0278155308910398e-06, -2.7981437599639154e-07, 3.5453456774351095e-07, 1.0000054844131021e+00, 6.8037242021598976e-08, -2.4431062483310335e-08, 2.0137244494919024e-07, 2.5001354099063518e-07, 3.5707265001323355e-07, 3.4306138801038860e-07, 3.9107781051162974e-07, 1.5861798067496742e-07, 7.2059529614428949e-08},
    {-2.8761017753472933e-07, 1.5544580173877546e-07, 7.6403221568376055e-07, 1.1428932235519415e-07, 2.1555118553806344e-07, -3.1888815827471831e-07, -9.9904141198166787e-08, -1.0281684349900223e-06, -5.2554646191011474e-07, 1.8309809678678431e-06, 6.8037242012588134e-08, 1.0000039585621143e+00, 4.5293390004811802e-08, 1.1914546418148416e-07, -8.1057716927251559e-07, 3.8288055788638378e-07, -5.5183182877017413e-07, -4.4409046971583459e-07, 9.1445750736904228e-08, 6.3299292408585470e-07},
    {1.6318738573036568e-06, 3.0884347559391516e-07, 1.6411143560947517e-07, 5.8960659486007411e-07, -6.7634220902791164e-07, -2.1607731217397753e-07, 7.5852796516004225e-07, 1.4495583201181131e-07, -6.5667897403534961e-07, -4.4903224165573661e-07, -2.4431062469607737e-08, 4.5293390032547366e-08, 1.0000032235763314e+00, -7.5065316719325895e-07, 6.7591203672006223e-08, 2.0074426386145808e-06, -3.6340057063924506e-07, -7.3217391848417091e-07, 7.5563385448852276e-07, 3.7180449292219444e-07},
    {5.1397747719344412e-07, 9.4798429644965280e-07, 5.0205489962959356e-07, -8.8343843681102967e-07, -1.0269171541349580e-06, -1.3672388229926026e-07, -1.0070670853479092e-06, 1.0930058353679211e-07, -4.3354335039562133e-07, 1.3569625606192323e-06, 2.0137244494004297e-07, 1.1914546416535440e-07, -7.5065316721734729e-07, 1.0000043916950181e+00, -7.0459244159211277e-07, 1.0638626123507354e-07, 5.4437519426651600e-07, -9.0762870029780771e-07, -6.1517119726664541e-07, 1.4921708527792381e-06},
    {8.7799687678125078e-07, 7.0297004021681168e-07, -3.3174842309415850e-07, -8.3824891243045246e-07, 1.3874867730396126e-06, -1.1687059818612400e-07, 2.4169294208447213e-07, 8.6236192992385339e-07, 5.5209670842577042e-07, -4.6181200121806030e-07, 2.5001354097642155e-07, -8.1057716926694540e-07, 6.7591203703393651e-08, -7.0459244161798179e-07, 1.0000047615553700e+00, 5.2418345543281585e-07, -9.2006746148131356e-07, -3.1811313887716877e-07, -7.3208351850080855e-08, -6.0742498372539646e-09},
    {3.0991616752714195e-08, -4.7014649903673388e-07, 9.0676997252054014e-07, 1.0552749227479328e-07, -6.4184643949059835e-07, 5.6047869856542918e-08, 1.3418516519795877e-07, 6.5074740669324510e-07, -6.8829339718495242e-07, -1.1150802338118583e-07, 3.5707264999573353e-07, 3.8288055788289839e-07, 2.0074426385615125e-06, 1.0638626122287642e-07, 5.2418345543414103e-07, 1.0000070841976156e+00, 3.1274924444533917e-07, 3.8756158096328946e-07, -3.5491491673568357e-07, 1.7585001937158334e-07},
    {-1.4298052263354543e-07, 7.4189269297006819e-07, 4.7584064458166696e-07, -1.3024567361998295e-07, 1.5135805368836423e-06, -1.6172289587588976e-06, 6.1240715329668585e-07, 4.1749054231920513e-07, 2.0196202559276179e-07, 4.0193681971083292e-07, 3.4306138799861156e-07, -5.5183182876821897e-07, -3.6340057063720996e-07, 5.4437519425907725e-07, -9.2006746145436023e-07, 3.1274924445191442e-07, 1.0000053477987474e+00, 9.5844787468759321e-07, 2.2109244933328303e-07, 4.4736995181488761e-08},
    {-2.1307888750829697e-07, 9.0774190183628427e-07, -2.3470693322416503e-07, -6.1431641017342495e-08, 4.6434820733840147e-07, -3.4628971122786830e-07, -6.0011098190389607e-07, -1.3020117919416629e-07, -8.2166372133622540e-07, 2.3584856504506779e-08, 3.9107781051966771e-07, -4.4409046968723585e-07, -7.3217391847791653e-07, -9.0762870030679071e-07, -3.1811313887052311e-07, 3.8756158095058640e-07, 9.5844787471802647e-07, 1.0000038899723347e+00, 6.0004927176612127e-07, 2.8618585930403285e-07},
    {-1.7637200680580739e-07, 1.1045795932731135e-07, 1.2487391120576283e-06, -1.6932043264043665e-06, 1.9872900570829956e-07, 5.2395546015154752e-08, -9.9690203252562831e-07, -1.5553992947660885e-06, 2.6182795315327950e-07, -3.4630030268997944e-07, 1.5861798068874936e-07, 9.1445750752503134e-08, 7.5563385444020620e-07, -6.1517119724400570e-07, -7.3208351842740534e-08, -3.5491491671785437e-07, 2.2109244932406215e-07, 6.0004927175795227e-07, 1.0000050653025254e+00, 9.7432422741039364e-07},
    {3.4819746420205253e-07, 5.4327623098521156e-07, 5.5354891826542879e-08, 3.5050399257143855e-07, -7.6993836363483750e-07, 5.9098818689794244e-07, -1.1052014712365551e-06, -1.4508471956957951e-06, -5.3627327076672732e-07, -3.2657534546157256e-07, 7.2059529612782687e-08, 6.3299292410502433e-07, 3.7180449293238038e-07, 1.4921708527523307e-06, -6.0742498428942941e-09, 1.7585001938293133e-07, 4.4736995189363480e-08, 2.8618585929957799e-07, 9.7432422741610032e-07, 1.0000031030716148e+00}
}}};

static constexpr auto result = eigvals(mat);

int main() { return 0; }
