#include "../../consteig.hpp"

using namespace consteig;

static constexpr Matrix<double, 18, 18> mat
{{{
    {-1.8234458565711975e-01, -1.1604810953140259e+00, 1.2602015733718872e+00, 2.0431864261627197e-01, -7.0168000459671021e-01, -2.1836338937282562e-01, 1.2537146806716919e+00, -1.1216501705348492e-02, 1.8227994441986084e+00, 1.4341738224029541e+00, -1.8095835447311401e+00, 9.4826674461364746e-01, -1.1409808099269867e+00, -2.7061775326728821e+00, -3.9648786187171936e-02, -1.0665576159954071e+00, -1.6059457063674927e+00, 6.9614241144154221e-01},
    {-1.0201814174652100e+00, 2.6453866958618164e+00, -1.4387803077697754e+00, -4.5193016529083252e-02, -9.6530401706695557e-01, 7.1270787715911865e-01, -1.9793912172317505e+00, -1.6611266136169434e+00, 1.1346569061279297e+00, -1.8095835447311401e+00, 1.2928287982940674e+00, 2.7212464809417725e-01, 2.4531292319297791e+00, -8.5097748786211014e-01, 2.4368491768836975e-01, 1.6237702369689941e+00, -1.8357956409454346e+00, 9.9759419262409210e-01},
    {-1.5381819009780884e+00, 2.7635467052459717e-01, 7.2412508726119995e-01, -4.0890255570411682e-01, 1.6476136445999146e+00, -2.6586723327636719e-01, 2.1564774215221405e-01, 2.6485311985015869e+00, 3.7910498678684235e-02, 9.4826674461364746e-01, 2.7212464809417725e-01, 2.8687435388565063e-01, 9.9434277415275574e-01, 6.8746803700923920e-01, -4.1421964168548584e+00, -2.3154569864273071e+00, 1.7541426420211792e-01, 1.8111224025487900e+00},
    {1.1948812007904053e+00, -8.2177734375000000e-01, 2.2096022963523865e-01, 1.0328996181488037e-01, -1.5496579408645630e+00, 3.5706332325935364e-01, 5.6935048103332520e-01, 9.8542660474777222e-01, -5.4575586318969727e-01, -1.1409808099269867e+00, 2.4531292319297791e+00, 9.9434277415275574e-01, 3.0428543090820312e+00, 2.6427268981933594e-01, -1.1015051603317261e-01, 1.1336224079132080e+00, 8.2923835515975952e-01, -2.4113154411315918e-01},
    {1.4172878265380859e+00, -1.4152461290359497e-01, 6.6632592678070068e-01, 3.9330935478210449e-01, -7.0806217193603516e-01, 2.7618875503540039e+00, -6.1682236194610596e-01, -2.9210921376943588e-02, 1.1063115298748016e-01, -2.7061775326728821e+00, -8.5097748786211014e-01, 6.8746803700923920e-01, 2.6427268981933594e-01, -1.0092447996139526e+00, -9.3295371532440186e-01, 1.2307926118373871e+00, -3.1496509909629822e-01, 1.5212602019309998e+00},
    {-1.0275045633316040e+00, -1.4016376435756683e-01, 2.0740394592285156e+00, 1.0888447761535645e+00, -6.5820121765136719e-01, -4.8152899742126465e-01, 1.8090473115444183e-01, 1.3825534582138062e+00, -1.0356255769729614e+00, -3.9648786187171936e-02, 2.4368491768836975e-01, -4.1421964168548584e+00, -1.1015051603317261e-01, -9.3295371532440186e-01, 2.6559269428253174e+00, 2.7445675730705261e+00, -9.7163958847522736e-01, -1.0523306727409363e+00},
    {-6.5974253416061401e-01, -6.2193608283996582e-01, -3.9347985386848450e-01, -2.6846328377723694e-01, 8.8466763496398926e-01, -3.7034890055656433e-01, 1.3623133897781372e+00, 7.6009342446923256e-03, 2.1183402538299561e+00, -1.0665576159954071e+00, 1.6237702369689941e+00, -2.3154569864273071e+00, 1.1336224079132080e+00, 1.2307926118373871e+00, 2.7445675730705261e+00, 2.2610888481140137e+00, 2.9439537227153778e-01, 1.0928630828857422e-01},
    {-9.0101575851440430e-01, 1.1217973232269287e+00, 1.7545258998870850e+00, 9.2038935422897339e-01, 7.5383746623992920e-01, -4.8940661549568176e-01, 1.4783163070678711e+00, 8.0438554286956787e-01, -7.1980327367782593e-01, -1.6059457063674927e+00, -1.8357956409454346e+00, 1.7541426420211792e-01, 8.2923835515975952e-01, -3.1496509909629822e-01, -9.7163958847522736e-01, 2.9439537227153778e-01, 7.9343980550765991e-01, -1.2491904199123383e+00},
    {1.5010745525360107e+00, -2.2075943648815155e-01, 6.1314284801483154e-01, -4.1299885511398315e-01, 1.3996857404708862e+00, 3.6990624666213989e-01, 6.3260036706924438e-01, 5.0145512819290161e-01, 1.9118489027023315e+00, 6.9614241144154221e-01, 9.9759419262409210e-01, 1.8111224025487900e+00, -2.4113154411315918e-01, 1.5212602019309998e+00, -1.0523306727409363e+00, 1.0928630828857422e-01, -1.2491904199123383e+00, -1.5964517593383789e+00},
    {6.7822945117950439e-01, 7.8812515735626221e-01, -2.8268474340438843e+00, -2.6107367277145386e+00, -1.2915507555007935e+00, 1.3173776865005493e+00, -2.1984290480613708e+00, -1.1890224218368530e+00, 1.4445006847381592e-02, 1.8234458565711975e-01, 1.0201814174652100e+00, 1.5381819009780884e+00, -1.1948812007904053e+00, -1.4172878265380859e+00, 1.0275045633316040e+00, 6.5974253416061401e-01, 9.0101575851440430e-01, -1.5010745525360107e+00},
    {7.8812515735626221e-01, -8.9195322990417480e-01, 2.9492894411087036e+00, -4.3884968757629395e-01, 9.1733402013778687e-01, 1.8511033654212952e+00, 2.7187561988830566e-01, 3.5822424851357937e-01, 2.1243189573287964e+00, 1.1604810953140259e+00, -2.6453866958618164e+00, -2.7635467052459717e-01, 8.2177734375000000e-01, 1.4152461290359497e-01, 1.4016376435756683e-01, 6.2193608283996582e-01, -1.1217973232269287e+00, 2.2075943648815155e-01},
    {-2.8268474340438843e+00, 2.9492894411087036e+00, 4.0641598701477051e+00, -4.0863275527954102e-02, -2.2760691046714783e+00, 2.5104428529739380e+00, -2.9588274657726288e-01, 1.4290960431098938e+00, -1.3167458325624466e+00, -1.2602015733718872e+00, 1.4387803077697754e+00, -7.2412508726119995e-01, -2.2096022963523865e-01, -6.6632592678070068e-01, -2.0740394592285156e+00, 3.9347985386848450e-01, -1.7545258998870850e+00, -6.1314284801483154e-01},
    {-2.6107367277145386e+00, -4.3884968757629395e-01, -4.0863275527954102e-02, -4.0098538398742676e+00, 2.7307111024856567e-01, 2.8577148914337158e+00, 3.5269170999526978e-01, -1.7840855121612549e+00, -1.4459440112113953e-01, -2.0431864261627197e-01, 4.5193016529083252e-02, 4.0890255570411682e-01, -1.0328996181488037e-01, -3.9330935478210449e-01, -1.0888447761535645e+00, 2.6846328377723694e-01, -9.2038935422897339e-01, 4.1299885511398315e-01},
    {-1.2915507555007935e+00, 9.1733402013778687e-01, -2.2760691046714783e+00, 2.7307111024856567e-01, -1.4373098611831665e+00, -1.1679053008556366e+00, 2.2984179854393005e-01, 5.1542955636978149e-01, 9.5997479557991028e-01, 7.0168000459671021e-01, 9.6530401706695557e-01, -1.6476136445999146e+00, 1.5496579408645630e+00, 7.0806217193603516e-01, 6.5820121765136719e-01, -8.8466763496398926e-01, -7.5383746623992920e-01, -1.3996857404708862e+00},
    {1.3173776865005493e+00, 1.8511033654212952e+00, 2.5104428529739380e+00, 2.8577148914337158e+00, -1.1679053008556366e+00, 8.4200239181518555e-01, 1.6166459321975708e+00, -9.7141113877296448e-01, 3.7008258104324341e+00, 2.1836338937282562e-01, -7.1270787715911865e-01, 2.6586723327636719e-01, -3.5706332325935364e-01, -2.7618875503540039e+00, 4.8152899742126465e-01, 3.7034890055656433e-01, 4.8940661549568176e-01, -3.6990624666213989e-01},
    {-2.1984290480613708e+00, 2.7187561988830566e-01, -2.9588274657726288e-01, 3.5269170999526978e-01, 2.2984179854393005e-01, 1.6166459321975708e+00, 4.7847661375999451e-01, -1.0670202597975731e-01, 1.5674548596143723e-01, -1.2537146806716919e+00, 1.9793912172317505e+00, -2.1564774215221405e-01, -5.6935048103332520e-01, 6.1682236194610596e-01, -1.8090473115444183e-01, -1.3623133897781372e+00, -1.4783163070678711e+00, -6.3260036706924438e-01},
    {-1.1890224218368530e+00, 3.5822424851357937e-01, 1.4290960431098938e+00, -1.7840855121612549e+00, 5.1542955636978149e-01, -9.7141113877296448e-01, -1.0670202597975731e-01, -3.4387412667274475e-01, 1.2559984922409058e+00, 1.1216501705348492e-02, 1.6611266136169434e+00, -2.6485311985015869e+00, -9.8542660474777222e-01, 2.9210921376943588e-02, -1.3825534582138062e+00, -7.6009342446923256e-03, -8.0438554286956787e-01, -5.0145512819290161e-01},
    {1.4445006847381592e-02, 2.1243189573287964e+00, -1.3167458325624466e+00, -1.4459440112113953e-01, 9.5997479557991028e-01, 3.7008258104324341e+00, 1.5674548596143723e-01, 1.2559984922409058e+00, 1.3950049877166748e+00, -1.8227994441986084e+00, -1.1346569061279297e+00, -3.7910498678684235e-02, 5.4575586318969727e-01, -1.1063115298748016e-01, 1.0356255769729614e+00, -2.1183402538299561e+00, 7.1980327367782593e-01, -1.9118489027023315e+00}
}}};

static constexpr auto result = eigvals(mat);

int main() { return 0; }
