#include "../../consteig.hpp"

using namespace consteig;

static constexpr Matrix<double, 20, 20> mat
{{{
    {-1.6646241769194603e-02, 3.7910163402557373e-02, -1.9271916151046753e-01, 2.1926015615463257e+00, -1.6863561868667603e+00, -7.3939782381057739e-01, 1.3491843044757843e+00, -9.8775672912597656e-01, 8.1030040979385376e-01, -9.1165804862976074e-01, 3.3665621280670166e-01, 2.3966152667999268e+00, 1.3155186474323273e+00, -8.6814481765031815e-01, 6.4710700511932373e-01, 1.9859528541564941e-01, 2.4517924189567566e+00, -1.9940866231918335e+00, -8.2607617229223251e-01, -5.6821674108505249e-01},
    {3.7910163402557373e-02, 4.0960836410522461e+00, -7.8221157193183899e-01, -2.8825068473815918e-01, -8.4135037660598755e-01, -1.8092195093631744e+00, 2.9151976108551025e-02, 1.2599998265504837e+00, -1.9626238048076630e+00, -4.2248415946960449e-01, -9.2159408330917358e-01, -4.5778590440750122e-01, 1.4032894074916840e+00, 2.4556647539138794e+00, 1.1201225891709328e+00, 6.2333658337593079e-01, -5.0810754299163818e-01, -7.6864613592624664e-01, -4.9608945846557617e-04, -5.6295919418334961e-01},
    {-1.9271916151046753e-01, -7.8221157193183899e-01, -3.1059768199920654e+00, -1.2231084406375885e+00, -6.2586262822151184e-01, 8.7981668114662170e-01, -2.4145714044570923e+00, 2.1811777837574482e+00, 1.8413146138191223e+00, -4.8304709792137146e-01, 2.6876922696828842e-01, -6.1701594293117523e-01, 1.3449939489364624e+00, -2.1531723882071674e+00, 9.2299928516149521e-01, -1.3856642246246338e+00, -4.3731936812400818e-01, -1.7744714021682739e+00, 9.7962060570716858e-01, 1.7249332666397095e+00},
    {2.1926015615463257e+00, -2.8825068473815918e-01, -1.2231084406375885e+00, 2.4498600959777832e+00, 1.2537749409675598e+00, 1.5138401091098785e+00, 1.1606532037258148e+00, -8.9337217807769775e-01, 6.4578309655189514e-02, 1.5242360234260559e+00, -6.4744421839714050e-01, 6.7879685759544373e-01, -1.0635751485824585e-01, 6.2621609866619110e-01, 1.8460443615913391e-01, -7.3353528976440430e-02, -2.1760815940797329e-01, 1.6082714200019836e+00, -1.9446283578872681e-01, 3.0557017028331757e-01},
    {-1.6863561868667603e+00, -8.4135037660598755e-01, -6.2586262822151184e-01, 1.2537749409675598e+00, -2.9611542820930481e-01, -8.1083610653877258e-02, -1.7197841405868530e-01, -8.8254690915346146e-01, 1.5410223007202148e+00, 2.7069700881838799e-01, 1.1564671993255615e-02, -8.9102766662836075e-01, 4.8298663273453712e-01, -2.1701706051826477e+00, 2.0424345135688782e-01, -3.8382244110107422e-01, 1.1819303333759308e+00, -2.2082749605178833e+00, -4.3517440557479858e-01, -2.5163897871971130e-01},
    {-7.3939782381057739e-01, -1.8092195093631744e+00, 8.7981668114662170e-01, 1.5138401091098785e+00, -8.1083610653877258e-02, -3.2722580432891846e+00, 8.5116867721080780e-01, -1.5691876411437988e-02, 2.5718855857849121e+00, 1.3181221783161163e+00, -2.2620561718940735e+00, 1.6459088325500488e+00, -1.7182623744010925e+00, 1.1539518833160400e-01, -1.2106368243694305e+00, -1.1882054880261421e+00, 3.0735880136489868e-01, 1.7850539684295654e+00, 3.2369440793991089e+00, 2.6681477427482605e+00},
    {1.3491843044757843e+00, 2.9151976108551025e-02, -2.4145714044570923e+00, 1.1606532037258148e+00, -1.7197841405868530e-01, 8.5116867721080780e-01, 8.5692089796066284e-01, -1.5986164808273315e+00, 1.1930832415819168e+00, 2.1975320577621460e+00, 6.4192568510770798e-01, 3.2779310345649719e+00, 2.0351034998893738e+00, 2.2959022969007492e+00, -6.5430365328211337e-01, -2.0910943150520325e+00, 2.2405135631561279e+00, 8.1384241580963135e-02, -2.8289335966110229e-01, 9.8802783340215683e-01},
    {-9.8775672912597656e-01, 1.2599998265504837e+00, 2.1811777837574482e+00, -8.9337217807769775e-01, -8.8254690915346146e-01, -1.5691876411437988e-02, -1.5986164808273315e+00, -1.4083021879196167e-01, -1.1721676886081696e+00, -3.8456666469573975e-01, 2.5342810377478600e+00, -2.2183319032192230e+00, -1.1022904515266418e+00, 3.7160816192626953e+00, 3.5672516375780106e-01, 2.1468460559844971e-02, -7.7331751585006714e-02, 6.9285854697227478e-01, 2.7086478471755981e+00, 6.5785434842109680e-01},
    {8.1030040979385376e-01, -1.9626238048076630e+00, 1.8413146138191223e+00, 6.4578309655189514e-02, 1.5410223007202148e+00, 2.5718855857849121e+00, 1.1930832415819168e+00, -1.1721676886081696e+00, 2.7567672729492188e-01, -2.0474588274955750e+00, 1.2012355774641037e-01, 3.1987035274505615e-01, -1.6920286715030670e+00, -7.8804756700992584e-01, 2.8913570642471313e+00, 1.1094964742660522e+00, 1.0897641181945801e+00, -2.4461463689804077e+00, 2.3463862063363194e-01, -7.2168846428394318e-01},
    {-9.1165804862976074e-01, -4.2248415946960449e-01, -4.8304709792137146e-01, 1.5242360234260559e+00, 2.7069700881838799e-01, 1.3181221783161163e+00, 2.1975320577621460e+00, -3.8456666469573975e-01, -2.0474588274955750e+00, -4.5385468006134033e-01, -2.1946950554847717e+00, -7.2776014730334282e-01, 1.2544831484556198e+00, -9.0531732141971588e-01, 1.8784946203231812e+00, 1.4496154189109802e+00, -8.2036401331424713e-01, -8.2975282520055771e-01, -1.4603540301322937e+00, 3.6049026250839233e-01},
    {3.3665621280670166e-01, -9.2159408330917358e-01, 2.6876922696828842e-01, -6.4744421839714050e-01, 1.1564671993255615e-02, -2.2620561718940735e+00, 6.4192568510770798e-01, 2.5342810377478600e+00, 1.2012355774641037e-01, -2.1946950554847717e+00, 3.2702678442001343e-01, 4.5888791978359222e-01, -1.2128925323486328e-01, 1.2393665909767151e+00, -2.8160755634307861e+00, 1.6997956037521362e+00, -8.6455088853836060e-01, 6.7077487707138062e-01, 1.5211296081542969e+00, 1.0855735838413239e+00},
    {2.3966152667999268e+00, -4.5778590440750122e-01, -6.1701594293117523e-01, 6.7879685759544373e-01, -8.9102766662836075e-01, 1.6459088325500488e+00, 3.2779310345649719e+00, -2.2183319032192230e+00, 3.1987035274505615e-01, -7.2776014730334282e-01, 4.5888791978359222e-01, 2.9633137583732605e-01, -9.1895952820777893e-01, -2.2743442058563232e+00, 2.1727946996688843e+00, 2.8167945146560669e-01, -2.5083338022232056e+00, 1.2887777090072632e+00, -1.0259425640106201e+00, -6.8991029262542725e-01},
    {1.3155186474323273e+00, 1.4032894074916840e+00, 1.3449939489364624e+00, -1.0635751485824585e-01, 4.8298663273453712e-01, -1.7182623744010925e+00, 2.0351034998893738e+00, -1.1022904515266418e+00, -1.6920286715030670e+00, 1.2544831484556198e+00, -1.2128925323486328e-01, -9.1895952820777893e-01, -2.6227691173553467e+00, 7.2435882687568665e-01, -8.9419370889663696e-01, -2.6402536034584045e-01, 2.0579950809478760e+00, 1.5970427747815847e+00, 1.5455663502216339e+00, 1.1883902549743652e+00},
    {-8.6814481765031815e-01, 2.4556647539138794e+00, -2.1531723882071674e+00, 6.2621609866619110e-01, -2.1701706051826477e+00, 1.1539518833160400e-01, 2.2959022969007492e+00, 3.7160816192626953e+00, -7.8804756700992584e-01, -9.0531732141971588e-01, 1.2393665909767151e+00, -2.2743442058563232e+00, 7.2435882687568665e-01, 2.0434663295745850e+00, 1.6958814002573490e+00, -2.3209232091903687e+00, -1.8419778943061829e+00, -1.0525360107421875e+00, 3.3424184322357178e+00, -1.4988843202590942e+00},
    {6.4710700511932373e-01, 1.1201225891709328e+00, 9.2299928516149521e-01, 1.8460443615913391e-01, 2.0424345135688782e-01, -1.2106368243694305e+00, -6.5430365328211337e-01, 3.5672516375780106e-01, 2.8913570642471313e+00, 1.8784946203231812e+00, -2.8160755634307861e+00, 2.1727946996688843e+00, -8.9419370889663696e-01, 1.6958814002573490e+00, 1.7419181764125824e-01, 7.9156073927879333e-01, 6.4914888143539429e-01, -1.5391957759857178e-01, 9.3009561300277710e-01, -1.8833509087562561e+00},
    {1.9859528541564941e-01, 6.2333658337593079e-01, -1.3856642246246338e+00, -7.3353528976440430e-02, -3.8382244110107422e-01, -1.1882054880261421e+00, -2.0910943150520325e+00, 2.1468460559844971e-02, 1.1094964742660522e+00, 1.4496154189109802e+00, 1.6997956037521362e+00, 2.8167945146560669e-01, -2.6402536034584045e-01, -2.3209232091903687e+00, 7.9156073927879333e-01, 8.6183172464370728e-01, 9.7854879498481750e-01, -1.6537090837955475e+00, -1.3693880178034306e+00, -1.4453784674406052e+00},
    {2.4517924189567566e+00, -5.0810754299163818e-01, -4.3731936812400818e-01, -2.1760815940797329e-01, 1.1819303333759308e+00, 3.0735880136489868e-01, 2.2405135631561279e+00, -7.7331751585006714e-02, 1.0897641181945801e+00, -8.2036401331424713e-01, -8.6455088853836060e-01, -2.5083338022232056e+00, 2.0579950809478760e+00, -1.8419778943061829e+00, 6.4914888143539429e-01, 9.7854879498481750e-01, -9.8266875743865967e-01, -4.0790754556655884e-01, -9.7112172096967697e-01, -1.3151307106018066e+00},
    {-1.9940866231918335e+00, -7.6864613592624664e-01, -1.7744714021682739e+00, 1.6082714200019836e+00, -2.2082749605178833e+00, 1.7850539684295654e+00, 8.1384241580963135e-02, 6.9285854697227478e-01, -2.4461463689804077e+00, -8.2975282520055771e-01, 6.7077487707138062e-01, 1.2887777090072632e+00, 1.5970427747815847e+00, -1.0525360107421875e+00, -1.5391957759857178e-01, -1.6537090837955475e+00, -4.0790754556655884e-01, -4.1494968533515930e-01, -1.8617765903472900e+00, -3.4392654895782471e-01},
    {-8.2607617229223251e-01, -4.9608945846557617e-04, 9.7962060570716858e-01, -1.9446283578872681e-01, -4.3517440557479858e-01, 3.2369440793991089e+00, -2.8289335966110229e-01, 2.7086478471755981e+00, 2.3463862063363194e-01, -1.4603540301322937e+00, 1.5211296081542969e+00, -1.0259425640106201e+00, 1.5455663502216339e+00, 3.3424184322357178e+00, 9.3009561300277710e-01, -1.3693880178034306e+00, -9.7112172096967697e-01, -1.8617765903472900e+00, -2.5296247005462646e+00, -1.2075608074665070e+00},
    {-5.6821674108505249e-01, -5.6295919418334961e-01, 1.7249332666397095e+00, 3.0557017028331757e-01, -2.5163897871971130e-01, 2.6681477427482605e+00, 9.8802783340215683e-01, 6.5785434842109680e-01, -7.2168846428394318e-01, 3.6049026250839233e-01, 1.0855735838413239e+00, -6.8991029262542725e-01, 1.1883902549743652e+00, -1.4988843202590942e+00, -1.8833509087562561e+00, -1.4453784674406052e+00, -1.3151307106018066e+00, -3.4392654895782471e-01, -1.2075608074665070e+00, 2.4877746105194092e+00}
}}};

static constexpr auto result = eigvals(mat);

int main() { return 0; }
