#include "../../consteig.hpp"

using namespace consteig;

static constexpr Matrix<double, 8, 8> mat
{{{
    {7.7670997381210327e-01, -1.0729035139083862e+00, 6.3960325717926025e-01, 2.6176363229751587e-01, -1.7394524812698364e+00, 9.1461747884750366e-02, 2.9255822300910950e-01, 1.1987812519073486e+00},
    {-1.0729035139083862e+00, 7.7670997381210327e-01, -1.0729035139083862e+00, 6.3960325717926025e-01, 2.6176363229751587e-01, -1.7394524812698364e+00, 9.1461747884750366e-02, 2.9255822300910950e-01},
    {6.3960325717926025e-01, -1.0729035139083862e+00, 7.7670997381210327e-01, -1.0729035139083862e+00, 6.3960325717926025e-01, 2.6176363229751587e-01, -1.7394524812698364e+00, 9.1461747884750366e-02},
    {2.6176363229751587e-01, 6.3960325717926025e-01, -1.0729035139083862e+00, 7.7670997381210327e-01, -1.0729035139083862e+00, 6.3960325717926025e-01, 2.6176363229751587e-01, -1.7394524812698364e+00},
    {-1.7394524812698364e+00, 2.6176363229751587e-01, 6.3960325717926025e-01, -1.0729035139083862e+00, 7.7670997381210327e-01, -1.0729035139083862e+00, 6.3960325717926025e-01, 2.6176363229751587e-01},
    {9.1461747884750366e-02, -1.7394524812698364e+00, 2.6176363229751587e-01, 6.3960325717926025e-01, -1.0729035139083862e+00, 7.7670997381210327e-01, -1.0729035139083862e+00, 6.3960325717926025e-01},
    {2.9255822300910950e-01, 9.1461747884750366e-02, -1.7394524812698364e+00, 2.6176363229751587e-01, 6.3960325717926025e-01, -1.0729035139083862e+00, 7.7670997381210327e-01, -1.0729035139083862e+00},
    {1.1987812519073486e+00, 2.9255822300910950e-01, 9.1461747884750366e-02, -1.7394524812698364e+00, 2.6176363229751587e-01, 6.3960325717926025e-01, -1.0729035139083862e+00, 7.7670997381210327e-01}
}}};

static constexpr auto result = eigvals(mat);

int main() { return 0; }
