#include "../../consteig.hpp"

using namespace consteig;

static constexpr Matrix<double, 6, 6> mat
{{{
    {9.5340408384799957e-02, -6.2364816665649414e-01, -2.8496229648590088e-01, -1.2377732992172241e+00, -1.4852574467658997e-01, 1.5976756811141968e+00},
    {-6.2364816665649414e-01, 9.5340408384799957e-02, -6.2364816665649414e-01, -2.8496229648590088e-01, -1.2377732992172241e+00, -1.4852574467658997e-01},
    {-2.8496229648590088e-01, -6.2364816665649414e-01, 9.5340408384799957e-02, -6.2364816665649414e-01, -2.8496229648590088e-01, -1.2377732992172241e+00},
    {-1.2377732992172241e+00, -2.8496229648590088e-01, -6.2364816665649414e-01, 9.5340408384799957e-02, -6.2364816665649414e-01, -2.8496229648590088e-01},
    {-1.4852574467658997e-01, -1.2377732992172241e+00, -2.8496229648590088e-01, -6.2364816665649414e-01, 9.5340408384799957e-02, -6.2364816665649414e-01},
    {1.5976756811141968e+00, -1.4852574467658997e-01, -1.2377732992172241e+00, -2.8496229648590088e-01, -6.2364816665649414e-01, 9.5340408384799957e-02}
}}};

static constexpr auto result = eigvals(mat);

int main() { return 0; }
