#include "../../consteig.hpp"

using namespace consteig;

static constexpr Matrix<double, 14, 14> mat
{{{
    {-4.7486010193824768e-01, 1.6855645179748535e+00, -1.2571612596511841e+00, -2.6438799798488617e+00, 4.7657538950443268e-01, -3.5533288121223450e-01, 1.3010468482971191e+00, -1.3362965360283852e+00, -1.2625753879547119e-02, -9.7081571817398071e-01, 4.3758392333984375e-02, -1.4684218168258667e-01, 1.2440481781959534e+00, 1.8921538591384888e+00},
    {1.6855645179748535e+00, 1.5162833929061890e+00, 1.1091405153274536e-01, 2.2680712640285492e+00, -4.7543179988861084e-01, 1.8361895680427551e+00, -1.5639433264732361e+00, -2.1543979048728943e+00, 6.4187583327293396e-01, -2.3737579584121704e-01, 3.3658931255340576e+00, -2.5929609537124634e+00, -1.0761407390236855e+00, -2.7504444122314453e-02},
    {-1.2571612596511841e+00, 1.1091405153274536e-01, -4.8388183116912842e-02, -4.6307000517845154e-01, -8.2507973909378052e-01, 9.2285071313381195e-01, 1.2067189812660217e-01, -4.7052212059497833e-01, 2.4814453125000000e+00, 3.7462888658046722e-01, 1.1996469795703888e+00, -5.1156502962112427e-01, -5.1128946244716644e-01, 1.4145351648330688e+00},
    {-2.6438799798488617e+00, 2.2680712640285492e+00, -4.6307000517845154e-01, 3.4841637611389160e+00, 1.0528878867626190e+00, 4.2876553535461426e-01, -9.3246698379516602e-01, 6.0779714584350586e-01, 8.9901193976402283e-02, 2.5725013017654419e-01, -8.9981432259082794e-01, -2.9777172207832336e-01, 6.0318560898303986e-01, -1.3020844161510468e+00},
    {4.7657538950443268e-01, -4.7543179988861084e-01, -8.2507973909378052e-01, 1.0528878867626190e+00, 7.0556223392486572e-01, 3.2561506032943726e+00, 3.6233794689178467e-01, -2.1509468853473663e+00, -1.0453153848648071e+00, 1.8238583207130432e+00, -3.9020708799362183e+00, -6.7872714996337891e-01, 1.4490142762660980e+00, -5.1713286340236664e-01},
    {-3.5533288121223450e-01, 1.8361895680427551e+00, 9.2285071313381195e-01, 4.2876553535461426e-01, 3.2561506032943726e+00, 2.6282174587249756e+00, 2.3770431876182556e+00, -9.9690854549407959e-01, 1.4978256970643997e+00, 2.1879618167877197e+00, 5.8609223365783691e-01, -8.2947946712374687e-01, -3.3124070167541504e+00, -7.6454892754554749e-01},
    {1.3010468482971191e+00, -1.5639433264732361e+00, 1.2067189812660217e-01, -9.3246698379516602e-01, 3.6233794689178467e-01, 2.3770431876182556e+00, -3.1489315032958984e+00, -1.3188483268022537e+00, -1.6343992948532104e+00, -1.1574772298336029e+00, 1.4726269543170929e+00, -9.4671370089054108e-01, -5.8260875940322876e-01, 3.1255161166191101e+00},
    {-1.3362965360283852e+00, -2.1543979048728943e+00, -4.7052212059497833e-01, 6.0779714584350586e-01, -2.1509468853473663e+00, -9.9690854549407959e-01, -1.3188483268022537e+00, 2.8334949016571045e+00, -1.0539199411869049e+00, 4.5386034250259399e-01, -2.3503220081329346e-01, 2.9776961803436279e+00, 1.1055632829666138e+00, -2.5984557271003723e+00},
    {-1.2625753879547119e-02, 6.4187583327293396e-01, 2.4814453125000000e+00, 8.9901193976402283e-02, -1.0453153848648071e+00, 1.4978256970643997e+00, -1.6343992948532104e+00, -1.0539199411869049e+00, 1.5618858337402344e+00, -4.3608659505844116e-01, 1.9851083159446716e+00, 1.7644819617271423e-01, -9.7810655832290649e-02, -3.3170121908187866e-01},
    {-9.7081571817398071e-01, -2.3737579584121704e-01, 3.7462888658046722e-01, 2.5725013017654419e-01, 1.8238583207130432e+00, 2.1879618167877197e+00, -1.1574772298336029e+00, 4.5386034250259399e-01, -4.3608659505844116e-01, 2.1784152984619141e+00, 1.5495176315307617e+00, -3.1083648800849915e+00, -3.1387180685997009e+00, 6.1717846989631653e-01},
    {4.3758392333984375e-02, 3.3658931255340576e+00, 1.1996469795703888e+00, -8.9981432259082794e-01, -3.9020708799362183e+00, 5.8609223365783691e-01, 1.4726269543170929e+00, -2.3503220081329346e-01, 1.9851083159446716e+00, 1.5495176315307617e+00, -4.1519045829772949e-01, -6.2724280357360840e-01, -5.7360076904296875e-01, -1.4569048583507538e-01},
    {-1.4684218168258667e-01, -2.5929609537124634e+00, -5.1156502962112427e-01, -2.9777172207832336e-01, -6.7872714996337891e-01, -8.2947946712374687e-01, -9.4671370089054108e-01, 2.9776961803436279e+00, 1.7644819617271423e-01, -3.1083648800849915e+00, -6.2724280357360840e-01, 2.1014184951782227e+00, -7.4086755514144897e-01, 2.0718907713890076e+00},
    {1.2440481781959534e+00, -1.0761407390236855e+00, -5.1128946244716644e-01, 6.0318560898303986e-01, 1.4490142762660980e+00, -3.3124070167541504e+00, -5.8260875940322876e-01, 1.1055632829666138e+00, -9.7810655832290649e-02, -3.1387180685997009e+00, -5.7360076904296875e-01, -7.4086755514144897e-01, -1.0290126800537109e+00, 2.4964861869812012e+00},
    {1.8921538591384888e+00, -2.7504444122314453e-02, 1.4145351648330688e+00, -1.3020844161510468e+00, -5.1713286340236664e-01, -7.6454892754554749e-01, 3.1255161166191101e+00, -2.5984557271003723e+00, -3.3170121908187866e-01, 6.1717846989631653e-01, -1.4569048583507538e-01, 2.0718907713890076e+00, 2.4964861869812012e+00, 4.1025338172912598e+00}
}}};

static constexpr auto result = eigvals(mat);

int main() { return 0; }
