#include "../../consteig.hpp"

using namespace consteig;

static constexpr Matrix<double, 12, 12> mat
{{{
    {3.0749803781509399e-01, -3.7024682760238647e-01, -5.6942492723464966e-02, 1.4170619845390320e-01, 2.4480773508548737e-01, -4.9092596769332886e-01, 2.4843587875366211e+00, 2.4295473005622625e+00, -1.5081919729709625e+00, 8.4434451162815094e-01, -7.1531142294406891e-01, -3.4733751416206360e-01},
    {2.0575305819511414e-01, 7.2005581855773926e-01, -6.4199739135801792e-03, -4.9466106295585632e-01, 1.9529110193252563e+00, -2.8329077363014221e-01, 2.4295473005622625e+00, -6.5641409158706665e-01, 6.0939452052116394e-01, 6.4540547505021095e-01, -4.9233937263488770e-01, -9.9828633666038513e-01},
    {-7.6284581422805786e-01, 9.1961699724197388e-01, 2.6238806247711182e+00, 2.6455736160278320e+00, 4.1564431786537170e-01, 1.1189147233963013e+00, -1.5081919729709625e+00, 6.0939452052116394e-01, -7.6485663652420044e-02, 6.9789856672286987e-01, 1.9677688479423523e+00, -5.6986510753631592e-02},
    {-1.2783628702163696e+00, -1.5297941863536835e-01, -1.0384448766708374e+00, 3.4104874730110168e-01, 1.9040380716323853e+00, 7.6208841800689697e-01, 8.4434451162815094e-01, 6.4540547505021095e-01, 6.9789856672286987e-01, 1.0098534822463989e+00, -6.5229505300521851e-01, 1.6950540244579315e+00},
    {2.4784271419048309e-01, -1.0855129957199097e+00, -1.1282800436019897e+00, 5.0267148762941360e-02, 4.6134501695632935e-01, 1.6930927038192749e+00, -7.1531142294406891e-01, -4.9233937263488770e-01, 1.9677688479423523e+00, -6.5229505300521851e-01, 6.3580054044723511e-01, 9.5527032017707825e-01},
    {1.4741051197052002e+00, 2.2294397354125977e+00, -9.7053962945938110e-01, 4.8294714093208313e-01, -1.8238296508789062e+00, 4.7467339783906937e-02, -3.4733751416206360e-01, -9.9828633666038513e-01, -5.6986510753631592e-02, 1.6950540244579315e+00, 9.5527032017707825e-01, -8.2511737942695618e-02},
    {-2.7685841917991638e-01, 2.4839453734457493e+00, 1.5020381212234497e+00, 5.3973585367202759e-01, -1.1522168200463057e+00, -2.9800462722778320e-01, -3.0749803781509399e-01, -2.0575305819511414e-01, 7.6284581422805786e-01, 1.2783628702163696e+00, -2.4784271419048309e-01, -1.4741051197052002e+00},
    {2.4839453734457493e+00, 1.5120573043823242e+00, -2.2794113755226135e+00, -1.9208300858736038e+00, -6.7280173301696777e-01, -6.8448157608509064e-01, 3.7024682760238647e-01, -7.2005581855773926e-01, -9.1961699724197388e-01, 1.5297941863536835e-01, 1.0855129957199097e+00, -2.2294397354125977e+00},
    {1.5020381212234497e+00, -2.2794113755226135e+00, -2.3035218715667725e+00, -7.7622799575328827e-01, -2.3644459247589111e-01, -2.1994814872741699e+00, 5.6942492723464966e-02, 6.4199739135801792e-03, -2.6238806247711182e+00, 1.0384448766708374e+00, 1.1282800436019897e+00, 9.7053962945938110e-01},
    {5.3973585367202759e-01, -1.9208300858736038e+00, -7.7622799575328827e-01, -1.4165692329406738e+00, -9.0061992406845093e-01, 7.1062806248664856e-01, -1.4170619845390320e-01, 4.9466106295585632e-01, -2.6455736160278320e+00, -3.4104874730110168e-01, -5.0267148762941360e-02, -4.8294714093208313e-01},
    {-1.1522168200463057e+00, -6.7280173301696777e-01, -2.3644459247589111e-01, -9.0061992406845093e-01, 5.7657629251480103e-01, -1.6246452331542969e+00, -2.4480773508548737e-01, -1.9529110193252563e+00, -4.1564431786537170e-01, -1.9040380716323853e+00, -4.6134501695632935e-01, 1.8238296508789062e+00},
    {-2.9800462722778320e-01, -6.8448157608509064e-01, -2.1994814872741699e+00, 7.1062806248664856e-01, -1.6246452331542969e+00, -9.6220215782523155e-03, 4.9092596769332886e-01, 2.8329077363014221e-01, -1.1189147233963013e+00, -7.6208841800689697e-01, -1.6930927038192749e+00, -4.7467339783906937e-02}
}}};

static constexpr auto result = eigvals(mat);

int main() { return 0; }
