#include "../../consteig.hpp"

using namespace consteig;

static constexpr Matrix<double, 10, 10> mat
{{{
    {1.0000029848556728e+00, 1.9572173301391550e-07, 1.2539680199429329e-06, -1.4414730196709076e-06, 1.6736455343587824e-06, 1.2667171297111139e-07, 1.4625728657220032e-06, -9.5020755151517867e-07, -3.2989048501546800e-07, -3.0639211982797401e-07},
    {1.9572173298699050e-07, 1.0000060119842864e+00, -5.5335772156342982e-07, 1.3184207061938963e-07, -1.0907316540083168e-06, 8.8052402966193931e-07, -1.4577189791079511e-07, -5.8268509097419532e-07, 3.5735656721440321e-07, 6.8114900885216113e-07},
    {1.2539680199176248e-06, -5.5335772156627712e-07, 1.0000032957185969e+00, -1.3052998631506209e-06, -7.3814981598939763e-08, -1.9525419609689808e-06, 8.1436852977744248e-07, -1.5029783183732563e-06, -7.6161814662232941e-07, 1.6188343549549875e-06},
    {-1.4414730196695549e-06, 1.3184207060554103e-07, -1.3052998631458981e-06, 1.0000076571403305e+00, -4.5330871111658600e-07, -1.0600799558196033e-06, 2.3959840988950927e-07, -2.2444712173502908e-08, 9.0429517852681494e-07, 2.4767978714427091e-07},
    {1.6736455343562614e-06, -1.0907316540068246e-06, -7.3814981575429331e-08, -4.5330871112794513e-07, 1.0000056385928981e+00, 4.4570767895520772e-07, 6.1438626170538323e-07, 3.7394545222785986e-07, -3.8149106586058368e-07, 1.0864628733337729e-06},
    {1.2667171293098622e-07, 8.8052402964777470e-07, -1.9525419609646559e-06, -1.0600799557646125e-06, 4.4570767895336876e-07, 1.0000049757539646e+00, -2.1101948873844796e-06, 5.2858570017338088e-08, 1.1114076964302631e-06, 6.3883215295887717e-07},
    {1.4625728656367523e-06, -1.4577189791023544e-07, 8.1436852980004535e-07, 2.3959840989049045e-07, 6.1438626176276040e-07, -2.1101948873841484e-06, 1.0000044168689723e+00, -4.3559593804921319e-07, -1.0275009930064239e-06, -6.3805192062442290e-07},
    {-9.5020755151433354e-07, -5.8268509099531820e-07, -1.5029783184128949e-06, -2.2444712201786923e-08, 3.7394545224114885e-07, 5.2858569989318291e-08, -4.3559593802129546e-07, 1.0000030183154809e+00, -1.3071921508799899e-08, 9.7653951403691377e-07},
    {-3.2989048497331450e-07, 3.5735656720393060e-07, -7.6161814657607432e-07, 9.0429517848149868e-07, -3.8149106585466504e-07, 1.1114076964162191e-06, -1.0275009930188639e-06, -1.3071921583535826e-08, 1.0000052645336095e+00, 1.3679801360983619e-06},
    {-3.0639211982360676e-07, 6.8114900885624309e-07, 1.6188343549615403e-06, 2.4767978715334264e-07, 1.0864628733276592e-06, 6.3883215294131998e-07, -6.3805192062054084e-07, 9.7653951403561696e-07, 1.3679801361455357e-06, 1.0000067362361882e+00}
}}};

static constexpr auto result = eigvals(mat);

int main() { return 0; }
