#include "../../consteig.hpp"

using namespace consteig;

static constexpr Matrix<double, 6, 6> mat
{{{
    {9.0077638626098633e-01, -8.5375696420669556e-01, 8.4586679935455322e-01, -6.8894952535629272e-02, -1.0582568645477295e+00, 6.3278698921203613e-01},
    {-8.5375696420669556e-01, 9.0077638626098633e-01, -8.5375696420669556e-01, 8.4586679935455322e-01, -6.8894952535629272e-02, -1.0582568645477295e+00},
    {8.4586679935455322e-01, -8.5375696420669556e-01, 9.0077638626098633e-01, -8.5375696420669556e-01, 8.4586679935455322e-01, -6.8894952535629272e-02},
    {-6.8894952535629272e-02, 8.4586679935455322e-01, -8.5375696420669556e-01, 9.0077638626098633e-01, -8.5375696420669556e-01, 8.4586679935455322e-01},
    {-1.0582568645477295e+00, -6.8894952535629272e-02, 8.4586679935455322e-01, -8.5375696420669556e-01, 9.0077638626098633e-01, -8.5375696420669556e-01},
    {6.3278698921203613e-01, -1.0582568645477295e+00, -6.8894952535629272e-02, 8.4586679935455322e-01, -8.5375696420669556e-01, 9.0077638626098633e-01}
}}};

static constexpr auto result = eigvals(mat);

int main() { return 0; }
