#include "../../consteig.hpp"

using namespace consteig;

static constexpr Matrix<double, 12, 12> mat
{{{
    {1.7957990169525146e+00, 1.0354906320571899e+00, 5.9410595893859863e-01, 9.3722236156463623e-01, 3.8506519794464111e-01, -2.3042716979980469e+00, -2.2123172283172607e+00, -7.5338371098041534e-01, -1.2126573338173330e+00, -2.6243951022624969e+00, 6.5914812684059143e-01, 1.8286333680152893e+00},
    {3.1193357706069946e-01, -1.3599004745483398e+00, -2.1189219951629639e+00, 7.3075050115585327e-01, -9.6263873577117920e-01, 7.0731890201568604e-01, -7.5338371098041534e-01, -1.4232333898544312e+00, 2.1966406106948853e+00, -4.3111578375101089e-01, -1.0293452069163322e-01, 9.0887430310249329e-01},
    {1.7082564532756805e-01, -7.8111477196216583e-02, 1.0435492992401123e+00, -7.7862578630447388e-01, -6.8895548582077026e-01, 9.7480702400207520e-01, -1.2126573338173330e+00, 2.1966406106948853e+00, -3.7304959297180176e+00, -7.7416294813156128e-01, 1.4204924143850803e+00, 4.0672528743743896e-01},
    {-2.0142392814159393e-01, 8.5569477081298828e-01, -3.7306356430053711e-01, 1.0885646939277649e-01, -9.6365088224411011e-01, 6.7142343521118164e-01, -2.6243951022624969e+00, -4.3111578375101089e-01, -7.7416294813156128e-01, 6.7033582925796509e-01, 1.9855567812919617e-01, 2.5302478075027466e+00},
    {-1.9180512428283691e+00, -3.5155290365219116e-01, 2.6930284500122070e-01, -2.1033334732055664e+00, 2.4729557037353516e+00, 2.6909384727478027e+00, 6.5914812684059143e-01, -1.0293452069163322e-01, 1.4204924143850803e+00, 1.9855567812919617e-01, 3.1459462642669678e+00, 8.2936207437887788e-01},
    {-1.0285410881042480e+00, -3.7768813967704773e-01, 1.3791376352310181e+00, -2.0330586433410645e+00, -5.0468927621841431e-01, 3.4999018907546997e-01, 1.8286333680152893e+00, 9.0887430310249329e-01, 4.0672528743743896e-01, 2.5302478075027466e+00, 8.2936207437887788e-01, 1.7321835756301880e+00},
    {-9.8764073848724365e-01, -6.8601784110069275e-01, 2.9326145648956299e+00, -2.3222428858280182e+00, -8.6275961995124817e-01, -1.1151219010353088e+00, -1.7957990169525146e+00, -3.1193357706069946e-01, -1.7082564532756805e-01, 2.0142392814159393e-01, 1.9180512428283691e+00, 1.0285410881042480e+00},
    {-6.8601784110069275e-01, 9.8764836788177490e-01, -5.8705581724643707e-01, 1.1821919977664948e+00, -1.5770789086818695e+00, 1.3914949595928192e+00, -1.0354906320571899e+00, 1.3599004745483398e+00, 7.8111477196216583e-02, -8.5569477081298828e-01, 3.5155290365219116e-01, 3.7768813967704773e-01},
    {2.9326145648956299e+00, -5.8705581724643707e-01, 2.0255074501037598e+00, 2.1282758563756943e-01, 2.1847299933433533e+00, -3.7845054641366005e-02, -5.9410595893859863e-01, 2.1189219951629639e+00, -1.0435492992401123e+00, 3.7306356430053711e-01, -2.6930284500122070e-01, -1.3791376352310181e+00},
    {-2.3222428858280182e+00, 1.1821919977664948e+00, 2.1282758563756943e-01, 1.5624840259552002e+00, 1.2389774918556213e+00, -1.7524456605315208e-02, -9.3722236156463623e-01, -7.3075050115585327e-01, 7.7862578630447388e-01, -1.0885646939277649e-01, 2.1033334732055664e+00, 2.0330586433410645e+00},
    {-8.6275961995124817e-01, -1.5770789086818695e+00, 2.1847299933433533e+00, 1.2389774918556213e+00, 5.2552682161331177e-01, 6.2526464462280273e-03, -3.8506519794464111e-01, 9.6263873577117920e-01, 6.8895548582077026e-01, 9.6365088224411011e-01, -2.4729557037353516e+00, 5.0468927621841431e-01},
    {-1.1151219010353088e+00, 1.3914949595928192e+00, -3.7845054641366005e-02, -1.7524456605315208e-02, 6.2526464462280273e-03, 8.0404531955718994e-01, 2.3042716979980469e+00, -7.0731890201568604e-01, -9.7480702400207520e-01, -6.7142343521118164e-01, -2.6909384727478027e+00, -3.4999018907546997e-01}
}}};

static constexpr auto result = eigvals(mat);

int main() { return 0; }
