#include "../../consteig.hpp"

using namespace consteig;

static constexpr Matrix<double, 18, 18> mat
{{{
    {1.4479078054428101e+00, -8.3716669306159019e-01, -8.9353200793266296e-01, 9.1575694084167480e-01, -2.6506461203098297e-01, -2.3324767351150513e+00, 2.5903113484382629e+00, 1.6880837082862854e+00, 4.0190988779067993e-01, 6.2668093107640743e-01, -1.6053356267511845e+00, -1.3144263029098511e+00, 1.4918723106384277e+00, 1.8636656105518341e+00, 1.1441455334424973e+00, -2.3068957328796387e+00, 2.6735939979553223e+00, 1.1035600677132607e+00},
    {-8.3716669306159019e-01, 1.4883743524551392e+00, -1.7167176008224487e+00, -2.5535675287246704e+00, 5.6125730276107788e-02, 1.0320528745651245e+00, -1.0689430832862854e+00, -1.7402777075767517e+00, -2.8398078083992004e+00, -2.6828920841217041e+00, -1.4667240679264069e+00, 1.4085444509983063e+00, -6.1820860207080841e-01, -1.4668673872947693e+00, 2.3268805444240570e+00, 4.4898873567581177e-01, 2.4178951382637024e+00, -6.3479922711849213e-01},
    {-8.9353200793266296e-01, -1.7167176008224487e+00, -2.2019209861755371e+00, -2.6520371437072754e-01, 1.1367032527923584e+00, 2.4791270494461060e-01, 8.7651216983795166e-01, -3.6336314678192139e-01, -1.8344908952713013e+00, -5.8143328130245209e-01, 2.8843969851732254e-01, -1.6134391725063324e+00, -4.7953083366155624e-01, -3.8888184353709221e-01, -3.1550089120864868e+00, 3.2953870296478271e-01, 2.2042360901832581e-01, -2.0545202493667603e-01},
    {9.1575694084167480e-01, -2.5535675287246704e+00, -2.6520371437072754e-01, 2.3106136322021484e+00, -1.4239709675312042e+00, -1.5581566691398621e+00, 2.1063629984855652e+00, -6.7731344699859619e-01, 1.8892077803611755e+00, 9.3371741473674774e-01, 1.7740622162818909e-02, 1.9204724431037903e+00, -1.3200016319751740e+00, -9.0256404876708984e-01, 1.8570505380630493e+00, 2.6849242448806763e+00, -1.5420385003089905e+00, 5.7544809579849243e-01},
    {-2.6506461203098297e-01, 5.6125730276107788e-02, 1.1367032527923584e+00, -1.4239709675312042e+00, 2.1954038143157959e+00, -2.2360014915466309e+00, -1.5938655287027359e-01, -1.2506692409515381e+00, 8.8786540925502777e-01, 1.4847997054457664e+00, 3.2995730638504028e-02, -2.5820346176624298e+00, 6.3074243068695068e-01, -4.8846375942230225e+00, 1.2530550956726074e+00, -1.1889656782150269e+00, 8.9643878489732742e-01, 3.6265081167221069e-01},
    {-2.3324767351150513e+00, 1.0320528745651245e+00, 2.4791270494461060e-01, -1.5581566691398621e+00, -2.2360014915466309e+00, -3.7145614624023438e+00, 1.2499050796031952e+00, 2.7068078517913818e-01, -1.6240330338478088e+00, -3.9932201802730560e-01, -3.6296731233596802e-01, -2.2180874878540635e-01, 2.2722061276435852e+00, 7.7958178520202637e-01, 8.5480240732431412e-01, -1.6071483790874481e+00, 2.6961892843246460e+00, -1.0943669080734253e-01},
    {2.5903113484382629e+00, -1.0689430832862854e+00, 8.7651216983795166e-01, 2.1063629984855652e+00, -1.5938655287027359e-01, 1.2499050796031952e+00, 1.9536200910806656e-02, -3.9599712193012238e-01, -3.4250354766845703e-01, -2.6825920939445496e+00, -6.2092068023048341e-01, -3.0997650697827339e-01, 8.6159971356391907e-01, 1.5049131512641907e+00, 1.6042349040508270e+00, -1.9009648859500885e+00, 2.2283166050910950e+00, 4.2937011718750000e+00},
    {1.6880837082862854e+00, -1.7402777075767517e+00, -3.6336314678192139e-01, -6.7731344699859619e-01, -1.2506692409515381e+00, 2.7068078517913818e-01, -3.9599712193012238e-01, -8.3565723896026611e-01, -1.9266563653945923e-01, -6.0536873340606689e-01, -1.1138200759887695e+00, -5.7518273591995239e-01, -2.1180216968059540e-01, 1.0194321200251579e+00, -9.4433900713920593e-01, 5.3991597890853882e-01, -7.0223397016525269e-01, -9.7865742444992065e-01},
    {4.0190988779067993e-01, -2.8398078083992004e+00, -1.8344908952713013e+00, 1.8892077803611755e+00, 8.8786540925502777e-01, -1.6240330338478088e+00, -3.4250354766845703e-01, -1.9266563653945923e-01, 5.2736277580261230e+00, -4.2197406291961670e-02, 5.4632806777954102e-01, -8.9712625741958618e-01, -2.0083724856376648e+00, -2.6040138006210327e+00, 9.2548537254333496e-01, 1.6464647836983204e+00, 1.1356036104261875e+00, -1.3583603501319885e+00},
    {6.2668093107640743e-01, -2.6828920841217041e+00, -5.8143328130245209e-01, 9.3371741473674774e-01, 1.4847997054457664e+00, -3.9932201802730560e-01, -2.6825920939445496e+00, -6.0536873340606689e-01, -4.2197406291961670e-02, -6.3174539804458618e-01, 1.3151969313621521e+00, -1.5914891064167023e+00, 7.7141836285591125e-01, 1.8164924979209900e+00, 6.2618148699402809e-01, 1.9900332689285278e+00, 1.3246027678251266e+00, 1.3949184715747833e+00},
    {-1.6053356267511845e+00, -1.4667240679264069e+00, 2.8843969851732254e-01, 1.7740622162818909e-02, 3.2995730638504028e-02, -3.6296731233596802e-01, -6.2092068023048341e-01, -1.1138200759887695e+00, 5.4632806777954102e-01, 1.3151969313621521e+00, -1.4130061864852905e+00, 3.0144773721694946e+00, -1.7615199983119965e+00, 3.2838988304138184e-01, 1.0993751138448715e+00, 1.3804138302803040e+00, 1.8449012041091919e+00, -9.6349120140075684e-01},
    {-1.3144263029098511e+00, 1.4085444509983063e+00, -1.6134391725063324e+00, 1.9204724431037903e+00, -2.5820346176624298e+00, -2.2180874878540635e-01, -3.0997650697827339e-01, -5.7518273591995239e-01, -8.9712625741958618e-01, -1.5914891064167023e+00, 3.0144773721694946e+00, 2.1960091590881348e+00, -1.0007164180278778e+00, -1.9475746154785156e+00, -8.7981614470481873e-01, -1.8054389655590057e+00, -1.7444790601730347e+00, -3.0584840662777424e-01},
    {1.4918723106384277e+00, -6.1820860207080841e-01, -4.7953083366155624e-01, -1.3200016319751740e+00, 6.3074243068695068e-01, 2.2722061276435852e+00, 8.6159971356391907e-01, -2.1180216968059540e-01, -2.0083724856376648e+00, 7.7141836285591125e-01, -1.7615199983119965e+00, -1.0007164180278778e+00, -1.9211830198764801e-01, 2.4073603749275208e+00, -1.0908668041229248e+00, -3.0100207030773163e-01, -1.0318189561367035e+00, 2.4349496252834797e+00},
    {1.8636656105518341e+00, -1.4668673872947693e+00, -3.8888184353709221e-01, -9.0256404876708984e-01, -4.8846375942230225e+00, 7.7958178520202637e-01, 1.5049131512641907e+00, 1.0194321200251579e+00, -2.6040138006210327e+00, 1.8164924979209900e+00, 3.2838988304138184e-01, -1.9475746154785156e+00, 2.4073603749275208e+00, -2.4300897121429443e+00, -5.0639715790748596e-01, -1.5682363510131836e-01, 5.5448263883590698e-02, 1.7294249050319195e+00},
    {1.1441455334424973e+00, 2.3268805444240570e+00, -3.1550089120864868e+00, 1.8570505380630493e+00, 1.2530550956726074e+00, 8.5480240732431412e-01, 1.6042349040508270e+00, -9.4433900713920593e-01, 9.2548537254333496e-01, 6.2618148699402809e-01, 1.0993751138448715e+00, -8.7981614470481873e-01, -1.0908668041229248e+00, -5.0639715790748596e-01, -9.7234785556793213e-01, 3.1371551752090454e-01, -1.0606297552585602e+00, 1.3348976373672485e+00},
    {-2.3068957328796387e+00, 4.4898873567581177e-01, 3.2953870296478271e-01, 2.6849242448806763e+00, -1.1889656782150269e+00, -1.6071483790874481e+00, -1.9009648859500885e+00, 5.3991597890853882e-01, 1.6464647836983204e+00, 1.9900332689285278e+00, 1.3804138302803040e+00, -1.8054389655590057e+00, -3.0100207030773163e-01, -1.5682363510131836e-01, 3.1371551752090454e-01, -1.0827221870422363e+00, 2.5740815401077271e+00, 6.3452151417732239e-01},
    {2.6735939979553223e+00, 2.4178951382637024e+00, 2.2042360901832581e-01, -1.5420385003089905e+00, 8.9643878489732742e-01, 2.6961892843246460e+00, 2.2283166050910950e+00, -7.0223397016525269e-01, 1.1356036104261875e+00, 1.3246027678251266e+00, 1.8449012041091919e+00, -1.7444790601730347e+00, -1.0318189561367035e+00, 5.5448263883590698e-02, -1.0606297552585602e+00, 2.5740815401077271e+00, 1.6267306804656982e+00, -1.2464318871498108e+00},
    {1.1035600677132607e+00, -6.3479922711849213e-01, -2.0545202493667603e-01, 5.7544809579849243e-01, 3.6265081167221069e-01, -1.0943669080734253e-01, 4.2937011718750000e+00, -9.7865742444992065e-01, -1.3583603501319885e+00, 1.3949184715747833e+00, -9.6349120140075684e-01, -3.0584840662777424e-01, 2.4349496252834797e+00, 1.7294249050319195e+00, 1.3348976373672485e+00, 6.3452151417732239e-01, -1.2464318871498108e+00, -2.5277054309844971e+00}
}}};

static constexpr auto result = eigvals(mat);

int main() { return 0; }
