#include "../../consteig.hpp"

using namespace consteig;

static constexpr Matrix<double, 10, 10> mat
{{{
    {-2.6539044380187988e+00, -2.6737850904464722e-01, 5.1725047826766968e-01, -1.4085451662540436e+00, 3.0123951435089111e+00, -7.2199299931526184e-02, -1.7826469987630844e+00, -1.2924356907606125e+00, -1.2355778738856316e-01, 1.0082406699657440e+00},
    {-2.6737850904464722e-01, 3.2899258136749268e+00, 1.5797926783561707e+00, -8.3319300413131714e-01, 1.5138755291700363e+00, 1.6504994034767151e-01, -1.1627938449382782e+00, -2.1108635663986206e+00, -6.7071545124053955e-01, -2.9386832118034363e+00},
    {5.1725047826766968e-01, 1.5797926783561707e+00, 1.1264340877532959e+00, -2.5342404842376709e-01, -2.8675633668899536e-01, 1.8889872431755066e+00, -3.4544491767883301e-01, -1.8124519586563110e+00, -4.5853342115879059e-01, 2.9144217967987061e+00},
    {-1.4085451662540436e+00, -8.3319300413131714e-01, -2.5342404842376709e-01, 6.9998896121978760e-01, 1.8237275183200836e+00, -2.5179523825645447e+00, 2.9948915839195251e+00, 1.9414795637130737e+00, -4.0433255583047867e-01, -7.3158186674118042e-01},
    {3.0123951435089111e+00, 1.5138755291700363e+00, -2.8675633668899536e-01, 1.8237275183200836e+00, 1.7532023191452026e+00, 7.3077005147933960e-01, -1.9974277317523956e+00, 5.7083016633987427e-01, -1.1920937895774841e+00, 2.2664560079574585e+00},
    {-7.2199299931526184e-02, 1.6504994034767151e-01, 1.8889872431755066e+00, -2.5179523825645447e+00, 7.3077005147933960e-01, -1.2996134757995605e+00, -1.4079761505126953e+00, 1.1062005758285522e+00, -1.8243694305419922e+00, 3.5007397830486298e-01},
    {-1.7826469987630844e+00, -1.1627938449382782e+00, -3.4544491767883301e-01, 2.9948915839195251e+00, -1.9974277317523956e+00, -1.4079761505126953e+00, 1.3949773274362087e-02, 2.2228312492370605e+00, -2.6099048256874084e+00, 3.7456852197647095e-01},
    {-1.2924356907606125e+00, -2.1108635663986206e+00, -1.8124519586563110e+00, 1.9414795637130737e+00, 5.7083016633987427e-01, 1.1062005758285522e+00, 2.2228312492370605e+00, 3.9009165763854980e+00, 3.7637531757354736e-01, -1.4943725168704987e+00},
    {-1.2355778738856316e-01, -6.7071545124053955e-01, -4.5853342115879059e-01, -4.0433255583047867e-01, -1.1920937895774841e+00, -1.8243694305419922e+00, -2.6099048256874084e+00, 3.7637531757354736e-01, 3.6459181308746338e+00, 3.7277352996170521e-01},
    {1.0082406699657440e+00, -2.9386832118034363e+00, 2.9144217967987061e+00, -7.3158186674118042e-01, 2.2664560079574585e+00, 3.5007397830486298e-01, 3.7456852197647095e-01, -1.4943725168704987e+00, 3.7277352996170521e-01, -2.4290592670440674e+00}
}}};

static constexpr auto result = eigvals(mat);

int main() { return 0; }
