#include "../../consteig.hpp"

using namespace consteig;

static constexpr Matrix<double, 4, 4> mat
{{{
    {9.9999999999999944e-01, -4.4841701185379369e-16, 1.0618701913453354e-16, -2.6525117211313996e-16},
    {-4.4841701185379369e-16, 9.9999999999999989e-01, 6.4723960565492397e-17, -5.2305590908772039e-17},
    {1.0618701913453354e-16, 6.4723960565492397e-17, 9.9999999999999922e-01, 7.5332573314649953e-17},
    {-2.6525117211313996e-16, -5.2305590908772039e-17, 7.5332573314649953e-17, 9.9999999999999989e-01}
}}};

static constexpr auto result = eigvals(mat);

int main() { return 0; }
