#include "../../consteig.hpp"

using namespace consteig;

static constexpr Matrix<double, 8, 8> mat
{{{
    {-2.6213984489440918e+00, -3.2490241527557373e-01, -1.5860989689826965e-02, 5.5402964353561401e-01, -1.2795569300651550e+00, 3.9521545171737671e-01, 3.6064323782920837e-01, -1.5130961239337921e+00},
    {-3.2490241527557373e-01, 5.7135111093521118e-01, -1.2724713832139969e+00, 6.5214437432587147e-01, -2.4849405884742737e-01, -2.7736695110797882e+00, 3.2199838757514954e-01, 1.4288620054721832e+00},
    {-1.5860989689826965e-02, -1.2724713832139969e+00, 3.4346300363540649e-01, 7.9178106784820557e-01, 3.1180413961410522e+00, 1.2636351585388184e-01, 1.3796921372413635e+00, -2.8152501583099365e-01},
    {5.5402964353561401e-01, 6.5214437432587147e-01, 7.9178106784820557e-01, -9.3054604530334473e-01, -2.4139786064624786e+00, 3.4971874952316284e-01, 1.2202357864007354e+00, 2.2414274066686630e+00},
    {-1.2795569300651550e+00, -2.4849405884742737e-01, 3.1180413961410522e+00, -2.4139786064624786e+00, 1.7417234182357788e-01, 3.6674040555953979e-01, -2.1974098086357117e+00, 8.1893119215965271e-01},
    {3.9521545171737671e-01, -2.7736695110797882e+00, 1.2636351585388184e-01, 3.4971874952316284e-01, 3.6674040555953979e-01, 9.4009119272232056e-01, -7.6246851682662964e-01, -3.6131739616394043e-03},
    {3.6064323782920837e-01, 3.2199838757514954e-01, 1.3796921372413635e+00, 1.2202357864007354e+00, -2.1974098086357117e+00, -7.6246851682662964e-01, 2.4137890338897705e+00, -1.1488446295261383e+00},
    {-1.5130961239337921e+00, 1.4288620054721832e+00, -2.8152501583099365e-01, 2.2414274066686630e+00, 8.1893119215965271e-01, -3.6131739616394043e-03, -1.1488446295261383e+00, 1.5717680454254150e+00}
}}};

static constexpr auto result = eigvals(mat);

int main() { return 0; }
