#include "../../consteig.hpp"

using namespace consteig;

static constexpr Matrix<double, 16, 16> mat
{{{
    {4.8446872830390930e-01, -2.6359137296676636e+00, -5.7631757855415344e-01, 2.0686037540435791e+00, -8.3383773267269135e-01, -1.0044994652271271e+00, -6.5423893928527832e-01, -3.6435073614120483e-01, 1.0415460197255015e+00, -9.0156650543212891e-01, -2.1538871526718140e-01, -8.8364744186401367e-01, -3.3212801814079285e-01, -2.6569675207138062e+00, -1.2339844703674316e+00, 3.1386022567749023e+00},
    {-2.6359137296676636e+00, -1.7412619590759277e+00, -2.5297083258628845e+00, -8.9756233990192413e-01, 1.0142534971237183e+00, 1.5233543217182159e+00, 3.5683853626251221e+00, -6.2106081889942288e-01, 9.3571078777313232e-01, -6.7552515864372253e-01, -4.5892876386642456e-01, 1.3449678309261799e+00, -8.0511093139648438e-02, 1.5688049793243408e-01, -5.0193247199058533e-01, 2.1014162302017212e+00},
    {-5.7631757855415344e-01, -2.5297083258628845e+00, -1.2014747858047485e+00, 1.1772052049636841e+00, -1.1405895054340363e+00, -3.7915629148483276e-01, 1.1398830320686102e+00, -1.0509371757507324e-02, -1.1723746061325073e+00, -2.1439248323440552e+00, 1.2021869421005249e-01, 5.2168959379196167e-01, 2.1255820989608765e-02, -1.7933037281036377e+00, -2.5385009050369263e+00, -3.1127661466598511e-01},
    {2.0686037540435791e+00, -8.9756233990192413e-01, 1.1772052049636841e+00, 1.8335755169391632e-01, 3.4019834995269775e+00, 1.0930812358856201e+00, 1.0195712447166443e+00, -2.5383234024047852e-01, -1.4420411139726639e+00, -3.7313777208328247e-01, -7.3507219552993774e-02, 7.4059030413627625e-01, 3.9716064929962158e-02, 4.5906713604927063e-01, 1.2299600243568420e+00, 2.6701751351356506e-01},
    {-8.3383773267269135e-01, 1.0142534971237183e+00, -1.1405895054340363e+00, 3.4019834995269775e+00, -1.1704076528549194e+00, 8.1287601590156555e-01, -5.9823559224605560e-01, -1.2856878936290741e+00, -6.6594266891479492e-01, -3.0492500960826874e-01, -3.2789430022239685e-01, -3.1653142720460892e-01, 7.1628203988075256e-01, -2.9349148273468018e-01, 2.9270956516265869e+00, -5.3620392084121704e-01},
    {-1.0044994652271271e+00, 1.5233543217182159e+00, -3.7915629148483276e-01, 1.0930812358856201e+00, 8.1287601590156555e-01, 8.2951569557189941e-01, -2.0563898980617523e-01, 7.8568100929260254e-02, -1.1213530600070953e-01, 1.0639037005603313e+00, 1.1452112272381783e+00, -3.0251760482788086e+00, 6.5588212013244629e-01, -2.3974290490150452e+00, 1.2514128684997559e+00, -1.8550896644592285e-01},
    {-6.5423893928527832e-01, 3.5683853626251221e+00, 1.1398830320686102e+00, 1.0195712447166443e+00, -5.9823559224605560e-01, -2.0563898980617523e-01, -2.2346110343933105e+00, 1.6970849335193634e+00, -3.9807865023612976e-01, 1.7360779047012329e+00, -3.6521947383880615e-01, -1.9192764759063721e+00, -1.1448931694030762e-01, -1.5074839293956757e+00, -1.0091005414724350e+00, -1.3263274431228638e+00},
    {-3.6435073614120483e-01, -6.2106081889942288e-01, -1.0509371757507324e-02, -2.5383234024047852e-01, -1.2856878936290741e+00, 7.8568100929260254e-02, 1.6970849335193634e+00, 4.1775574684143066e+00, 2.9960775375366211e-01, 4.6545953303575516e-01, 3.3033949136734009e-01, -2.6887677013874054e+00, 1.9407595992088318e+00, -8.3809047937393188e-02, -9.0465927124023438e-01, 4.8097133636474609e-02},
    {1.0415460197255015e+00, 9.3571078777313232e-01, -1.1723746061325073e+00, -1.4420411139726639e+00, -6.6594266891479492e-01, -1.1213530600070953e-01, -3.9807865023612976e-01, 2.9960775375366211e-01, 9.5550939440727234e-03, 3.3953264355659485e-02, -7.4904900789260864e-01, -2.2573686242103577e+00, 3.8169473409652710e-01, 2.4186031818389893e+00, -3.9340037107467651e-01, 9.8113816976547241e-01},
    {-9.0156650543212891e-01, -6.7552515864372253e-01, -2.1439248323440552e+00, -3.7313777208328247e-01, -3.0492500960826874e-01, 1.0639037005603313e+00, 1.7360779047012329e+00, 4.6545953303575516e-01, 3.3953264355659485e-02, -8.4894967079162598e-01, 3.9727537631988525e+00, 8.5011269152164459e-01, -8.7171256542205811e-01, 3.8686468601226807e+00, 2.8365564346313477e-01, -1.0173150300979614e+00},
    {-2.1538871526718140e-01, -4.5892876386642456e-01, 1.2021869421005249e-01, -7.3507219552993774e-02, -3.2789430022239685e-01, 1.1452112272381783e+00, -3.6521947383880615e-01, 3.3033949136734009e-01, -7.4904900789260864e-01, 3.9727537631988525e+00, 3.8491463661193848e-01, -1.4025423526763916e+00, 1.1699168682098389e+00, -2.0991479754447937e+00, 6.7931495606899261e-01, -4.3220514059066772e-01},
    {-8.8364744186401367e-01, 1.3449678309261799e+00, 5.2168959379196167e-01, 7.4059030413627625e-01, -3.1653142720460892e-01, -3.0251760482788086e+00, -1.9192764759063721e+00, -2.6887677013874054e+00, -2.2573686242103577e+00, 8.5011269152164459e-01, -1.4025423526763916e+00, -1.1186144351959229e+00, -1.8248861432075500e+00, 1.7980630546808243e+00, -1.3224337100982666e+00, 1.6497765481472015e-01},
    {-3.3212801814079285e-01, -8.0511093139648438e-02, 2.1255820989608765e-02, 3.9716064929962158e-02, 7.1628203988075256e-01, 6.5588212013244629e-01, -1.1448931694030762e-01, 1.9407595992088318e+00, 3.8169473409652710e-01, -8.7171256542205811e-01, 1.1699168682098389e+00, -1.8248861432075500e+00, 4.0391321182250977e+00, 2.3504349589347839e+00, -1.4067576527595520e+00, -3.2657185941934586e-01},
    {-2.6569675207138062e+00, 1.5688049793243408e-01, -1.7933037281036377e+00, 4.5906713604927063e-01, -2.9349148273468018e-01, -2.3974290490150452e+00, -1.5074839293956757e+00, -8.3809047937393188e-02, 2.4186031818389893e+00, 3.8686468601226807e+00, -2.0991479754447937e+00, 1.7980630546808243e+00, 2.3504349589347839e+00, -1.4156426191329956e+00, 2.1576771140098572e-01, -3.7912687659263611e-01},
    {-1.2339844703674316e+00, -5.0193247199058533e-01, -2.5385009050369263e+00, 1.2299600243568420e+00, 2.9270956516265869e+00, 1.2514128684997559e+00, -1.0091005414724350e+00, -9.0465927124023438e-01, -3.9340037107467651e-01, 2.8365564346313477e-01, 6.7931495606899261e-01, -1.3224337100982666e+00, -1.4067576527595520e+00, 2.1576771140098572e-01, -1.5406374931335449e+00, -1.0070900842547417e+00},
    {3.1386022567749023e+00, 2.1014162302017212e+00, -3.1127661466598511e-01, 2.6701751351356506e-01, -5.3620392084121704e-01, -1.8550896644592285e-01, -1.3263274431228638e+00, 4.8097133636474609e-02, 9.8113816976547241e-01, -1.0173150300979614e+00, -4.3220514059066772e-01, 1.6497765481472015e-01, -3.2657185941934586e-01, -3.7912687659263611e-01, -1.0070900842547417e+00, 2.9644193649291992e+00}
}}};

static constexpr auto result = eigvals(mat);

int main() { return 0; }
