#include "../../consteig.hpp"

using namespace consteig;

static constexpr Matrix<double, 14, 14> mat
{{{
    {-2.3075621128082275e+00, 3.4455114603042603e-01, -1.5602290630340576e-01, -9.7438597679138184e-01, 2.5709021091461182e+00, -2.9436477422714233e+00, -2.0441948175430298e+00, 5.2721723914146423e-03, 2.2974997758865356e-02, -1.9778385758399963e+00, 4.1085862368345261e-01, 1.0748699307441711e+00, 8.2735975645482540e-01, 5.8243596553802490e-01},
    {3.4455114603042603e-01, -1.4804500341415405e+00, -3.7471604347229004e-01, 4.9474644660949707e-01, -4.8269224166870117e-01, -2.0902037620544434e-02, 2.3924699425697327e+00, 1.9905052781105042e+00, -5.7396575808525085e-01, -1.7763888835906982e+00, 1.6787005066871643e+00, 7.2310313582420349e-01, -6.5070710517466068e-01, -2.2169680148363113e-01},
    {-1.5602290630340576e-01, -3.7471604347229004e-01, -2.2012999057769775e+00, 2.7792262434959412e+00, -3.3827917277812958e-01, -5.4821336269378662e-01, 2.0916072875261307e+00, -1.4564287066459656e+00, -1.2661926746368408e+00, -9.4450917840003967e-01, 4.1487782001495361e+00, -1.9697020351886749e+00, 2.1421643495559692e+00, -7.1748464182019234e-01},
    {-9.7438597679138184e-01, 4.9474644660949707e-01, 2.7792262434959412e+00, 2.1876766681671143e+00, -1.8554440140724182e+00, -1.3844346702098846e+00, -2.3849910497665405e-01, 1.2222846746444702e+00, -7.5183403491973877e-01, 1.2240157350897789e+00, -2.6044733524322510e+00, 1.0270359963178635e+00, -1.0026110112667084e+00, -3.6101920902729034e-01},
    {2.5709021091461182e+00, -4.8269224166870117e-01, -3.3827917277812958e-01, -1.8554440140724182e+00, -1.9602613151073456e-01, -4.9281477928161621e-01, 9.1368529200553894e-01, 6.4775300025939941e-01, -8.6577007174491882e-01, 1.7210403084754944e+00, -1.1145408749580383e+00, 5.1955642178654671e-01, -2.1147633492946625e+00, -2.2639460861682892e-01},
    {-2.9436477422714233e+00, -2.0902037620544434e-02, -5.4821336269378662e-01, -1.3844346702098846e+00, -4.9281477928161621e-01, -2.5302290916442871e+00, -4.5538243651390076e-01, -4.1314458847045898e-01, 1.6273725032806396e+00, -2.7323442101478577e+00, -1.2352884709835052e+00, 1.2637180685997009e+00, -1.8618648052215576e+00, -8.4088474512100220e-02},
    {-2.0441948175430298e+00, 2.3924699425697327e+00, 2.0916072875261307e+00, -2.3849910497665405e-01, 9.1368529200553894e-01, -4.5538243651390076e-01, -1.0600614547729492e+00, 4.9713008403778076e+00, 5.7385110855102539e-01, -1.6875714063644409e+00, 1.3526157140731812e+00, 2.5816756486892700e-01, 3.7601935863494873e-01, 3.3073968887329102e+00},
    {5.2721723914146423e-03, 1.9905052781105042e+00, -1.4564287066459656e+00, 1.2222846746444702e+00, 6.4775300025939941e-01, -4.1314458847045898e-01, 4.9713008403778076e+00, -2.4743926525115967e+00, -3.1467247009277344e-01, -1.9642719030380249e+00, 5.0461125373840332e-01, 2.2743816971778870e+00, 9.6266454458236694e-01, 4.0232951939105988e-01},
    {2.2974997758865356e-02, -5.7396575808525085e-01, -1.2661926746368408e+00, -7.5183403491973877e-01, -8.6577007174491882e-01, 1.6273725032806396e+00, 5.7385110855102539e-01, -3.1467247009277344e-01, 1.8434140682220459e+00, 1.2994244098663330e+00, 3.2017736509442329e-01, 7.1351253986358643e-01, 2.1805559992790222e+00, 2.7839714288711548e-01},
    {-1.9778385758399963e+00, -1.7763888835906982e+00, -9.4450917840003967e-01, 1.2240157350897789e+00, 1.7210403084754944e+00, -2.7323442101478577e+00, -1.6875714063644409e+00, -1.9642719030380249e+00, 1.2994244098663330e+00, -5.8708673715591431e-01, 3.2689720988273621e+00, -2.1002117395401001e+00, 1.8357253074645996e-01, -1.4763404726982117e+00},
    {4.1085862368345261e-01, 1.6787005066871643e+00, 4.1487782001495361e+00, -2.6044733524322510e+00, -1.1145408749580383e+00, -1.2352884709835052e+00, 1.3526157140731812e+00, 5.0461125373840332e-01, 3.2017736509442329e-01, 3.2689720988273621e+00, -1.9882205724716187e+00, -6.5577176213264465e-01, -2.6660753488540649e+00, 2.0415217876434326e+00},
    {1.0748699307441711e+00, 7.2310313582420349e-01, -1.9697020351886749e+00, 1.0270359963178635e+00, 5.1955642178654671e-01, 1.2637180685997009e+00, 2.5816756486892700e-01, 2.2743816971778870e+00, 7.1351253986358643e-01, -2.1002117395401001e+00, -6.5577176213264465e-01, 1.4964178800582886e+00, 3.9958127737045288e+00, -1.1212366819381714e-01},
    {8.2735975645482540e-01, -6.5070710517466068e-01, 2.1421643495559692e+00, -1.0026110112667084e+00, -2.1147633492946625e+00, -1.8618648052215576e+00, 3.7601935863494873e-01, 9.6266454458236694e-01, 2.1805559992790222e+00, 1.8357253074645996e-01, -2.6660753488540649e+00, 3.9958127737045288e+00, -1.9433621168136597e+00, -5.7405467331409454e-01},
    {5.8243596553802490e-01, -2.2169680148363113e-01, -7.1748464182019234e-01, -3.6101920902729034e-01, -2.2639460861682892e-01, -8.4088474512100220e-02, 3.3073968887329102e+00, 4.0232951939105988e-01, 2.7839714288711548e-01, -1.4763404726982117e+00, 2.0415217876434326e+00, -1.1212366819381714e-01, -5.7405467331409454e-01, -1.7594861984252930e+00}
}}};

static constexpr auto result = eigvals(mat);

int main() { return 0; }
