#include "../../consteig.hpp"

using namespace consteig;

static constexpr Matrix<double, 6, 6> mat
{{{
    {1.7873008251190186e+00, -2.3925796151161194e-01, -1.2856540083885193e+00, -1.0167311131954193e-01, 1.0738768577575684e+00, -7.8419542312622070e-01},
    {-2.3925796151161194e-01, -6.3695353269577026e-01, 1.9108280539512634e+00, 6.0527056828141212e-01, 1.2745554149150848e+00, -1.3878198266029358e+00},
    {-1.2856540083885193e+00, 1.9108280539512634e+00, 6.4334273338317871e-01, -1.2372062802314758e+00, 1.6293097734451294e+00, 2.0888255238533020e+00},
    {-1.0167311131954193e-01, 6.0527056828141212e-01, -1.2372062802314758e+00, 5.4357841610908508e-02, -1.3826999664306641e+00, -5.3513366170227528e-01},
    {1.0738768577575684e+00, 1.2745554149150848e+00, 1.6293097734451294e+00, -1.3826999664306641e+00, -2.4718766212463379e+00, -7.6153787970542908e-01},
    {-7.8419542312622070e-01, -1.3878198266029358e+00, 2.0888255238533020e+00, -5.3513366170227528e-01, -7.6153787970542908e-01, 3.0730144977569580e+00}
}}};

static constexpr auto result = eigvals(mat);

int main() { return 0; }
