#include "../../consteig.hpp"

using namespace consteig;

static constexpr Matrix<double, 8, 8> mat
{{{
    {1.0000000000000002e+00, -3.0905937884883515e-16, 2.3705320294392252e-17, 1.3379066059261401e-16, -3.8832868560325244e-17, -4.0272721368474325e-17, -1.1781056285682410e-16, 9.3706484983159856e-17},
    {-3.0905937884883515e-16, 1.0000000000000004e+00, 7.7445263326699872e-17, 2.3145447432007509e-17, -1.1758718688307864e-16, -1.4843183029778342e-16, 1.5386520744364008e-16, 9.1980813713552377e-18},
    {2.3705320294392252e-17, 7.7445263326699872e-17, 1.0000000000000000e+00, 1.8771046223547612e-17, -4.9958491078478444e-18, 5.7813565755771514e-17, -5.3554523438343848e-17, -4.0748624632373418e-17},
    {1.3379066059261401e-16, 2.3145447432007509e-17, 1.8771046223547612e-17, 1.0000000000000000e+00, -1.1213154541346197e-16, -2.7661448094661710e-17, 7.0057144734548793e-17, 2.8088442389033181e-17},
    {-3.8832868560325244e-17, -1.1758718688307864e-16, -4.9958491078478444e-18, -1.1213154541346197e-16, 9.9999999999999989e-01, 7.7539255656377618e-17, 6.8963556025805636e-17, 1.8155551590927258e-17},
    {-4.0272721368474325e-17, -1.4843183029778342e-16, 5.7813565755771514e-17, -2.7661448094661710e-17, 7.7539255656377618e-17, 1.0000000000000000e+00, 1.2493409791638755e-16, -1.5521481278470324e-16},
    {-1.1781056285682410e-16, 1.5386520744364008e-16, -5.3554523438343848e-17, 7.0057144734548793e-17, 6.8963556025805636e-17, 1.2493409791638755e-16, 1.0000000000000000e+00, 2.1592588751144476e-18},
    {9.3706484983159856e-17, 9.1980813713552377e-18, -4.0748624632373418e-17, 2.8088442389033181e-17, 1.8155551590927258e-17, -1.5521481278470324e-16, 2.1592588751144476e-18, 1.0000000000000002e+00}
}}};

static constexpr auto result = eigvals(mat);

int main() { return 0; }
