#include "../../consteig.hpp"

using namespace consteig;

static constexpr Matrix<double, 12, 12> mat
{{{
    {1.0000000000000000e+00, 1.1846315364806890e-16, -1.5875834938890813e-16, 1.0258226425206655e-16, -3.5477910210988133e-17, 1.0942709220966370e-16, 1.5992292047573979e-16, -7.9438773410281675e-17, 4.5431400607334545e-17, 6.2455707841862073e-17, -5.4351351661547768e-17, -2.1778245943422750e-17},
    {1.1846315364806890e-16, 1.0000000000000000e+00, 6.6310872953293210e-19, 3.3888039546554668e-17, -6.9302076771749430e-17, 9.2581115865691238e-17, -7.4592978995707247e-18, -6.2390184478655811e-17, -7.5240277902117079e-18, 1.8444540950236767e-16, -4.1200932985060501e-17, 9.0260195124116590e-17},
    {-1.5875834938890813e-16, 6.6310872953293210e-19, 9.9999999999999989e-01, -1.0073716290649888e-16, -5.6034023637775290e-17, -5.0750247835763925e-17, -1.3397889418382041e-18, -7.1109049330965646e-17, -1.1246269528358792e-16, -1.5001715098992648e-17, -1.6389161037675185e-16, 6.2898164240906385e-17},
    {1.0258226425206655e-16, 3.3888039546554668e-17, -1.0073716290649888e-16, 1.0000000000000002e+00, 1.2138837392860406e-16, 5.2253460675436923e-17, 2.5688122153082622e-16, -1.4883617788170193e-16, -5.9081340194749958e-17, 4.0222381788088279e-17, 1.8356796931572012e-16, -1.1488573599657144e-16},
    {-3.5477910210988133e-17, -6.9302076771749430e-17, -5.6034023637775290e-17, 1.2138837392860406e-16, 1.0000000000000004e+00, -4.4489426315169995e-17, -3.2775152061355641e-17, -7.8409175928987946e-17, 2.5555203156937207e-17, 1.8209394446160618e-17, -8.0636025776232761e-17, 5.6749347337251726e-17},
    {1.0942709220966370e-16, 9.2581115865691238e-17, -5.0750247835763925e-17, 5.2253460675436923e-17, -4.4489426315169995e-17, 1.0000000000000000e+00, -7.0121934779102124e-17, 1.6068517171320041e-17, -5.8569855871410206e-18, 1.1920159361926921e-16, -1.2190668625560165e-16, -1.6141868223158641e-16},
    {1.5992292047573979e-16, -7.4592978995707247e-18, -1.3397889418382041e-18, 2.5688122153082622e-16, -3.2775152061355641e-17, -7.0121934779102124e-17, 1.0000000000000002e+00, -8.4193916113183049e-17, -4.6975399330206047e-17, 2.4178956815869737e-17, 1.0408952270773350e-16, 3.4373007285953334e-17},
    {-7.9438773410281675e-17, -6.2390184478655811e-17, -7.1109049330965646e-17, -1.4883617788170193e-16, -7.8409175928987946e-17, 1.6068517171320041e-17, -8.4193916113183049e-17, 1.0000000000000002e+00, -4.3856453091097196e-20, -1.7831178714094750e-16, -2.3062009641511555e-17, 3.0073903926703488e-17},
    {4.5431400607334545e-17, -7.5240277902117079e-18, -1.1246269528358792e-16, -5.9081340194749958e-17, 2.5555203156937207e-17, -5.8569855871410206e-18, -4.6975399330206047e-17, -4.3856453091097196e-20, 1.0000000000000000e+00, -9.2734464824530935e-17, -8.5480705913689097e-18, -7.7276922895484982e-17},
    {6.2455707841862073e-17, 1.8444540950236767e-16, -1.5001715098992648e-17, 4.0222381788088279e-17, 1.8209394446160618e-17, 1.1920159361926921e-16, 2.4178956815869737e-17, -1.7831178714094750e-16, -9.2734464824530935e-17, 1.0000000000000002e+00, 4.7959940395518617e-17, 3.9896065249503853e-17},
    {-5.4351351661547768e-17, -4.1200932985060501e-17, -1.6389161037675185e-16, 1.8356796931572012e-16, -8.0636025776232761e-17, -1.2190668625560165e-16, 1.0408952270773350e-16, -2.3062009641511555e-17, -8.5480705913689097e-18, 4.7959940395518617e-17, 1.0000000000000000e+00, -2.8908669456009726e-17},
    {-2.1778245943422750e-17, 9.0260195124116590e-17, 6.2898164240906385e-17, -1.1488573599657144e-16, 5.6749347337251726e-17, -1.6141868223158641e-16, 3.4373007285953334e-17, 3.0073903926703488e-17, -7.7276922895484982e-17, 3.9896065249503853e-17, -2.8908669456009726e-17, 1.0000000000000000e+00}
}}};

static constexpr auto result = eigvals(mat);

int main() { return 0; }
