#include "../../consteig.hpp"

using namespace consteig;

static constexpr Matrix<double, 18, 18> mat
{{{
    {1.0000000000000002e+00, -2.1076570439329362e-16, 3.1213397470295699e-17, 7.1219870502062339e-17, 2.5010296754201653e-17, 7.4047977557505701e-17, -1.6459401943680572e-16, -4.1208086510050681e-18, 4.9426268282376606e-18, -1.1135656298522921e-16, 4.0909557172496311e-17, -5.1014618536353944e-17, 5.3044081086197630e-17, -1.1052316775952251e-16, 1.0166187824806512e-17, 2.8747763588945906e-17, 2.3378751930158819e-17, -1.7422682410770637e-16},
    {-2.1076570439329362e-16, 1.0000000000000004e+00, 3.4546973610634810e-16, 1.1843263528130667e-16, -2.6656612568157476e-16, 1.5222392274010549e-16, 1.7720965543605629e-16, -4.1211149599160248e-17, 4.1315962600991512e-17, 1.1112897474039725e-16, 4.8822965192957026e-18, -1.3547293041749823e-16, -5.2693763299496864e-17, -1.2636377070900775e-16, -5.3856506866096357e-17, 4.0694306404482831e-17, -4.9718638348590953e-17, 3.4547952137142523e-17},
    {3.1213397470295699e-17, 3.4546973610634810e-16, 9.9999999999999989e-01, -2.7323239105790359e-17, -3.8396727406923741e-17, -2.8187941095182161e-17, -3.3400730085784219e-17, -6.8436602431870044e-17, 6.6994879397762139e-17, 5.2255878509358751e-17, -2.8872496908998310e-17, -8.8024903003029720e-17, 1.9231990644592518e-17, -3.2343077900972950e-17, -1.7883103212671427e-17, 4.3618026642354410e-17, 8.1201179468270565e-17, -9.8956388245532773e-18},
    {7.1219870502062339e-17, 1.1843263528130667e-16, -2.7323239105790359e-17, 1.0000000000000000e+00, 2.4663677418675405e-17, 1.4524949283874228e-16, -8.8289335604225173e-17, -1.4515046413353157e-17, -1.1473184553110865e-17, 9.1733270919477934e-17, 2.6303002793621359e-17, 9.4504314408462821e-17, 2.6696388295156001e-17, 8.0655411387381866e-17, -3.8198860939689642e-17, 5.5159300125387810e-17, -1.3119818979199767e-16, -3.7366237112749528e-17},
    {2.5010296754201653e-17, -2.6656612568157476e-16, -3.8396727406923741e-17, 2.4663677418675405e-17, 1.0000000000000000e+00, 4.1379083943816769e-17, -1.2219516721309013e-16, -8.6343736822650433e-17, 4.9419656912280843e-18, -7.3740685129148755e-18, 4.8048657531400264e-17, 1.2288584513544307e-17, -9.7293881912000753e-18, -9.7879149293478441e-17, 2.6167579805954457e-17, -4.1632049631743094e-17, -2.4268422601406444e-17, -7.3965488180699283e-17},
    {7.4047977557505701e-17, 1.5222392274010549e-16, -2.8187941095182161e-17, 1.4524949283874228e-16, 4.1379083943816769e-17, 1.0000000000000000e+00, 5.7567736003748741e-17, -6.4103749224237192e-17, -9.1433920281323586e-17, 1.8974938039623156e-16, 1.2484895994321598e-16, 4.2706933380458311e-17, 3.3129162111335121e-17, 2.0209680714612764e-17, -1.1924199669428972e-16, -5.6937893529701475e-17, 7.0601004057049650e-18, 8.2978756662309452e-17},
    {-1.6459401943680572e-16, 1.7720965543605629e-16, -3.3400730085784219e-17, -8.8289335604225173e-17, -1.2219516721309013e-16, 5.7567736003748741e-17, 1.0000000000000000e+00, 1.0191346720640691e-16, 2.9676726816855392e-17, 1.2987150539368375e-17, -2.4840772616859098e-16, -7.6623724188606856e-17, -9.7512410797684404e-17, -1.4020144050426148e-17, 9.7998665960795367e-17, -5.5297699219981922e-18, 3.9268227449042513e-17, -2.9724056951162008e-18},
    {-4.1208086510050681e-18, -4.1211149599160248e-17, -6.8436602431870044e-17, -1.4515046413353157e-17, -8.6343736822650433e-17, -6.4103749224237192e-17, 1.0191346720640691e-16, 1.0000000000000000e+00, -7.8361949851544290e-17, -2.0898987946805513e-16, -8.5924005519890896e-17, -8.4529871108334548e-17, -2.3180980736795164e-16, -7.2606330764072029e-17, -1.5240356661521549e-17, -1.8270994227279912e-17, -1.4597515789506640e-17, -1.3274711789914670e-16},
    {4.9426268282376606e-18, 4.1315962600991512e-17, 6.6994879397762139e-17, -1.1473184553110865e-17, 4.9419656912280843e-18, -9.1433920281323586e-17, 2.9676726816855392e-17, -7.8361949851544290e-17, 1.0000000000000002e+00, -2.5591697846085700e-17, 6.7265386435617626e-17, 8.0090954870806671e-17, -5.2636798842014591e-17, 1.9324089715522483e-17, -4.5450182489442491e-17, -3.8267820378768552e-17, -5.8825639916830131e-17, 2.8699534370317883e-17},
    {-1.1135656298522921e-16, 1.1112897474039725e-16, 5.2255878509358751e-17, 9.1733270919477934e-17, -7.3740685129148755e-18, 1.8974938039623156e-16, 1.2987150539368375e-17, -2.0898987946805513e-16, -2.5591697846085700e-17, 1.0000000000000000e+00, 5.7359240845982827e-17, -3.0178336390604832e-17, -4.6737480615972091e-17, -5.1853346061757890e-17, -2.8188268694374378e-17, 5.9740127133555277e-18, 2.2981649087317661e-17, 1.1456595687398959e-16},
    {4.0909557172496311e-17, 4.8822965192957026e-18, -2.8872496908998310e-17, 2.6303002793621359e-17, 4.8048657531400264e-17, 1.2484895994321598e-16, -2.4840772616859098e-16, -8.5924005519890896e-17, 6.7265386435617626e-17, 5.7359240845982827e-17, 1.0000000000000000e+00, 2.8397222066631220e-16, 3.8618492508045062e-17, 6.7457599481850523e-17, 4.7998806083838132e-17, 7.5687905007762698e-17, 7.4558408881040397e-17, 1.5452384369446626e-16},
    {-5.1014618536353944e-17, -1.3547293041749823e-16, -8.8024903003029720e-17, 9.4504314408462821e-17, 1.2288584513544307e-17, 4.2706933380458311e-17, -7.6623724188606856e-17, -8.4529871108334548e-17, 8.0090954870806671e-17, -3.0178336390604832e-17, 2.8397222066631220e-16, 9.9999999999999989e-01, -2.6922329819808482e-16, -1.0540249110005266e-16, -1.4276077038667081e-16, -4.4779633231303489e-18, -4.3463223230481026e-17, -1.3789694329283944e-16},
    {5.3044081086197630e-17, -5.2693763299496864e-17, 1.9231990644592518e-17, 2.6696388295156001e-17, -9.7293881912000753e-18, 3.3129162111335121e-17, -9.7512410797684404e-17, -2.3180980736795164e-16, -5.2636798842014591e-17, -4.6737480615972091e-17, 3.8618492508045062e-17, -2.6922329819808482e-16, 1.0000000000000000e+00, 3.9702345359185293e-17, -9.1456163153487751e-17, 3.3490305459679687e-17, -6.3656945178006158e-17, -2.1081124849154830e-16},
    {-1.1052316775952251e-16, -1.2636377070900775e-16, -3.2343077900972950e-17, 8.0655411387381866e-17, -9.7879149293478441e-17, 2.0209680714612764e-17, -1.4020144050426148e-17, -7.2606330764072029e-17, 1.9324089715522483e-17, -5.1853346061757890e-17, 6.7457599481850523e-17, -1.0540249110005266e-16, 3.9702345359185293e-17, 9.9999999999999989e-01, -2.1043180779769486e-17, 5.5396090214084461e-17, 4.9969878322793935e-17, -1.9155350773084253e-17},
    {1.0166187824806512e-17, -5.3856506866096357e-17, -1.7883103212671427e-17, -3.8198860939689642e-17, 2.6167579805954457e-17, -1.1924199669428972e-16, 9.7998665960795367e-17, -1.5240356661521549e-17, -4.5450182489442491e-17, -2.8188268694374378e-17, 4.7998806083838132e-17, -1.4276077038667081e-16, -9.1456163153487751e-17, -2.1043180779769486e-17, 1.0000000000000000e+00, -4.0449544910832234e-17, -2.4640289789344690e-17, -8.9662668009723447e-17},
    {2.8747763588945906e-17, 4.0694306404482831e-17, 4.3618026642354410e-17, 5.5159300125387810e-17, -4.1632049631743094e-17, -5.6937893529701475e-17, -5.5297699219981922e-18, -1.8270994227279912e-17, -3.8267820378768552e-17, 5.9740127133555277e-18, 7.5687905007762698e-17, -4.4779633231303489e-18, 3.3490305459679687e-17, 5.5396090214084461e-17, -4.0449544910832234e-17, 1.0000000000000002e+00, -2.3021311482663067e-19, 1.5895930581186427e-17},
    {2.3378751930158819e-17, -4.9718638348590953e-17, 8.1201179468270565e-17, -1.3119818979199767e-16, -2.4268422601406444e-17, 7.0601004057049650e-18, 3.9268227449042513e-17, -1.4597515789506640e-17, -5.8825639916830131e-17, 2.2981649087317661e-17, 7.4558408881040397e-17, -4.3463223230481026e-17, -6.3656945178006158e-17, 4.9969878322793935e-17, -2.4640289789344690e-17, -2.3021311482663067e-19, 1.0000000000000000e+00, -8.3456934982012839e-17},
    {-1.7422682410770637e-16, 3.4547952137142523e-17, -9.8956388245532773e-18, -3.7366237112749528e-17, -7.3965488180699283e-17, 8.2978756662309452e-17, -2.9724056951162008e-18, -1.3274711789914670e-16, 2.8699534370317883e-17, 1.1456595687398959e-16, 1.5452384369446626e-16, -1.3789694329283944e-16, -2.1081124849154830e-16, -1.9155350773084253e-17, -8.9662668009723447e-17, 1.5895930581186427e-17, -8.3456934982012839e-17, 9.9999999999999989e-01}
}}};

static constexpr auto result = eigvals(mat);

int main() { return 0; }
