#include "../../consteig.hpp"

using namespace consteig;

static constexpr Matrix<double, 20, 20> mat
{{{
    {-5.0975465774536133e-01, 1.2481365203857422e+00, 1.8704760670661926e+00, -2.2751331329345703e-01, 8.3395617455244064e-01, -9.1444486379623413e-01, 1.8619945049285889e+00, 2.9355441331863403e+00, 1.4919473528862000e+00, 2.1666011214256287e+00, 3.0450067520141602e+00, 1.3994571007788181e+00, 5.1230108737945557e-01, -4.1289365291595459e-01, 1.9315578937530518e+00, -2.8971800208091736e-01, 1.4471578598022461e-01, -2.9626970291137695e+00, -5.3447120450437069e-01, 1.7848733067512512e+00},
    {1.2481365203857422e+00, -1.4148793220520020e+00, 3.3323228359222412e-01, 1.1765673607587814e+00, 9.5713759958744049e-01, -1.1999131441116333e+00, -3.0328593254089355e+00, 3.3466257452964783e+00, -8.2584151625633240e-01, -7.2962471842765808e-01, 1.5618756413459778e+00, 4.8105985671281815e-01, 5.7034488487988710e-01, -1.0343376398086548e+00, -9.2222237586975098e-01, -1.8626009877771139e+00, 1.6374918818473816e-01, 1.6187798976898193e-01, -5.5626395344734192e-01, -1.6173606216907501e+00},
    {1.8704760670661926e+00, 3.3323228359222412e-01, 1.3643268346786499e+00, -2.0161998271942139e-01, 2.4468414783477783e+00, -6.6744387149810791e-01, 1.1960291862487793e-01, -8.7058317661285400e-01, -5.8383844792842865e-01, 1.0029479563236237e+00, -1.9622853398323059e-01, -3.0464435815811157e+00, -7.4347500503063202e-01, 1.0148028135299683e+00, 2.7551090717315674e+00, -2.0101302862167358e+00, -1.5677956342697144e+00, 1.4859847724437714e+00, -1.2717432975769043e+00, 1.2779747098684311e+00},
    {-2.2751331329345703e-01, 1.1765673607587814e+00, -2.0161998271942139e-01, 3.6185419559478760e+00, -1.8431729078292847e-01, -1.2628539204597473e+00, -1.8877851366996765e+00, 7.1640133857727051e-02, 1.0245079696178436e+00, -2.2968781590461731e+00, -5.5220216512680054e-02, 1.6302829980850220e+00, 1.5613566040992737e+00, 1.0517048835754395e+00, 2.3403722643852234e+00, 1.5219512283802032e+00, 3.3724681138992310e+00, -2.9050499200820923e-02, -9.6216973662376404e-01, -1.5964424610137939e-01},
    {8.3395617455244064e-01, 9.5713759958744049e-01, 2.4468414783477783e+00, -1.8431729078292847e-01, 2.5318372249603271e+00, 1.2000280022621155e+00, 2.7649740874767303e-01, -1.5827682316303253e+00, 1.2711899280548096e+00, -1.2055062353610992e+00, -8.9236497879028320e-02, -2.0152100920677185e+00, -1.5610376000404358e+00, -1.6797128319740295e+00, 1.2775451731868088e+00, 1.2232973873615265e+00, 2.8591556549072266e+00, -1.9851061701774597e+00, 3.2848113775253296e+00, 1.1270571649074554e+00},
    {-9.1444486379623413e-01, -1.1999131441116333e+00, -6.6744387149810791e-01, -1.2628539204597473e+00, 1.2000280022621155e+00, -2.3971862792968750e+00, 6.6976607590913773e-01, -9.6438623964786530e-01, -3.2688517570495605e+00, -2.9111002385616302e-01, -2.6634351015090942e+00, 2.0674854516983032e-02, 6.5728734433650970e-01, 2.4729245901107788e+00, 9.5103898644447327e-01, -9.9053714424371719e-01, -1.3883513212203979e-01, 3.2961382865905762e+00, 1.1841025054454803e+00, 5.7635891437530518e-01},
    {1.8619945049285889e+00, -3.0328593254089355e+00, 1.1960291862487793e-01, -1.8877851366996765e+00, 2.7649740874767303e-01, 6.6976607590913773e-01, -3.2876887321472168e+00, 6.3533016294240952e-01, -1.2585144639015198e+00, -1.2424519434571266e+00, -2.0591320991516113e+00, -1.7079860568046570e+00, -1.2573839426040649e+00, -3.9939260482788086e-01, 1.0340903401374817e+00, -1.7694675922393799e-01, -7.0593371242284775e-01, 2.2954021096229553e+00, -2.0199903845787048e+00, -2.1449866294860840e+00},
    {2.9355441331863403e+00, 3.3466257452964783e+00, -8.7058317661285400e-01, 7.1640133857727051e-02, -1.5827682316303253e+00, -9.6438623964786530e-01, 6.3533016294240952e-01, 1.1420538425445557e+00, 5.7521820068359375e-02, 1.4021497964859009e+00, 3.7445777654647827e-01, 2.8569903969764709e-01, -1.2590444087982178e+00, 2.2354252338409424e+00, 1.3087052106857300e-01, 1.8379450440406799e+00, 1.3995633125305176e+00, 2.2471083104610443e+00, 1.9439521729946136e+00, 1.3566756844520569e+00},
    {1.4919473528862000e+00, -8.2584151625633240e-01, -5.8383844792842865e-01, 1.0245079696178436e+00, 1.2711899280548096e+00, -3.2688517570495605e+00, -1.2585144639015198e+00, 5.7521820068359375e-02, 3.6090737581253052e-01, -1.1717151105403900e+00, -7.8989887237548828e-01, -1.6864222288131714e-01, 1.2806103527545929e+00, 6.2066788971424103e-01, 1.3407232761383057e+00, -2.9837918281555176e+00, -4.7105361893773079e-01, 3.2808032631874084e-01, -3.4921603463590145e-01, -1.0264356844127178e+00},
    {2.1666011214256287e+00, -7.2962471842765808e-01, 1.0029479563236237e+00, -2.2968781590461731e+00, -1.2055062353610992e+00, -2.9111002385616302e-01, -1.2424519434571266e+00, 1.4021497964859009e+00, -1.1717151105403900e+00, 4.9147981405258179e-01, -7.2209727764129639e-01, 2.3041754961013794e-02, -1.2772599756717682e+00, -5.8471077680587769e-01, -3.7023148536682129e+00, -1.1685994863510132e+00, 1.6566622257232666e+00, -2.1319692060351372e+00, 1.3785819932818413e+00, -4.6171501278877258e-02},
    {3.0450067520141602e+00, 1.5618756413459778e+00, -1.9622853398323059e-01, -5.5220216512680054e-02, -8.9236497879028320e-02, -2.6634351015090942e+00, -2.0591320991516113e+00, 3.7445777654647827e-01, -7.8989887237548828e-01, -7.2209727764129639e-01, -2.5629889965057373e+00, -3.7118328809738159e+00, 3.6159841716289520e-01, 2.0342954993247986e+00, -2.4366357326507568e+00, -2.0560590028762817e+00, 4.7904977202415466e-01, -4.3848991394042969e-02, 4.5079198479652405e-01, -4.3207123875617981e-01},
    {1.3994571007788181e+00, 4.8105985671281815e-01, -3.0464435815811157e+00, 1.6302829980850220e+00, -2.0152100920677185e+00, 2.0674854516983032e-02, -1.7079860568046570e+00, 2.8569903969764709e-01, -1.6864222288131714e-01, 2.3041754961013794e-02, -3.7118328809738159e+00, 7.6772117614746094e-01, 8.9378348737955093e-01, 8.4259055927395821e-01, 9.8065403103828430e-01, 1.0642792582511902e+00, 1.9151006937026978e+00, 2.1010874509811401e+00, -1.0577685236930847e+00, 2.2978338897228241e+00},
    {5.1230108737945557e-01, 5.7034488487988710e-01, -7.4347500503063202e-01, 1.5613566040992737e+00, -1.5610376000404358e+00, 6.5728734433650970e-01, -1.2573839426040649e+00, -1.2590444087982178e+00, 1.2806103527545929e+00, -1.2772599756717682e+00, 3.6159841716289520e-01, 8.9378348737955093e-01, 1.0017540454864502e+00, -1.8580419719219208e+00, -1.7138056755065918e+00, -9.0369820594787598e-01, 2.9682267904281616e+00, 5.4390251636505127e-02, -1.1326294541358948e+00, 2.4379909038543701e-01},
    {-4.1289365291595459e-01, -1.0343376398086548e+00, 1.0148028135299683e+00, 1.0517048835754395e+00, -1.6797128319740295e+00, 2.4729245901107788e+00, -3.9939260482788086e-01, 2.2354252338409424e+00, 6.2066788971424103e-01, -5.8471077680587769e-01, 2.0342954993247986e+00, 8.4259055927395821e-01, -1.8580419719219208e+00, 2.9483598470687866e-01, 3.6782844364643097e-01, -1.0827562659978867e+00, 8.2668066769838333e-01, -8.6543023586273193e-02, -4.9881912022829056e-01, -6.6598606109619141e-01},
    {1.9315578937530518e+00, -9.2222237586975098e-01, 2.7551090717315674e+00, 2.3403722643852234e+00, 1.2775451731868088e+00, 9.5103898644447327e-01, 1.0340903401374817e+00, 1.3087052106857300e-01, 1.3407232761383057e+00, -3.7023148536682129e+00, -2.4366357326507568e+00, 9.8065403103828430e-01, -1.7138056755065918e+00, 3.6782844364643097e-01, 2.3994413018226624e-01, 4.9446359276771545e-01, 1.2508529387414455e+00, -3.5167772695422173e-01, -1.0760496072471142e+00, 1.4110814034938812e-01},
    {-2.8971800208091736e-01, -1.8626009877771139e+00, -2.0101302862167358e+00, 1.5219512283802032e+00, 1.2232973873615265e+00, -9.9053714424371719e-01, -1.7694675922393799e-01, 1.8379450440406799e+00, -2.9837918281555176e+00, -1.1685994863510132e+00, -2.0560590028762817e+00, 1.0642792582511902e+00, -9.0369820594787598e-01, -1.0827562659978867e+00, 4.9446359276771545e-01, 1.9874444007873535e+00, -7.2951543331146240e-01, 3.4889024496078491e-01, -2.7461633086204529e-01, -7.8386563062667847e-01},
    {1.4471578598022461e-01, 1.6374918818473816e-01, -1.5677956342697144e+00, 3.3724681138992310e+00, 2.8591556549072266e+00, -1.3883513212203979e-01, -7.0593371242284775e-01, 1.3995633125305176e+00, -4.7105361893773079e-01, 1.6566622257232666e+00, 4.7904977202415466e-01, 1.9151006937026978e+00, 2.9682267904281616e+00, 8.2668066769838333e-01, 1.2508529387414455e+00, -7.2951543331146240e-01, -3.7364799976348877e+00, 2.4771451391279697e-01, 1.5457232892513275e+00, -1.1147927045822144e+00},
    {-2.9626970291137695e+00, 1.6187798976898193e-01, 1.4859847724437714e+00, -2.9050499200820923e-02, -1.9851061701774597e+00, 3.2961382865905762e+00, 2.2954021096229553e+00, 2.2471083104610443e+00, 3.2808032631874084e-01, -2.1319692060351372e+00, -4.3848991394042969e-02, 2.1010874509811401e+00, 5.4390251636505127e-02, -8.6543023586273193e-02, -3.5167772695422173e-01, 3.4889024496078491e-01, 2.4771451391279697e-01, 2.0893861353397369e-01, 7.0857916027307510e-02, -8.4936973452568054e-01},
    {-5.3447120450437069e-01, -5.5626395344734192e-01, -1.2717432975769043e+00, -9.6216973662376404e-01, 3.2848113775253296e+00, 1.1841025054454803e+00, -2.0199903845787048e+00, 1.9439521729946136e+00, -3.4921603463590145e-01, 1.3785819932818413e+00, 4.5079198479652405e-01, -1.0577685236930847e+00, -1.1326294541358948e+00, -4.9881912022829056e-01, -1.0760496072471142e+00, -2.7461633086204529e-01, 1.5457232892513275e+00, 7.0857916027307510e-02, -5.6396208703517914e-02, -6.2335669994354248e-01},
    {1.7848733067512512e+00, -1.6173606216907501e+00, 1.2779747098684311e+00, -1.5964424610137939e-01, 1.1270571649074554e+00, 5.7635891437530518e-01, -2.1449866294860840e+00, 1.3566756844520569e+00, -1.0264356844127178e+00, -4.6171501278877258e-02, -4.3207123875617981e-01, 2.2978338897228241e+00, 2.4379909038543701e-01, -6.6598606109619141e-01, 1.4110814034938812e-01, -7.8386563062667847e-01, -1.1147927045822144e+00, -8.4936973452568054e-01, -6.2335669994354248e-01, 1.6192512512207031e+00}
}}};

static constexpr auto result = eigvals(mat);

int main() { return 0; }
