#include "../../consteig.hpp"

using namespace consteig;

static constexpr Matrix<double, 16, 16> mat
{{{
    {1.0000036720809520e+00, 6.9293624262287905e-08, 1.8263220934126447e-07, -3.2029222053403455e-07, 3.2384457655685825e-07, -8.3873763956835732e-09, 3.4256068299902571e-07, -2.3296533184703835e-07, -6.5937387078594797e-07, 3.3905177845271841e-07, -4.5620097924030147e-07, 4.3997548543881698e-08, -1.2376075952409789e-06, 1.4112346727223530e-06, -2.3200275102477014e-07, 1.9544990152619768e-07},
    {6.9293624233661156e-08, 1.0000043137126655e+00, -2.5482663073953169e-08, -7.3819214837329417e-07, 1.1842226607864498e-06, -1.2848235587801236e-06, 5.0725513329912172e-07, -1.2187794857822213e-06, -2.6157619177518591e-07, 6.7254365224692395e-07, 1.9776826464868780e-07, -7.4508676053345575e-07, 4.3477184377743345e-07, 7.1505398971657601e-07, 2.5397139462588537e-07, 1.0691181541923013e-07},
    {1.8263220933471641e-07, -2.5482663049628599e-08, 1.0000053218406784e+00, -8.3272927651748248e-07, 1.0546579284097760e-06, 1.7797566619105156e-06, 1.3808245462260838e-06, 3.2588951184333754e-07, 3.8437587098482642e-07, 1.6652907696146692e-06, -4.9855676172102149e-07, -4.3324227667334840e-07, 1.8182891594032260e-06, -2.1267326620022035e-07, 9.2199507975289229e-07, -1.0845355686921877e-06},
    {-3.2029222054363228e-07, -7.3819214837341922e-07, -8.3272927656284406e-07, 1.0000057649363459e+00, 4.0251461120417758e-07, -1.0718157217883332e-06, -5.7594928304532612e-07, 1.2082225133783632e-06, 1.3753242860062985e-07, -9.4539363418911733e-07, 3.7003596171263922e-07, -1.7582914172871241e-07, 3.4711807835624185e-07, -2.7566983540537500e-07, 1.8002929482331545e-06, -9.2208759669038070e-07},
    {3.2384457657083556e-07, 1.1842226608055585e-06, 1.0546579284232762e-06, 4.0251461117826424e-07, 1.0000034382101817e+00, -7.2716493990047245e-07, 1.6763811141941542e-07, 3.1433236422577233e-07, 2.0465345356814245e-07, -1.3480831553497808e-06, -5.4956249213901176e-07, -2.6872346356112095e-07, 3.5949316323215975e-07, 7.5857989482448222e-07, 7.3524646640822844e-07, -9.6799626923803574e-07},
    {-8.3873764313506400e-09, -1.2848235587522066e-06, 1.7797566618668024e-06, -1.0718157217902559e-06, -7.2716493989892725e-07, 1.0000043411389286e+00, -7.6978212302990913e-07, 1.0740567185114888e-06, -9.5081166027568224e-07, 3.6711232112687665e-07, 4.5215302705826618e-07, -2.9069508393310482e-07, -1.3019943565479683e-06, -2.8993336057257094e-07, 1.0914592631180825e-06, -6.6764001801222509e-07},
    {3.4256068299801027e-07, 5.0725513332470000e-07, 1.3808245462427375e-06, -5.7594928309843308e-07, 1.6763811139350693e-07, -7.6978212304516155e-07, 1.0000068362560817e+00, 7.9596450566933457e-08, -7.5517225836212304e-07, -8.2125427997803785e-07, 2.7779206496061739e-07, -5.7006020695094241e-07, -1.3170634020679711e-06, -7.1340717617400069e-07, 9.9474140060206956e-08, 1.0242454158472800e-07},
    {-2.3296533186533328e-07, -1.2187794857694158e-06, 3.2588951180439229e-07, 1.2082225134348847e-06, 3.1433236424459091e-07, 1.0740567185126641e-06, 7.9596450579962279e-08, 1.0000049996539895e+00, -4.3876478134353111e-09, -8.2004218389520965e-07, 8.4326174792449748e-07, -2.8177096402897807e-07, 4.1182844923956974e-08, -4.4008019417897247e-07, -5.0653195378589465e-07, -3.2558266330575063e-07},
    {-6.5937387081152794e-07, -2.6157619175825319e-07, 3.8437587097600537e-07, 1.3753242859060339e-07, 2.0465345354643443e-07, -9.5081166025647005e-07, -7.5517225835256607e-07, -4.3876478256530491e-09, 1.0000053657535279e+00, -1.2757306707549920e-07, 3.1398449058977867e-08, 1.8287854425669423e-07, -3.9079056418068833e-07, -1.0525803861436594e-06, 7.5729274943864575e-07, -9.9994012460148510e-07},
    {3.3905177846855925e-07, 6.7254365229345252e-07, 1.6652907696285294e-06, -9.4539363416608047e-07, -1.3480831553148704e-06, 3.6711232115657331e-07, -8.2125427998590732e-07, -8.2004218388574437e-07, -1.2757306707438024e-07, 1.0000044111867261e+00, 6.5353601046048210e-07, -1.7291564462000325e-07, 1.0557194274493952e-06, 1.4456650959336179e-07, 7.3153348748077435e-07, -8.9492298705037290e-07},
    {-4.5620097923226662e-07, 1.9776826464664796e-07, -4.9855676173137498e-07, 3.7003596172835623e-07, -5.4956249213006360e-07, 4.5215302703120285e-07, 2.7779206494621291e-07, 8.4326174795154419e-07, 3.1398449051906988e-08, 6.5353601046820344e-07, 1.0000055757024300e+00, 8.4495158905255956e-07, -1.4922982357213760e-06, -3.6945339700441336e-07, 9.7501981467917502e-07, 1.1783475556482831e-06},
    {4.3997548546240030e-08, -7.4508676054617532e-07, -4.3324227667723892e-07, -1.7582914170235709e-07, -2.6872346355624627e-07, -2.9069508393477299e-07, -5.7006020695605648e-07, -2.8177096401775108e-07, 1.8287854429028329e-07, -1.7291564462232658e-07, 8.4495158904675177e-07, 1.0000054683225574e+00, -3.1267356477925641e-07, -1.0124706231547090e-06, 9.3695519567855638e-07, 1.3331722678088350e-06},
    {-1.2376075952495354e-06, 4.3477184377832167e-07, 1.8182891594664964e-06, 3.4711807836943725e-07, 3.5949316324980255e-07, -1.3019943565449533e-06, -1.3170634020497472e-06, 4.1182844925281780e-08, -3.9079056422534084e-07, 1.0557194274817680e-06, -1.4922982357194430e-06, -3.1267356478288271e-07, 1.0000049015625747e+00, 2.8036858255366060e-07, -9.2311671514808652e-07, -4.6579344608255435e-09},
    {1.4112346727596739e-06, 7.1505398968974942e-07, -2.1267326619241166e-07, -2.7566983539906556e-07, 7.5857989482212228e-07, -2.8993336058555881e-07, -7.1340717611886753e-07, -4.4008019413872909e-07, -1.0525803861341570e-06, 1.4456650958977776e-07, -3.6945339698988595e-07, -1.0124706231458456e-06, 2.8036858252776236e-07, 1.0000048725899366e+00, -7.2726604585430936e-07, -2.0231991640744621e-07},
    {-2.3200275103285502e-07, 2.5397139461803274e-07, 9.2199507976180329e-07, 1.8002929482062110e-06, 7.3524646643361201e-07, 1.0914592631218776e-06, 9.9474140062334650e-08, -5.0653195381407057e-07, 7.5729274940558711e-07, 7.3153348745700396e-07, 9.7501981467897935e-07, 9.3695519568126911e-07, -9.2311671514886728e-07, -7.2726604583363741e-07, 1.0000053416666326e+00, -2.9842705023978502e-07},
    {1.9544990148601181e-07, 1.0691181541661084e-07, -1.0845355686875290e-06, -9.2208759671562598e-07, -9.6799626924233677e-07, -6.6764001801499743e-07, 1.0242454157261045e-07, -3.2558266327069252e-07, -9.9994012461157051e-07, -8.9492298705585076e-07, 1.1783475556507062e-06, 1.3331722678149169e-06, -4.6579344921181401e-09, -2.0231991643283925e-07, -2.9842705025232635e-07, 1.0000053753857898e+00}
}}};

static constexpr auto result = eigvals(mat);

int main() { return 0; }
