#include "../../consteig.hpp"

using namespace consteig;

static constexpr Matrix<double, 16, 16> mat
{{{
    {1.0000000000000002e+00, -8.8268914013526234e-17, -1.3220074260546767e-17, 1.4091424628609641e-16, 5.4147404866936509e-17, -6.4721899722113575e-17, -9.7827978351940305e-17, 9.3711246781338084e-17, -5.8290219190736629e-17, -4.7128069894147067e-17, -5.4578406215955026e-17, -1.1395225527696985e-16, 1.1610547540684343e-16, 2.9327114705812970e-17, -1.4691111833152199e-16, -9.9774265635279265e-17},
    {-8.8268914013526234e-17, 1.0000000000000002e+00, 1.2952736382325425e-16, 6.6794530221511557e-17, 9.3533702259680218e-17, -5.0709635033711502e-17, 3.9865527745504310e-17, -1.0656756077393785e-16, 1.1649050090051034e-16, -3.2025094563922124e-17, 6.9283235049720496e-17, -5.7551502452655644e-17, -1.2704997130976890e-16, -1.2290244277455391e-16, -1.1694386631387013e-16, 3.9981885408196856e-19},
    {-1.3220074260546767e-17, 1.2952736382325425e-16, 1.0000000000000002e+00, -1.2399790369013902e-16, 5.0143178805190392e-17, -6.7234689413828649e-17, 1.6100660093902519e-16, -1.1018168740715651e-16, 5.8115538074694597e-18, -1.0773611685961887e-17, -1.2307751323286884e-16, -1.7337204183255144e-16, 6.1530680108222188e-17, -1.6097864522973567e-16, 5.7375419929082113e-17, -1.8119766962478195e-17},
    {1.4091424628609641e-16, 6.6794530221511557e-17, -1.2399790369013902e-16, 1.0000000000000000e+00, -5.3601712731001527e-17, -1.0370513311281756e-16, -2.9037985486152609e-17, 1.0807058647560307e-16, -7.0782747193564491e-17, 8.6321058472315239e-17, 3.0769303319645636e-17, 2.9133483942659986e-17, -6.4089461936857130e-17, -5.3596483949481879e-17, -8.4838445101856054e-17, 7.5958541324198886e-17},
    {5.4147404866936509e-17, 9.3533702259680218e-17, 5.0143178805190392e-17, -5.3601712731001527e-17, 1.0000000000000004e+00, 3.6431178730178796e-17, -4.0548657329335030e-17, -9.1687490880583328e-17, -2.3365123341466077e-17, -1.7001616287971263e-16, -6.8315083238970474e-17, -1.0990502384408192e-16, 7.4271654259838290e-18, 7.1355868490631194e-17, 1.0958557626808179e-16, -1.8483163036842101e-16},
    {-6.4721899722113575e-17, -5.0709635033711502e-17, -6.7234689413828649e-17, -1.0370513311281756e-16, 3.6431178730178796e-17, 1.0000000000000000e+00, 2.1697344183716099e-17, 5.2212772807383136e-17, 7.8882818066822640e-17, -7.0980762415830361e-17, -4.2160295617476072e-17, -5.0374740589884599e-17, 6.6448817451735102e-17, 1.4633885731745402e-16, -7.7268967614597636e-18, -4.5561153631988538e-17},
    {-9.7827978351940305e-17, 3.9865527745504310e-17, 1.6100660093902519e-16, -2.9037985486152609e-17, -4.0548657329335030e-17, 2.1697344183716099e-17, 9.9999999999999989e-01, 3.0875524658867745e-18, -2.0297159086568188e-17, 8.1136685382986941e-18, 1.0950532034758741e-16, 1.3972566853907005e-17, -1.6992264590249001e-16, -6.5927320455528033e-17, -1.1023408481119050e-16, -1.0151982476293377e-17},
    {9.3711246781338084e-17, -1.0656756077393785e-16, -1.1018168740715651e-16, 1.0807058647560307e-16, -9.1687490880583328e-17, 5.2212772807383136e-17, 3.0875524658867745e-18, 1.0000000000000000e+00, -5.4758089792238757e-17, 3.4931667886179895e-17, -6.0076444096026262e-17, 1.6594423099901431e-16, -1.4040528498915643e-16, 3.4666955854892918e-17, -5.6450773847841475e-17, 4.8546752164132942e-18},
    {-5.8290219190736629e-17, 1.1649050090051034e-16, 5.8115538074694597e-18, -7.0782747193564491e-17, -2.3365123341466077e-17, 7.8882818066822640e-17, -2.0297159086568188e-17, -5.4758089792238757e-17, 1.0000000000000004e+00, -8.7518400481277741e-18, 5.9756312678430643e-18, 9.7781796090397297e-17, 5.8297251195796980e-17, 3.1193038451221400e-17, 5.7900017707294501e-17, -8.8077540913112037e-17},
    {-4.7128069894147067e-17, -3.2025094563922124e-17, -1.0773611685961887e-17, 8.6321058472315239e-17, -1.7001616287971263e-16, -7.0980762415830361e-17, 8.1136685382986941e-18, 3.4931667886179895e-17, -8.7518400481277741e-18, 9.9999999999999989e-01, 4.0797330778548544e-17, 2.2849674401528928e-18, 1.3598016517494974e-17, -1.0831613544206372e-16, -3.8436161103013399e-17, 1.5141033389557974e-16},
    {-5.4578406215955026e-17, 6.9283235049720496e-17, -1.2307751323286884e-16, 3.0769303319645636e-17, -6.8315083238970474e-17, -4.2160295617476072e-17, 1.0950532034758741e-16, -6.0076444096026262e-17, 5.9756312678430643e-18, 4.0797330778548544e-17, 1.0000000000000000e+00, -2.9194156477973995e-18, -9.2081819798963540e-18, 3.6675104699049656e-17, -1.6502324504167646e-16, -8.5038194511176931e-17},
    {-1.1395225527696985e-16, -5.7551502452655644e-17, -1.7337204183255144e-16, 2.9133483942659986e-17, -1.0990502384408192e-16, -5.0374740589884599e-17, 1.3972566853907005e-17, 1.6594423099901431e-16, 9.7781796090397297e-17, 2.2849674401528928e-18, -2.9194156477973995e-18, 1.0000000000000000e+00, -1.4175643055937916e-16, 1.1547627641513138e-16, 2.7006877119906095e-17, 5.8355673146222556e-17},
    {1.1610547540684343e-16, -1.2704997130976890e-16, 6.1530680108222188e-17, -6.4089461936857130e-17, 7.4271654259838290e-18, 6.6448817451735102e-17, -1.6992264590249001e-16, -1.4040528498915643e-16, 5.8297251195796980e-17, 1.3598016517494974e-17, -9.2081819798963540e-18, -1.4175643055937916e-16, 1.0000000000000000e+00, -5.7408021534857134e-17, -2.8736074993495272e-17, -6.3853207605324339e-17},
    {2.9327114705812970e-17, -1.2290244277455391e-16, -1.6097864522973567e-16, -5.3596483949481879e-17, 7.1355868490631194e-17, 1.4633885731745402e-16, -6.5927320455528033e-17, 3.4666955854892918e-17, 3.1193038451221400e-17, -1.0831613544206372e-16, 3.6675104699049656e-17, 1.1547627641513138e-16, -5.7408021534857134e-17, 1.0000000000000002e+00, -4.7660254163496621e-17, -6.4538450323083449e-17},
    {-1.4691111833152199e-16, -1.1694386631387013e-16, 5.7375419929082113e-17, -8.4838445101856054e-17, 1.0958557626808179e-16, -7.7268967614597636e-18, -1.1023408481119050e-16, -5.6450773847841475e-17, 5.7900017707294501e-17, -3.8436161103013399e-17, -1.6502324504167646e-16, 2.7006877119906095e-17, -2.8736074993495272e-17, -4.7660254163496621e-17, 1.0000000000000000e+00, -8.5429096301715495e-17},
    {-9.9774265635279265e-17, 3.9981885408196856e-19, -1.8119766962478195e-17, 7.5958541324198886e-17, -1.8483163036842101e-16, -4.5561153631988538e-17, -1.0151982476293377e-17, 4.8546752164132942e-18, -8.8077540913112037e-17, 1.5141033389557974e-16, -8.5038194511176931e-17, 5.8355673146222556e-17, -6.3853207605324339e-17, -6.4538450323083449e-17, -8.5429096301715495e-17, 1.0000000000000000e+00}
}}};

static constexpr auto result = eigvals(mat);

int main() { return 0; }
