#include "../../consteig.hpp"

using namespace consteig;

static constexpr Matrix<double, 16, 16> mat
{{{
    {1.0000000000000002e+00, -1.8469533837183125e-18, 4.1790560052371675e-17, 8.0149056125666551e-17, -1.4026120999232644e-16, -8.1684863053717212e-17, 1.0621389316160107e-16, -2.6175508678291926e-16, 1.1090641409449247e-16, 1.6150181775654435e-16, -1.9470172004637453e-17, -5.5143933328139610e-17, 1.4304017138596471e-16, -4.4244575346120556e-17, 1.6974441037923834e-16, -8.7724869269170116e-17},
    {-1.8469533837183125e-18, 1.0000000000000002e+00, 1.2566709609139373e-16, 3.2268407992760653e-16, -6.2955893976280477e-17, 6.1250209692021389e-17, 1.1001689890751193e-17, -1.4147790060532585e-17, -1.7248504008741725e-16, -7.5575987383981149e-17, -6.0984834559844716e-17, 7.0543083378183301e-17, -8.1536629445188855e-17, 1.9416181194536238e-17, 3.6383092795367885e-17, -1.6196806804438039e-16},
    {4.1790560052371675e-17, 1.2566709609139373e-16, 1.0000000000000007e+00, -1.3397351091425379e-16, -1.3045406691481533e-16, 7.0222830128089631e-17, 2.8011892248036745e-17, -1.6987207344239043e-16, -2.2637727615342167e-16, -3.3888098989154826e-16, 1.8093224587233058e-16, 2.1829873180727284e-16, 1.5430441948018258e-16, -8.1048656594945406e-17, -3.7172520672013267e-17, 5.9717880062506354e-17},
    {8.0149056125666551e-17, 3.2268407992760653e-16, -1.3397351091425379e-16, 1.0000000000000002e+00, -2.1836560870538908e-17, -8.2848460988147827e-17, 3.7133851557024699e-18, -6.1907893321657318e-17, -7.1790229096536833e-17, 1.1967434831912554e-16, 3.0677260131528653e-17, 1.7667272665131083e-17, 2.3655085903948506e-17, 1.1427762458028147e-16, 9.6369073738538552e-18, -9.9207042521440159e-17},
    {-1.4026120999232644e-16, -6.2955893976280477e-17, -1.3045406691481533e-16, -2.1836560870538908e-17, 1.0000000000000002e+00, 5.6379336515110796e-18, -3.8026926521935038e-17, -1.1067507827936813e-16, -8.4572696495781097e-17, 7.7414109715784296e-17, -6.7786044076091233e-17, -2.4434987126026605e-17, -1.1597638812554097e-17, 5.0174813653875301e-17, 1.9147494163199375e-17, -1.9073702236645205e-16},
    {-8.1684863053717212e-17, 6.1250209692021389e-17, 7.0222830128089631e-17, -8.2848460988147827e-17, 5.6379336515110796e-18, 1.0000000000000000e+00, -2.3691684057802575e-17, 1.9754339542634215e-16, 7.4174642825147592e-17, -4.7628907628322564e-17, -2.0912351160420674e-17, 1.3436509779071622e-16, -1.0804772373068873e-16, -6.7684284046813294e-17, -4.7810343713557196e-17, -1.2076885329409622e-17},
    {1.0621389316160107e-16, 1.1001689890751193e-17, 2.8011892248036745e-17, 3.7133851557024699e-18, -3.8026926521935038e-17, -2.3691684057802575e-17, 1.0000000000000002e+00, 6.7697302012278290e-17, 1.3629145692915222e-16, 1.6311295516178439e-17, 4.4040387933970375e-17, 8.2731812323719253e-17, 5.4138588617112176e-17, -1.0666017920786168e-16, -2.1067498287759770e-17, 5.3172600608133245e-17},
    {-2.6175508678291926e-16, -1.4147790060532585e-17, -1.6987207344239043e-16, -6.1907893321657318e-17, -1.1067507827936813e-16, 1.9754339542634215e-16, 6.7697302012278290e-17, 1.0000000000000002e+00, 4.7214177763544226e-18, 7.0203666112527979e-18, -5.7812591386586926e-17, -5.6532621060692192e-17, -1.8580760626300695e-16, -9.4367348481237101e-17, 1.9904636215420585e-17, 3.7770440884207660e-17},
    {1.1090641409449247e-16, -1.7248504008741725e-16, -2.2637727615342167e-16, -7.1790229096536833e-17, -8.4572696495781097e-17, 7.4174642825147592e-17, 1.3629145692915222e-16, 4.7214177763544226e-18, 1.0000000000000000e+00, 9.8205640146118061e-17, 4.8463866623552506e-17, -6.1811793548472106e-17, 1.1566200421154003e-16, -1.3282777245620393e-17, -6.8439503361171445e-17, 2.1150508215254045e-17},
    {1.6150181775654435e-16, -7.5575987383981149e-17, -3.3888098989154826e-16, 1.1967434831912554e-16, 7.7414109715784296e-17, -4.7628907628322564e-17, 1.6311295516178439e-17, 7.0203666112527979e-18, 9.8205640146118061e-17, 1.0000000000000004e+00, -3.1961033456530540e-17, -5.4334969730488154e-17, -4.0955662942830091e-17, 5.5594741616262551e-17, 1.3696185647721989e-16, 4.8323468993303451e-17},
    {-1.9470172004637453e-17, -6.0984834559844716e-17, 1.8093224587233058e-16, 3.0677260131528653e-17, -6.7786044076091233e-17, -2.0912351160420674e-17, 4.4040387933970375e-17, -5.7812591386586926e-17, 4.8463866623552506e-17, -3.1961033456530540e-17, 1.0000000000000002e+00, 1.2396592944225906e-16, 4.5981739904470243e-17, -3.8867932266930830e-17, 1.6448744709876442e-17, 1.4401038500059947e-17},
    {-5.5143933328139610e-17, 7.0543083378183301e-17, 2.1829873180727284e-16, 1.7667272665131083e-17, -2.4434987126026605e-17, 1.3436509779071622e-16, 8.2731812323719253e-17, -5.6532621060692192e-17, -6.1811793548472106e-17, -5.4334969730488154e-17, 1.2396592944225906e-16, 9.9999999999999989e-01, 1.0470124834625485e-16, -1.5864269863954230e-16, 1.8230177708759116e-17, 4.3724602171771052e-17},
    {1.4304017138596471e-16, -8.1536629445188855e-17, 1.5430441948018258e-16, 2.3655085903948506e-17, -1.1597638812554097e-17, -1.0804772373068873e-16, 5.4138588617112176e-17, -1.8580760626300695e-16, 1.1566200421154003e-16, -4.0955662942830091e-17, 4.5981739904470243e-17, 1.0470124834625485e-16, 1.0000000000000000e+00, -1.1214283321414492e-16, -4.8470396538043128e-17, 6.8170142531664463e-17},
    {-4.4244575346120556e-17, 1.9416181194536238e-17, -8.1048656594945406e-17, 1.1427762458028147e-16, 5.0174813653875301e-17, -6.7684284046813294e-17, -1.0666017920786168e-16, -9.4367348481237101e-17, -1.3282777245620393e-17, 5.5594741616262551e-17, -3.8867932266930830e-17, -1.5864269863954230e-16, -1.1214283321414492e-16, 1.0000000000000000e+00, 2.3768334937564115e-17, 3.5248163356236631e-17},
    {1.6974441037923834e-16, 3.6383092795367885e-17, -3.7172520672013267e-17, 9.6369073738538552e-18, 1.9147494163199375e-17, -4.7810343713557196e-17, -2.1067498287759770e-17, 1.9904636215420585e-17, -6.8439503361171445e-17, 1.3696185647721989e-16, 1.6448744709876442e-17, 1.8230177708759116e-17, -4.8470396538043128e-17, 2.3768334937564115e-17, 9.9999999999999989e-01, -7.2448339033141385e-17},
    {-8.7724869269170116e-17, -1.6196806804438039e-16, 5.9717880062506354e-17, -9.9207042521440159e-17, -1.9073702236645205e-16, -1.2076885329409622e-17, 5.3172600608133245e-17, 3.7770440884207660e-17, 2.1150508215254045e-17, 4.8323468993303451e-17, 1.4401038500059947e-17, 4.3724602171771052e-17, 6.8170142531664463e-17, 3.5248163356236631e-17, -7.2448339033141385e-17, 1.0000000000000002e+00}
}}};

static constexpr auto result = eigvals(mat);

int main() { return 0; }
