#include "../../consteig.hpp"

using namespace consteig;

static constexpr Matrix<double, 16, 16> mat
{{{
    {-9.2689357697963715e-03, -1.9304986000061035e+00, 3.2378959655761719e-01, -7.2127336263656616e-01, -2.6188147068023682e-01, 3.0806666612625122e-01, 3.3888870477676392e-01, 7.4517421424388885e-02, -1.1773109436035156e+00, -1.2654546499252319e+00, -6.7729771137237549e-01, -8.0024930834770203e-01, 1.5959704518318176e+00, 5.9437021613121033e-01, -1.1997767686843872e+00, -1.3150318861007690e+00},
    {2.4910192936658859e-02, -2.1916255950927734e+00, 3.3362081646919250e-01, -1.4129785299301147e+00, 6.7225158214569092e-01, -2.6761156320571899e-01, 3.1773366928100586e+00, -1.3591418266296387e+00, -1.2654546499252319e+00, 2.3463578224182129e+00, 1.4342778772115707e+00, -7.1226267144083977e-02, -3.1981267966330051e-01, 6.7042692750692368e-01, -2.2181602716445923e+00, 5.1383268833160400e-01},
    {-1.1815797090530396e+00, 1.5056532621383667e+00, -1.1321680992841721e-01, -1.0539972782135010e+00, -9.8010599613189697e-01, 3.7152954936027527e-01, 6.4837193489074707e-01, -4.3821060657501221e-01, -6.7729771137237549e-01, 1.4342778772115707e+00, 8.6208468675613403e-01, -8.0327250063419342e-01, 1.2168120443820953e+00, 1.3778073191642761e+00, -2.4729264974594116e+00, 1.5718116164207458e+00},
    {1.2761869430541992e+00, 6.9642287492752075e-01, -2.0194621086120605e+00, 6.5432167053222656e-01, -3.3683350682258606e-01, 1.1185560226440430e+00, -1.5819393396377563e+00, 1.6972260475158691e+00, -8.0024930834770203e-01, -7.1226267144083977e-02, -8.0327250063419342e-01, 2.2131190299987793e+00, -5.8049809932708740e-01, -1.3684542477130890e+00, 2.9701444506645203e-01, 3.0094352960586548e+00},
    {2.2190384864807129e+00, 7.7023440599441528e-01, 3.5402711480855942e-02, -9.3840020895004272e-01, 7.6512223482131958e-01, -8.4391063451766968e-01, 1.4549390971660614e-01, -2.2043612599372864e-01, 1.5959704518318176e+00, -3.1981267966330051e-01, 1.2168120443820953e+00, -5.8049809932708740e-01, -1.8877288103103638e+00, 4.9926340579986572e-01, 4.0419230982661247e-01, -1.3244070410728455e+00},
    {4.9527278169989586e-03, -6.7821079492568970e-01, -2.3316938877105713e+00, -1.6446091234683990e-01, 1.9062428474426270e+00, -3.0819126963615417e-01, 7.0271027088165283e-01, 1.0627145767211914e+00, 5.9437021613121033e-01, 6.7042692750692368e-01, 1.3778073191642761e+00, -1.3684542477130890e+00, 4.9926340579986572e-01, 6.4977973699569702e-01, 1.3802386820316315e+00, -3.1390416622161865e-01},
    {1.1279727518558502e-01, -1.3327182829380035e-01, -7.7530670166015625e-01, -3.1457501649856567e-01, 2.8153908252716064e-01, -9.1751468181610107e-01, 2.1767447888851166e-01, 4.6031570434570312e-01, -1.1997767686843872e+00, -2.2181602716445923e+00, -2.4729264974594116e+00, 2.9701444506645203e-01, 4.0419230982661247e-01, 1.3802386820316315e+00, 1.5019073486328125e+00, -1.9339299201965332e+00},
    {-1.8772412836551666e-01, 1.3739650249481201e+00, 1.0479859113693237e+00, 7.5542879104614258e-01, 5.0863987207412720e-01, -1.1204355955123901e+00, -8.7897413969039917e-01, 5.0978761911392212e-01, -1.3150318861007690e+00, 5.1383268833160400e-01, 1.5718116164207458e+00, 3.0094352960586548e+00, -1.3244070410728455e+00, -3.1390416622161865e-01, -1.9339299201965332e+00, -8.6797535419464111e-01},
    {2.9720046520233154e+00, -6.0799086093902588e-01, -3.4168998897075653e-01, 3.7386789917945862e-01, 6.0121194273233414e-01, 5.1012463867664337e-01, -1.1922846734523773e+00, 6.1797916889190674e-02, 9.2689357697963715e-03, -2.4910192936658859e-02, 1.1815797090530396e+00, -1.2761869430541992e+00, -2.2190384864807129e+00, -4.9527278169989586e-03, -1.1279727518558502e-01, 1.8772412836551666e-01},
    {-6.0799086093902588e-01, 1.0879275798797607e+00, 1.6955375671386719e+00, -8.4385824203491211e-01, -1.6378659904003143e+00, 1.7302165329456329e+00, 1.2013055682182312e+00, -3.5444813966751099e-01, 1.9304986000061035e+00, 2.1916255950927734e+00, -1.5056532621383667e+00, -6.9642287492752075e-01, -7.7023440599441528e-01, 6.7821079492568970e-01, 1.3327182829380035e-01, -1.3739650249481201e+00},
    {-3.4168998897075653e-01, 1.6955375671386719e+00, 1.8548855781555176e+00, 8.1155589222908020e-01, -1.1494876146316528e+00, -2.0573726892471313e+00, -3.1993941068649292e+00, -1.2384834885597229e+00, -3.2378959655761719e-01, -3.3362081646919250e-01, 1.1321680992841721e-01, 2.0194621086120605e+00, -3.5402711480855942e-02, 2.3316938877105713e+00, 7.7530670166015625e-01, -1.0479859113693237e+00},
    {3.7386789917945862e-01, -8.4385824203491211e-01, 8.1155589222908020e-01, 3.5313612222671509e-01, -2.6245899200439453e+00, 1.5567662566900253e-01, 6.2883955240249634e-01, 7.8020550310611725e-02, 7.2127336263656616e-01, 1.4129785299301147e+00, 1.0539972782135010e+00, -6.5432167053222656e-01, 9.3840020895004272e-01, 1.6446091234683990e-01, 3.1457501649856567e-01, -7.5542879104614258e-01},
    {6.0121194273233414e-01, -1.6378659904003143e+00, -1.1494876146316528e+00, -2.6245899200439453e+00, -8.8162201642990112e-01, -3.0761617422103882e-01, -7.6325058937072754e-02, 2.0014274120330811e+00, 2.6188147068023682e-01, -6.7225158214569092e-01, 9.8010599613189697e-01, 3.3683350682258606e-01, -7.6512223482131958e-01, -1.9062428474426270e+00, -2.8153908252716064e-01, -5.0863987207412720e-01},
    {5.1012463867664337e-01, 1.7302165329456329e+00, -2.0573726892471313e+00, 1.5567662566900253e-01, -3.0761617422103882e-01, 1.0346653461456299e+00, -2.2686597108840942e+00, -1.6076853871345520e+00, -3.0806666612625122e-01, 2.6761156320571899e-01, -3.7152954936027527e-01, -1.1185560226440430e+00, 8.4391063451766968e-01, 3.0819126963615417e-01, 9.1751468181610107e-01, 1.1204355955123901e+00},
    {-1.1922846734523773e+00, 1.2013055682182312e+00, -3.1993941068649292e+00, 6.2883955240249634e-01, -7.6325058937072754e-02, -2.2686597108840942e+00, 2.1220819950103760e+00, -4.4664269685745239e+00, -3.3888870477676392e-01, -3.1773366928100586e+00, -6.4837193489074707e-01, 1.5819393396377563e+00, -1.4549390971660614e-01, -7.0271027088165283e-01, -2.1767447888851166e-01, 8.7897413969039917e-01},
    {6.1797916889190674e-02, -3.5444813966751099e-01, -1.2384834885597229e+00, 7.8020550310611725e-02, 2.0014274120330811e+00, -1.6076853871345520e+00, -4.4664269685745239e+00, 2.1380889415740967e+00, -7.4517421424388885e-02, 1.3591418266296387e+00, 4.3821060657501221e-01, -1.6972260475158691e+00, 2.2043612599372864e-01, -1.0627145767211914e+00, -4.6031570434570312e-01, -5.0978761911392212e-01}
}}};

static constexpr auto result = eigvals(mat);

int main() { return 0; }
