#include "../../consteig.hpp"

using namespace consteig;

static constexpr Matrix<double, 8, 8> mat
{{{
    {1.0000000000000002e+00, -6.1806552949389287e-17, 4.8206074818950089e-17, 2.1751077093555052e-16, 5.0075219684215549e-18, -6.1543588987438706e-17, -6.2684013147950683e-17, 1.2523562831173005e-16},
    {-6.1806552949389287e-17, 1.0000000000000000e+00, 2.3506949505206382e-17, -8.1115363637501627e-17, 1.5618786403721868e-16, 2.0774080715619090e-16, 8.4661714152576031e-18, -1.7976637497869425e-17},
    {4.8206074818950089e-17, 2.3506949505206382e-17, 1.0000000000000000e+00, 3.2729735568561553e-17, 1.3674914033920096e-16, 8.4943694149671774e-17, 3.1000203339032661e-18, 1.1949806684363969e-16},
    {2.1751077093555052e-16, -8.1115363637501627e-17, 3.2729735568561553e-17, 1.0000000000000002e+00, 2.1303377675343327e-16, 1.0377236857066134e-16, 1.2574550086396199e-16, 1.3588695460366768e-16},
    {5.0075219684215549e-18, 1.5618786403721868e-16, 1.3674914033920096e-16, 2.1303377675343327e-16, 9.9999999999999978e-01, -2.4315547330721017e-16, -1.6872048222711023e-16, 1.3109936526400898e-16},
    {-6.1543588987438706e-17, 2.0774080715619090e-16, 8.4943694149671774e-17, 1.0377236857066134e-16, -2.4315547330721017e-16, 9.9999999999999989e-01, -2.1417079663760502e-16, 1.0347240226882722e-16},
    {-6.2684013147950683e-17, 8.4661714152576031e-18, 3.1000203339032661e-18, 1.2574550086396199e-16, -1.6872048222711023e-16, -2.1417079663760502e-16, 1.0000000000000000e+00, 2.6318952308307699e-17},
    {1.2523562831173005e-16, -1.7976637497869425e-17, 1.1949806684363969e-16, 1.3588695460366768e-16, 1.3109936526400898e-16, 1.0347240226882722e-16, 2.6318952308307699e-17, 1.0000000000000000e+00}
}}};

static constexpr auto result = eigvals(mat);

int main() { return 0; }
