#include "../../consteig.hpp"

using namespace consteig;

static constexpr Matrix<double, 12, 12> mat
{{{
    {1.0000000000000002e+00, 1.0860477570172700e-16, 3.0720658181877151e-16, 7.0832906316589774e-17, 2.4232003400995437e-16, 2.8174324933297381e-16, -2.5337926057796271e-16, -6.7768643430360402e-17, -2.8557346703067508e-16, -1.2294144773812707e-16, -1.1248440220640801e-16, 1.7878463264904082e-16},
    {1.0860477570172700e-16, 9.9999999999999956e-01, -2.6834532591378977e-16, -1.7111416261912132e-16, 5.3049694006784850e-17, 5.2460814251843591e-17, 9.5547116995942209e-17, -1.0957073323445019e-16, 5.1146109244023200e-17, 5.2774120584248730e-17, -4.4069790572270357e-17, 1.7145183023777495e-16},
    {3.0720658181877151e-16, -2.6834532591378977e-16, 9.9999999999999978e-01, -8.1079364465870102e-17, -1.3849738746015916e-16, -9.6850669438167977e-17, 1.9604995694563750e-16, -1.8033398686224475e-16, 8.6335326630338813e-17, 1.1017405154112461e-16, -1.7963725477875252e-16, 2.2147504960876496e-16},
    {7.0832906316589774e-17, -1.7111416261912132e-16, -8.1079364465870102e-17, 1.0000000000000000e+00, 1.6457088450823263e-17, -1.3352094200263452e-16, -2.1363089834323585e-17, 6.2367547899671646e-17, -5.8691476082796633e-17, 4.6332405694663441e-17, -2.3968648528890255e-16, 1.2056797696156759e-17},
    {2.4232003400995437e-16, 5.3049694006784850e-17, -1.3849738746015916e-16, 1.6457088450823263e-17, 9.9999999999999978e-01, 4.2541292375695685e-18, -1.3455828379892520e-17, -4.9249115216489130e-17, -1.7258798412327939e-16, -7.7320240909106306e-17, -2.1139544568415177e-17, 1.0452787098239544e-16},
    {2.8174324933297381e-16, 5.2460814251843591e-17, -9.6850669438167977e-17, -1.3352094200263452e-16, 4.2541292375695685e-18, 9.9999999999999989e-01, -2.0185853246970323e-17, 1.2758044410060776e-16, -1.8774221116181984e-16, 8.5919569543620500e-17, -7.2801590507763650e-17, -6.9925273028566621e-17},
    {-2.5337926057796271e-16, 9.5547116995942209e-17, 1.9604995694563750e-16, -2.1363089834323585e-17, -1.3455828379892520e-17, -2.0185853246970323e-17, 9.9999999999999967e-01, 1.0983122756235226e-16, -1.1337674710946871e-17, 8.3093064069976233e-17, 3.3003460838082516e-17, -1.4018920895983309e-16},
    {-6.7768643430360402e-17, -1.0957073323445019e-16, -1.8033398686224475e-16, 6.2367547899671646e-17, -4.9249115216489130e-17, 1.2758044410060776e-16, 1.0983122756235226e-16, 9.9999999999999978e-01, -2.5448504996754515e-16, 2.2329680437344045e-16, -2.8460025605003844e-16, 3.4752835591525315e-17},
    {-2.8557346703067508e-16, 5.1146109244023200e-17, 8.6335326630338813e-17, -5.8691476082796633e-17, -1.7258798412327939e-16, -1.8774221116181984e-16, -1.1337674710946871e-17, -2.5448504996754515e-16, 1.0000000000000000e+00, -1.4756473059959019e-16, 2.5670534025702852e-17, 8.9041866309114769e-17},
    {-1.2294144773812707e-16, 5.2774120584248730e-17, 1.1017405154112461e-16, 4.6332405694663441e-17, -7.7320240909106306e-17, 8.5919569543620500e-17, 8.3093064069976233e-17, 2.2329680437344045e-16, -1.4756473059959019e-16, 1.0000000000000002e+00, 1.4235714467187797e-16, -1.6816214975481507e-16},
    {-1.1248440220640801e-16, -4.4069790572270357e-17, -1.7963725477875252e-16, -2.3968648528890255e-16, -2.1139544568415177e-17, -7.2801590507763650e-17, 3.3003460838082516e-17, -2.8460025605003844e-16, 2.5670534025702852e-17, 1.4235714467187797e-16, 1.0000000000000000e+00, 1.4523715557353596e-16},
    {1.7878463264904082e-16, 1.7145183023777495e-16, 2.2147504960876496e-16, 1.2056797696156759e-17, 1.0452787098239544e-16, -6.9925273028566621e-17, -1.4018920895983309e-16, 3.4752835591525315e-17, 8.9041866309114769e-17, -1.6816214975481507e-16, 1.4523715557353596e-16, 1.0000000000000002e+00}
}}};

static constexpr auto result = eigvals(mat);

int main() { return 0; }
