#include "../../consteig.hpp"

using namespace consteig;

static constexpr Matrix<double, 8, 8> mat
{{{
    {1.0000058891328598e+00, -5.3912663558839960e-07, 6.9219254447574354e-07, 2.2368110543408507e-06, 5.4208564714755758e-07, 2.9908891993655063e-07, -3.4739102363728493e-07, -1.3805811344930392e-06},
    {-5.3912663562326866e-07, 1.0000027970572796e+00, 1.4496092261218676e-06, -1.2864028897618010e-06, -2.1652562441798998e-07, 8.1745636017874502e-07, -1.0920204983158596e-06, 1.4317448151946031e-06},
    {6.9219254448319309e-07, 1.4496092261059002e-06, 1.0000070388053541e+00, 6.0807636453078893e-07, 1.1527895934608586e-06, -1.0200225841981413e-06, 7.7316817258797895e-07, -1.8196164033693085e-06},
    {2.2368110542966297e-06, -1.2864028897235316e-06, 6.0807636453917996e-07, 1.0000039131684388e+00, 1.4592931137820296e-06, -1.0763420559391721e-06, 1.4309199290298460e-06, 2.9459997330443848e-07},
    {5.4208564722546576e-07, -2.1652562441361199e-07, 1.1527895934404023e-06, 1.4592931137696184e-06, 1.0000046491367747e+00, 1.1025767837578399e-06, 2.4052126384800287e-07, -7.8774205454470674e-07},
    {2.9908891990191090e-07, 8.1745636020155762e-07, -1.0200225842009041e-06, -1.0763420559356050e-06, 1.1025767837475481e-06, 1.0000068949513654e+00, -1.6871362739791575e-06, 1.4160470910971105e-07},
    {-3.4739102364963488e-07, -1.0920204983023572e-06, 7.7316817255795089e-07, 1.4309199290246810e-06, 2.4052126388554035e-07, -1.6871362740458797e-06, 1.0000046127575479e+00, 1.5462176018998600e-06},
    {-1.3805811345048864e-06, 1.4317448151938530e-06, -1.8196164033616073e-06, 2.9459997329994518e-07, -7.8774205455176697e-07, 1.4160470907559179e-07, 1.5462176019020589e-06, 1.0000042049903806e+00}
}}};

static constexpr auto result = eigvals(mat);

int main() { return 0; }
