#include "../../consteig.hpp"

using namespace consteig;

static constexpr Matrix<double, 12, 12> mat
{{{
    {1.0000021801931589e+00, 2.9729347893771624e-07, -5.7455451685703190e-07, -4.5650663505271247e-07, -7.7064628206881512e-07, -6.8365251650413721e-07, 9.2829140189840910e-07, -1.4017541647775771e-08, 6.9541823291779684e-07, -7.2581186043832910e-07, 6.6618402066573822e-08, -3.7875944667009156e-07},
    {2.9729347896213027e-07, 1.0000052924384450e+00, -6.1414331226225063e-08, -8.1304337523649996e-07, -1.3823854470779049e-06, -9.6191960594993742e-07, -6.0445472818636460e-07, 6.1229334852843268e-07, -4.9396615289288865e-07, 4.9792130284607793e-07, 4.6435793891032870e-07, -1.1678442766570074e-06},
    {-5.7455451684098232e-07, -6.1414331235608388e-08, 1.0000046067798871e+00, 1.0248470963823156e-06, -8.3118485943289695e-07, -3.1261513472651793e-07, 3.7423785351364770e-07, -1.1241838589280481e-06, -1.6273341835884252e-08, 5.1729444964554974e-07, 1.5216992737126196e-06, 4.9748167983318262e-07},
    {-4.5650663507922101e-07, -8.1304337523888435e-07, 1.0248470964189993e-06, 1.0000041438034402e+00, 4.5256998636175892e-07, 1.9425083473949473e-06, 2.6372547737090307e-07, -1.6722698436981731e-06, -1.4145105822215059e-06, 1.0340663792208178e-06, 6.4445914654694674e-08, -7.1314201872209734e-07},
    {-7.7064628206828583e-07, -1.3823854470864547e-06, -8.3118485936861657e-07, 4.5256998637844970e-07, 1.0000051277576190e+00, 2.0342364271825183e-06, -5.2005558320841333e-07, 5.0480145517003128e-07, 1.5270449863016424e-07, -1.1651943651238227e-06, 3.8741946080599331e-07, -2.4609316101607229e-06},
    {-6.8365251652100396e-07, -9.6191960598119886e-07, -3.1261513474032636e-07, 1.9425083474087463e-06, 2.0342364271951175e-06, 1.0000058204161504e+00, 3.3250443014598953e-08, -1.8673129352926564e-07, 9.6610437819973900e-07, -1.3540594317781700e-06, -1.3466896829084467e-06, 1.4774908124834487e-06},
    {9.2829140192767378e-07, -6.0445472820522368e-07, 3.7423785349227145e-07, 2.6372547738768078e-07, -5.2005558320120720e-07, 3.3250443018460926e-08, 1.0000065300245524e+00, 1.5872448034971288e-07, -1.0404458214700047e-06, -5.2226671846444239e-07, 3.5618007083970139e-07, -3.9945407565438171e-07},
    {-1.4017541674185653e-08, 6.1229334851692606e-07, -1.1241838589392899e-06, -1.6722698436918415e-06, 5.0480145517065110e-07, -1.8673129352350523e-07, 1.5872448037219647e-07, 1.0000040120057330e+00, -6.4001082267386743e-07, -2.0770990589245562e-07, 2.7531516979193870e-07, -4.0735988698053961e-07},
    {6.9541823290411662e-07, -4.9396615288356737e-07, -1.6273341852369621e-08, -1.4145105822477021e-06, 1.5270449863038028e-07, 9.6610437819381443e-07, -1.0404458214823399e-06, -6.4001082262915489e-07, 1.0000064162275399e+00, 1.0355989851115800e-06, -1.1473086739246532e-07, 2.6812549121675373e-07},
    {-7.2581186042076312e-07, 4.9792130284416607e-07, 5.1729444964345164e-07, 1.0340663792049077e-06, -1.1651943651598731e-06, -1.3540594318034760e-06, -5.2226671846397483e-07, -2.0770990588477623e-07, 1.0355989851109843e-06, 1.0000040245473039e+00, -4.0291865719258571e-07, 1.1458100876482288e-07},
    {6.6618402065483267e-08, 4.6435793891592451e-07, 1.5216992737173596e-06, 6.4445914639506764e-08, 3.8741946082177507e-07, -1.3466896828932388e-06, 3.5618007084290985e-07, 2.7531516980569409e-07, -1.1473086737049251e-07, -4.0291865720153159e-07, 1.0000057676635068e+00, -1.0022997816966682e-06},
    {-3.7875944667042101e-07, -1.1678442766649905e-06, 4.9748167983378380e-07, -7.1314201871194427e-07, -2.4609316101447377e-06, 1.4774908124793903e-06, -3.9945407565164432e-07, -4.0735988700251948e-07, 2.6812549121767509e-07, 1.1458100875791103e-07, -1.0022997816720697e-06, 1.0000060781426643e+00}
}}};

static constexpr auto result = eigvals(mat);

int main() { return 0; }
