#include "../../consteig.hpp"

using namespace consteig;

static constexpr Matrix<double, 16, 16> mat
{{{
    {1.0000043368231510e+00, 1.4455955948047852e-07, -1.3939378736398279e-07, 1.6562911679376419e-07, 5.5579545496697584e-07, -7.2981408700321094e-07, -2.5316246384579492e-07, -4.5831023067580107e-07, 3.2906300041165699e-07, 5.2016707222906513e-07, -4.6091167324346866e-07, 7.3502852289495550e-07, 1.2045918006169519e-06, 1.7141888328027387e-07, 4.9641131968078918e-07, -3.8380938269858876e-07},
    {1.4455955950891990e-07, 1.0000053120536689e+00, 6.2399617110765191e-07, -7.2974900308186294e-07, 5.3652890230676081e-07, 1.0957037060019131e-06, -8.8777918911814648e-07, 3.0085318768617468e-07, 5.4586041798081229e-07, -5.6947588104672189e-07, 1.1572562919071370e-06, 1.2532053625313511e-07, 8.0859730080353900e-07, 5.4682483924005390e-07, 5.0583466194355282e-07, 7.9537120700890972e-07},
    {-1.3939378736849560e-07, 6.2399617110446749e-07, 1.0000047328390294e+00, 2.1300565256172210e-07, -1.1384051473876809e-07, -4.2070378677166202e-07, -3.6477460769356359e-07, -5.1843896335556238e-07, -6.4286542690809795e-07, -3.8622346388860351e-07, 4.1722318655003862e-07, -6.2772975558825886e-07, 2.8360842936512128e-07, -6.3803586831522750e-07, 8.3958986495945068e-07, 1.7099331984568799e-07},
    {1.6562911678946756e-07, -7.2974900313607898e-07, 2.1300565253302976e-07, 1.0000038041783428e+00, -7.7783873355650911e-07, -4.2561405044849504e-07, 5.9741005444423653e-07, 6.1159818326295563e-07, 1.0070197198290175e-06, -6.5491072443215199e-07, 2.1878278700368947e-07, -1.1238427048258610e-06, 2.8862227972173899e-08, -9.1092370845221348e-07, -9.3238427392480527e-07, 1.3910517337121502e-06},
    {5.5579545497178307e-07, 5.3652890229311913e-07, -1.1384051472283436e-07, -7.7783873356343752e-07, 1.0000042579599087e+00, -3.7446095894356662e-08, -4.3988258521712657e-07, -6.8662039958831288e-07, 1.6780210101337008e-07, -9.7487500922168891e-07, -9.5636657012498768e-07, 7.7649440888902147e-07, -3.5248293982265890e-07, -7.7564081046604627e-07, 6.7501553486342718e-07, 1.3428402522797828e-06},
    {-7.2981408698791120e-07, 1.0957037060290675e-06, -4.2070378675388418e-07, -4.2561405047627369e-07, -3.7446095865007963e-08, 1.0000035405241192e+00, -1.2362427383060539e-06, 7.3960001738430450e-07, 7.5045001050306471e-07, -1.1932742281649258e-06, -3.6286835094646002e-07, -9.7834694382595194e-07, -1.4699839770071876e-06, 7.7064602938333088e-07, -5.6701225494553432e-07, 5.6724323362696454e-07},
    {-2.5316246384669732e-07, -8.8777918910268114e-07, -3.6477460768405495e-07, 5.9741005447641425e-07, -4.3988258524895976e-07, -1.2362427383382477e-06, 1.0000075204866117e+00, -4.5879887788669391e-08, -5.7905137921166788e-08, -5.0785424809238058e-07, -7.2441410351381974e-07, -6.7675256945181449e-07, -2.6765800801080505e-07, 1.6560242931176188e-06, 1.0779334424038404e-06, 2.6682925636705190e-07},
    {-4.5831023066127234e-07, 3.0085318767931652e-07, -5.1843896337847822e-07, 6.1159818329380404e-07, -6.8662039958351455e-07, 7.3960001737560865e-07, -4.5879887793478890e-08, 1.0000037388712861e+00, -3.3655686048436614e-07, -2.5240237659434841e-07, 2.4882495695258745e-08, -5.6454750328193693e-07, 1.0361747102860143e-06, -2.0674055938635015e-07, -1.1509424498476941e-06, 6.9050155644078549e-07},
    {3.2906300038605039e-07, 5.4586041793767079e-07, -6.4286542691120614e-07, 1.0070197198313329e-06, 1.6780210101350322e-07, 7.5045001050876005e-07, -5.7905137917217795e-08, -3.3655686043730568e-07, 1.0000048347958199e+00, -1.0036775820702087e-06, 4.0761989603653737e-08, -3.3500301722900071e-07, 4.0930656631670153e-07, 1.0242192030904832e-06, -3.7058476752816149e-09, -5.2781775630165976e-07},
    {5.2016707221781759e-07, -5.6947588105121476e-07, -3.8622346386772706e-07, -6.5491072443239276e-07, -9.7487500920611621e-07, -1.1932742281719358e-06, -5.0785424813419087e-07, -2.5240237658630159e-07, -1.0036775820646242e-06, 1.0000055480105856e+00, -1.3170763054223550e-06, 2.9181758268121375e-07, 2.0954624143014391e-07, -1.4382356973077288e-06, -1.8806236621368279e-07, 1.1127470758242117e-06},
    {-4.6091167319626219e-07, 1.1572562919171284e-06, 4.1722318653484190e-07, 2.1878278699830512e-07, -9.5636657011077934e-07, -3.6286835096351069e-07, -7.2441410350772925e-07, 2.4882495664603825e-08, 4.0761989603732862e-08, -1.3170763054007499e-06, 1.0000071804754522e+00, -1.8015601101055766e-07, -7.0648942030797767e-07, 5.7617910970772187e-07, 7.5004294286790494e-07, 2.2546567769995648e-07},
    {7.3502852286857381e-07, 1.2532053620967390e-07, -6.2772975564245298e-07, -1.1238427048711023e-06, 7.7649440888966013e-07, -9.7834694380356845e-07, -6.7675256948034849e-07, -5.6454750329088181e-07, -3.3500301722152670e-07, 2.9181758268765877e-07, -1.8015601100909266e-07, 1.0000038747895503e+00, 9.0737015475153020e-08, 3.8192205567025724e-07, -9.6574119972728364e-07, 2.0883779403518199e-07},
    {1.2045918006252287e-06, 8.0859730079393428e-07, 2.8360842937502617e-07, 2.8862227932477872e-08, -3.5248293979544828e-07, -1.4699839770032371e-06, -2.6765800800346222e-07, 1.0361747102939991e-06, 4.0930656631777319e-07, 2.0954624140983969e-07, -7.0648942030499219e-07, 9.0737015433869323e-08, 1.0000070334129385e+00, -6.5552305205175053e-07, -7.1739714619858542e-07, -1.9700074236747044e-07},
    {1.7141888329356106e-07, 5.4682483924201415e-07, -6.3803586832415872e-07, -9.1092370845470577e-07, -7.7564081047738581e-07, 7.7064602935912204e-07, 1.6560242931302845e-06, -2.0674055937302132e-07, 1.0242192031092045e-06, -1.4382356973040796e-06, 5.7617910972030476e-07, 3.8192205565180314e-07, -6.5552305206407994e-07, 1.0000048671042683e+00, -2.6375212216710201e-07, 7.2753501664243297e-07},
    {4.9641131967245046e-07, 5.0583466197323444e-07, 8.3958986495464981e-07, -9.3238427391858963e-07, 6.7501553489396558e-07, -5.6701225495385917e-07, 1.0779334423733248e-06, -1.1509424498318382e-06, -3.7058476755661473e-09, -1.8806236619216595e-07, 7.5004294286709084e-07, -9.6574119981425762e-07, -7.1739714619887595e-07, -2.6375212215781069e-07, 1.0000036483591759e+00, -2.2708800198405144e-06},
    {-3.8380938272792977e-07, 7.9537120700681300e-07, 1.7099331985439244e-07, 1.3910517336951083e-06, 1.3428402522365729e-06, 5.6724323364195734e-07, 2.6682925633595769e-07, 6.9050155641572856e-07, -5.2781775626256717e-07, 1.1127470758515569e-06, 2.2546567771173853e-07, 2.0883779403853288e-07, -1.9700074236544421e-07, 7.2753501666313467e-07, -2.2708800198846389e-06, 1.0000057693160909e+00}
}}};

static constexpr auto result = eigvals(mat);

int main() { return 0; }
