#include "../../consteig.hpp"

using namespace consteig;

static constexpr Matrix<double, 10, 10> mat
{{{
    {7.2635847330093384e-01, 8.2171219587326050e-01, 8.9976441860198975e-01, 1.4796100854873657e+00, -1.6926964521408081e+00, -6.4579486846923828e-01, -5.1019161939620972e-01, -1.0895977020263672e+00, 5.7346487045288086e-01, 7.1211600303649902e-01},
    {8.2171219587326050e-01, 7.2635847330093384e-01, 8.2171219587326050e-01, 8.9976441860198975e-01, 1.4796100854873657e+00, -1.6926964521408081e+00, -6.4579486846923828e-01, -5.1019161939620972e-01, -1.0895977020263672e+00, 5.7346487045288086e-01},
    {8.9976441860198975e-01, 8.2171219587326050e-01, 7.2635847330093384e-01, 8.2171219587326050e-01, 8.9976441860198975e-01, 1.4796100854873657e+00, -1.6926964521408081e+00, -6.4579486846923828e-01, -5.1019161939620972e-01, -1.0895977020263672e+00},
    {1.4796100854873657e+00, 8.9976441860198975e-01, 8.2171219587326050e-01, 7.2635847330093384e-01, 8.2171219587326050e-01, 8.9976441860198975e-01, 1.4796100854873657e+00, -1.6926964521408081e+00, -6.4579486846923828e-01, -5.1019161939620972e-01},
    {-1.6926964521408081e+00, 1.4796100854873657e+00, 8.9976441860198975e-01, 8.2171219587326050e-01, 7.2635847330093384e-01, 8.2171219587326050e-01, 8.9976441860198975e-01, 1.4796100854873657e+00, -1.6926964521408081e+00, -6.4579486846923828e-01},
    {-6.4579486846923828e-01, -1.6926964521408081e+00, 1.4796100854873657e+00, 8.9976441860198975e-01, 8.2171219587326050e-01, 7.2635847330093384e-01, 8.2171219587326050e-01, 8.9976441860198975e-01, 1.4796100854873657e+00, -1.6926964521408081e+00},
    {-5.1019161939620972e-01, -6.4579486846923828e-01, -1.6926964521408081e+00, 1.4796100854873657e+00, 8.9976441860198975e-01, 8.2171219587326050e-01, 7.2635847330093384e-01, 8.2171219587326050e-01, 8.9976441860198975e-01, 1.4796100854873657e+00},
    {-1.0895977020263672e+00, -5.1019161939620972e-01, -6.4579486846923828e-01, -1.6926964521408081e+00, 1.4796100854873657e+00, 8.9976441860198975e-01, 8.2171219587326050e-01, 7.2635847330093384e-01, 8.2171219587326050e-01, 8.9976441860198975e-01},
    {5.7346487045288086e-01, -1.0895977020263672e+00, -5.1019161939620972e-01, -6.4579486846923828e-01, -1.6926964521408081e+00, 1.4796100854873657e+00, 8.9976441860198975e-01, 8.2171219587326050e-01, 7.2635847330093384e-01, 8.2171219587326050e-01},
    {7.1211600303649902e-01, 5.7346487045288086e-01, -1.0895977020263672e+00, -5.1019161939620972e-01, -6.4579486846923828e-01, -1.6926964521408081e+00, 1.4796100854873657e+00, 8.9976441860198975e-01, 8.2171219587326050e-01, 7.2635847330093384e-01}
}}};

static constexpr auto result = eigvals(mat);

int main() { return 0; }
