#include "../../consteig.hpp"

using namespace consteig;

static constexpr Matrix<double, 16, 16> mat
{{{
    {1.5040366351604462e-01, -4.7688624262809753e-01, 4.7992324829101562e-01, 1.9850125312805176e+00, 4.8109886050224304e-01, -9.7489774227142334e-02, 6.2274456024169922e-01, 9.6011281013488770e-01, -3.2268671989440918e+00, 4.1070464253425598e-01, 2.2457947731018066e+00, 3.0178961753845215e+00, -7.6056575775146484e-01, -6.3427710533142090e-01, -1.1111060082912445e+00, 5.2660822868347168e-02},
    {-4.4640797376632690e-01, -3.2146427035331726e-01, 1.8964281082153320e+00, -1.3285112380981445e-01, 1.9384583234786987e+00, -7.6550555229187012e-01, -5.8966791629791260e-01, 2.3903861045837402e+00, 4.1070464253425598e-01, -2.3502476215362549e+00, -1.2487097680568695e+00, 4.4252839684486389e-01, 1.1648028194904327e+00, -2.1192405521869659e+00, -4.6660374104976654e-01, 8.5978862643241882e-01},
    {1.6494425535202026e+00, 1.7737053334712982e-01, 2.6702836155891418e-01, 5.5254364013671875e-01, 5.4427736997604370e-01, -1.4748585224151611e+00, -2.7769464999437332e-02, 1.4346394538879395e+00, 2.2457947731018066e+00, -1.2487097680568695e+00, 2.1236302852630615e+00, 6.2062868475914001e-01, 1.4590905234217644e+00, -1.1854390203952789e+00, 8.6180597543716431e-01, -1.5579605102539062e-01},
    {7.4764108657836914e-01, -1.5521408319473267e+00, -2.8497415781021118e-01, 3.6503809690475464e-01, -6.8674504756927490e-01, -1.3341041803359985e+00, 1.4887683391571045e+00, -2.4774865806102753e-01, 3.0178961753845215e+00, 4.4252839684486389e-01, 6.2062868475914001e-01, -2.4511687755584717e+00, -1.0228928923606873e+00, 1.8180096521973610e-03, 1.3278885781764984e+00, -1.5823881626129150e+00},
    {-1.0654454231262207e+00, 1.0709038972854614e+00, -7.3354035615921021e-01, 3.8546732068061829e-01, -1.1443881988525391e+00, -1.5991486310958862e+00, -2.1035608649253845e-01, 1.8784022331237793e-01, -7.6056575775146484e-01, 1.1648028194904327e+00, 1.4590905234217644e+00, -1.0228928923606873e+00, -2.1438977718353271e+00, -9.0889811515808105e-02, -2.8868784010410309e-01, -7.1550649404525757e-01},
    {-8.6617219448089600e-01, 1.1622993946075439e+00, 1.2393860816955566e+00, 4.3728268146514893e-01, 8.1255286931991577e-01, -7.6836103200912476e-01, 1.1818846464157104e+00, 7.4754345417022705e-01, -6.3427710533142090e-01, -2.1192405521869659e+00, -1.1854390203952789e+00, 1.8180096521973610e-03, -9.0889811515808105e-02, 7.4565267562866211e+00, 9.1173887252807617e-01, 3.8433080911636353e-01},
    {-2.1513676643371582e+00, -1.3918874263763428e+00, 3.5871553421020508e-01, -3.2581827044487000e-01, -8.7385207414627075e-01, 8.0458581447601318e-01, 1.2340717315673828e+00, -9.7350996732711792e-01, -1.1111060082912445e+00, -4.6660374104976654e-01, 8.6180597543716431e-01, 1.3278885781764984e+00, -2.8868784010410309e-01, 9.1173887252807617e-01, 4.2957210540771484e+00, 6.3499316573143005e-02},
    {1.9818706512451172e+00, 1.2996287345886230e+00, 1.2315207719802856e-01, 3.8378989696502686e-01, -2.8860804438591003e-01, -4.9893772602081299e-01, 2.2173759937286377e+00, 1.4952734112739563e-01, 5.2660822868347168e-02, 8.5978862643241882e-01, -1.5579605102539062e-01, -1.5823881626129150e+00, -7.1550649404525757e-01, 3.8433080911636353e-01, 6.3499316573143005e-02, -4.4749557971954346e-01},
    {9.0962338447570801e-01, 8.2876543700695038e-01, 4.3557866662740707e-01, 1.3412825167179108e+00, -1.3717830777168274e+00, -2.4228212982416153e-01, -6.7214969545602798e-01, -2.3201494812965393e+00, -1.5040366351604462e-01, 4.4640797376632690e-01, -1.6494425535202026e+00, -7.4764108657836914e-01, 1.0654454231262207e+00, 8.6617219448089600e-01, 2.1513676643371582e+00, -1.9818706512451172e+00},
    {8.2876543700695038e-01, -4.6331480145454407e-01, -2.6201421022415161e-01, 5.5595035552978516e+00, -3.6748021841049194e+00, 2.5833524465560913e+00, 1.1079019086901098e-01, -6.8554267473518848e-01, 4.7688624262809753e-01, 3.2146427035331726e-01, -1.7737053334712982e-01, 1.5521408319473267e+00, -1.0709038972854614e+00, -1.1622993946075439e+00, 1.3918874263763428e+00, -1.2996287345886230e+00},
    {4.3557866662740707e-01, -2.6201421022415161e-01, 1.0139244794845581e+00, 1.2984542846679688e+00, 1.3461083173751831e+00, -5.7999795675277710e-01, 1.9384366273880005e+00, -1.9607859849929810e+00, -4.7992324829101562e-01, -1.8964281082153320e+00, -2.6702836155891418e-01, 2.8497415781021118e-01, 7.3354035615921021e-01, -1.2393860816955566e+00, -3.5871553421020508e-01, -1.2315207719802856e-01},
    {1.3412825167179108e+00, 5.5595035552978516e+00, 1.2984542846679688e+00, 5.9903216361999512e-01, -3.0070625543594360e+00, 2.3207128047943115e-02, 3.0220869183540344e-01, -4.2807745933532715e-01, -1.9850125312805176e+00, 1.3285112380981445e-01, -5.5254364013671875e-01, -3.6503809690475464e-01, -3.8546732068061829e-01, -4.3728268146514893e-01, 3.2581827044487000e-01, -3.8378989696502686e-01},
    {-1.3717830777168274e+00, -3.6748021841049194e+00, 1.3461083173751831e+00, -3.0070625543594360e+00, -3.0919802188873291e-01, 9.7832380235195160e-01, 4.4441503286361694e-01, 6.7240065336227417e-01, -4.8109886050224304e-01, -1.9384583234786987e+00, -5.4427736997604370e-01, 6.8674504756927490e-01, 1.1443881988525391e+00, -8.1255286931991577e-01, 8.7385207414627075e-01, 2.8860804438591003e-01},
    {-2.4228212982416153e-01, 2.5833524465560913e+00, -5.7999795675277710e-01, 2.3207128047943115e-02, 9.7832380235195160e-01, 1.0615367889404297e+00, 3.8292359560728073e-01, 2.2864875793457031e+00, 9.7489774227142334e-02, 7.6550555229187012e-01, 1.4748585224151611e+00, 1.3341041803359985e+00, 1.5991486310958862e+00, 7.6836103200912476e-01, -8.0458581447601318e-01, 4.9893772602081299e-01},
    {-6.7214969545602798e-01, 1.1079019086901098e-01, 1.9384366273880005e+00, 3.0220869183540344e-01, 4.4441503286361694e-01, 3.8292359560728073e-01, -1.6154894232749939e-01, 1.5642418861389160e+00, -6.2274456024169922e-01, 5.8966791629791260e-01, 2.7769464999437332e-02, -1.4887683391571045e+00, 2.1035608649253845e-01, -1.1818846464157104e+00, -1.2340717315673828e+00, -2.2173759937286377e+00},
    {-2.3201494812965393e+00, -6.8554267473518848e-01, -1.9607859849929810e+00, -4.2807745933532715e-01, 6.7240065336227417e-01, 2.2864875793457031e+00, 1.5642418861389160e+00, 7.1205806732177734e-01, -9.6011281013488770e-01, -2.3903861045837402e+00, -1.4346394538879395e+00, 2.4774865806102753e-01, -1.8784022331237793e-01, -7.4754345417022705e-01, 9.7350996732711792e-01, -1.4952734112739563e-01}
}}};

static constexpr auto result = eigvals(mat);

int main() { return 0; }
