#include "../../consteig.hpp"

using namespace consteig;

static constexpr Matrix<double, 18, 18> mat
{{{
    {1.0000044232233245e+00, -1.8474026341190942e-07, -2.0065794867723222e-07, -1.2547366824311680e-06, 2.6547945794543944e-07, -2.0240593857616645e-07, -7.3041658796417300e-07, -3.4925283944441924e-07, 7.0446227060598296e-08, 1.0658512428454990e-08, -2.4513231650085350e-07, 4.3753514728084871e-08, 9.0915126379153984e-07, -7.5851270575899112e-07, 1.6779703496095262e-06, -2.8326026828364219e-07, 1.6177802632675579e-06, 7.1446233919065883e-07},
    {-1.8474026343189339e-07, 1.0000039921386519e+00, 4.8205726215175060e-07, -1.3569807768329136e-06, -6.5313685457182591e-07, 6.8811835657048486e-07, -1.0080628151971143e-06, 7.0987304820518921e-07, 6.6103621544602212e-07, 3.9945302116981692e-07, -1.1866115433019512e-06, -3.2822297364350554e-07, 9.2402260119044260e-08, -6.7869028058437169e-07, -7.3131076579322219e-07, 7.0694812651332721e-07, -7.6137623010850660e-07, 9.7254060367136680e-07},
    {-2.0065794868344626e-07, 4.8205726217397854e-07, 1.0000054837602612e+00, 3.4689257088894804e-08, -4.8004861923451942e-07, -1.1282396443501614e-06, -1.5745698948057221e-07, -5.4581901730284253e-07, 3.0634472856242855e-08, 6.9146409703636298e-07, 2.9298864085206959e-07, -3.2754776510311429e-08, -6.7917549829536330e-07, -6.3644739831585683e-07, -7.8497021298792200e-07, 3.7476199807326967e-07, -5.6075013936649227e-07, 1.2742660934558794e-07},
    {-1.2547366824307670e-06, -1.3569807768637163e-06, 3.4689257062084590e-08, 1.0000056192172253e+00, 2.5168441156864535e-07, -3.1216677448583075e-07, 7.0498679741632854e-08, 1.1720254936122668e-06, 6.5118166622563697e-07, -9.9202608152547599e-07, -4.3586903706584199e-07, -2.6457385617228582e-07, -1.5194225180731315e-07, 9.7128783981757013e-07, 5.5905166088226142e-07, 4.4329887960169320e-07, -2.0977908877554045e-07, -6.7443053413831981e-07},
    {2.6547945795630767e-07, -6.5313685457242021e-07, -4.8004861921205240e-07, 2.5168441156765692e-07, 1.0000036901842191e+00, -6.7131678245343043e-07, 8.6896210847426935e-07, -3.4324047760575840e-07, 6.8204776025773468e-07, -6.7405417239405373e-07, 2.7322235505075461e-07, 1.9344636412499027e-07, -3.0045026973133644e-07, 7.4707845597785994e-07, -7.8193446514696070e-07, 3.7504357547009286e-07, 1.0023423064805348e-07, 2.7296828135549735e-07},
    {-2.0240593856829183e-07, 6.8811835656679730e-07, -1.1282396443168872e-06, -3.1216677448598380e-07, -6.7131678243114563e-07, 1.0000060591700404e+00, -5.7427071263642965e-07, 1.1926054306827992e-07, 1.1052566372124233e-06, -1.2412954163495864e-06, -3.3547857488986640e-07, 8.4372964988990567e-07, -2.2370931431757148e-06, 2.4688267317619366e-07, 2.1047798865649664e-07, -3.6228138830001573e-07, 1.0998159449670336e-07, -2.3074741144193359e-07},
    {-7.3041658794038006e-07, -1.0080628151971931e-06, -1.5745698948390483e-07, 7.0498679742413316e-08, 8.6896210846637130e-07, -5.7427071263686121e-07, 1.0000054423079121e+00, -7.7620934208964550e-07, 2.3809150307377285e-07, -2.2369852433503826e-07, -1.6899431765970062e-07, 2.5216013661938169e-07, -1.1555287349993390e-06, -5.0967782998618268e-07, -2.8844329074915802e-08, 1.5284673530437664e-07, -7.1804949524070656e-07, -4.7540587504227177e-07},
    {-3.4925283945990634e-07, 7.0987304822146760e-07, -5.4581901727482946e-07, 1.1720254936092700e-06, -3.4324047760578254e-07, 1.1926054307763637e-07, -7.7620934208658390e-07, 1.0000059184706285e+00, 5.9638679468828200e-07, 1.0672080406552940e-06, 1.5246522230298598e-06, -3.1300678164355170e-07, 1.0358189329265121e-06, -1.2423070726021688e-07, -6.9671077369916550e-07, -1.4503916106066660e-07, 5.2420461796654116e-07, 7.6460348081720762e-07},
    {7.0446227005840541e-08, 6.6103621546526713e-07, 3.0634472869229578e-08, 6.5118166619148185e-07, 6.8204776025205289e-07, 1.1052566372037952e-06, 2.3809150305117004e-07, 5.9638679469693169e-07, 1.0000052455030475e+00, -8.7710974467802798e-07, -1.4692988670017253e-06, 1.3760063923014524e-06, 5.7639399711939229e-07, -4.4124111864515093e-07, -1.4564796402174157e-07, 3.0162893059200791e-07, 9.9341421101867483e-07, 9.7662636448214346e-07},
    {1.0658512416849373e-08, 3.9945302116124780e-07, 6.9146409704078894e-07, -9.9202608150462776e-07, -6.7405417238647649e-07, -1.2412954163304828e-06, -2.2369852433697198e-07, 1.0672080406232550e-06, -8.7710974470379917e-07, 1.0000041504664008e+00, 6.0020298140046606e-07, 2.7388900750289079e-07, -1.2937148232359720e-06, -2.0807040327480555e-06, -8.3594261607555652e-07, -5.6815959714921724e-07, -1.0371836136840496e-06, 3.6970981574495061e-07},
    {-2.4513231649898585e-07, -1.1866115433108870e-06, 2.9298864085494066e-07, -4.3586903704805038e-07, 2.7322235505145993e-07, -3.3547857489366031e-07, -1.6899431765929897e-07, 1.5246522229819527e-06, -1.4692988670069902e-06, 6.0020298140363132e-07, 1.0000043072092824e+00, -2.8829415861668730e-07, 2.0730329810167546e-07, 1.1183824137798361e-06, 1.1136991264776879e-06, 2.0703047968973510e-07, -6.4910822637651614e-07, 3.1033308605299533e-07},
    {4.3753514730517748e-08, -3.2822297363124802e-07, -3.2754776520383975e-08, -2.6457385619070968e-07, 1.9344636412378150e-07, 8.4372964985189126e-07, 2.5216013664176062e-07, -3.1300678164306169e-07, 1.3760063923300175e-06, 2.7388900752841761e-07, -2.8829415864096396e-07, 1.0000041014998955e+00, 8.2959315101238468e-07, 1.2648016478365994e-07, -6.7621765042340980e-07, 3.9078952888268790e-07, -6.8362101850869857e-08, -1.3753001952912396e-07},
    {9.0915126379994198e-07, 9.2402260139461658e-08, -6.7917549829000084e-07, -1.5194225180374243e-07, -3.0045026971776300e-07, -2.2370931432314229e-06, -1.1555287349986199e-06, 1.0358189329554794e-06, 5.7639399713544526e-07, -1.2937148232315804e-06, 2.0730329806907295e-07, 8.2959315100961213e-07, 1.0000049962150712e+00, 8.5505030885302769e-08, 4.1264484774718079e-08, -9.1107333450570891e-08, 1.9303001787423386e-07, -6.1889193120954946e-07},
    {-7.5851270576178602e-07, -6.7869028058067566e-07, -6.3644739829299436e-07, 9.7128783981064542e-07, 7.4707845600172572e-07, 2.4688267316759485e-07, -5.0967782997966519e-07, -1.2423070726546687e-07, -4.4124111865194472e-07, -2.0807040327003642e-06, 1.1183824137873951e-06, 1.2648016479852124e-07, 8.5505030883500283e-08, 1.0000048763367233e+00, -8.0338620207380255e-07, -3.4701663489822123e-07, -2.5840957697355642e-07, 2.8422096661048629e-07},
    {1.6779703496201323e-06, -7.3131076579771337e-07, -7.8497021298017090e-07, 5.5905166086521510e-07, -7.8193446516937796e-07, 2.1047798864514209e-07, -2.8844329092725927e-08, -6.9671077372062317e-07, -1.4564796399716361e-07, -8.3594261607825803e-07, 1.1136991264493241e-06, -6.7621765041958619e-07, 4.1264484749371366e-08, -8.0338620207558502e-07, 1.0000053148934107e+00, 6.7240652420673688e-07, 5.8433504790988007e-07, 8.5179161195571183e-07},
    {-2.8326026826942485e-07, 7.0694812652763646e-07, 3.7476199806984051e-07, 4.4329887957552783e-07, 3.7504357553607746e-07, -3.6228138827528835e-07, 1.5284673530648861e-07, -1.4503916106087661e-07, 3.0162893062716164e-07, -5.6815959716086944e-07, 2.0703047969966016e-07, 3.9078952886816155e-07, -9.1107333453496556e-08, -3.4701663488691577e-07, 6.7240652419576643e-07, 1.0000047438601884e+00, -2.5756766412020524e-07, -6.8434870469412287e-07},
    {1.6177802632510420e-06, -7.6137623015122533e-07, -5.6075013936079672e-07, -2.0977908877537803e-07, 1.0023423068096783e-07, 1.0998159448234833e-07, -7.1804949525260875e-07, 5.2420461798751761e-07, 9.9341421100429157e-07, -1.0371836136527034e-06, -6.4910822636506659e-07, -6.8362101870445649e-08, 1.9303001784658501e-07, -2.5840957698037170e-07, 5.8433504790267807e-07, -2.5756766408886407e-07, 1.0000044105119574e+00, 1.2045133959944125e-06},
    {7.1446233917483371e-07, 9.7254060367383357e-07, 1.2742660937838463e-07, -6.7443053414237943e-07, 2.7296828138460749e-07, -2.3074741146669893e-07, -4.7540587504607299e-07, 7.6460348081163626e-07, 9.7662636449568455e-07, 3.6970981576457854e-07, 3.1033308605292037e-07, -1.3753001948042960e-07, -6.1889193119242489e-07, 2.8422096662210276e-07, 8.5179161197844534e-07, -6.8434870471863781e-07, 1.2045133960316529e-06, 1.0000072250317589e+00}
}}};

static constexpr auto result = eigvals(mat);

int main() { return 0; }
