#include "../../consteig.hpp"

using namespace consteig;

static constexpr Matrix<double, 20, 20> mat
{{{
    {-3.5533797740936279e-01, -7.6028227806091309e-01, 1.2351902723312378e+00, 1.7211591005325317e+00, 1.8979094922542572e-01, -1.2481963634490967e+00, -4.2384025454521179e-01, -2.2947092354297638e-01, 3.5298117995262146e-01, -7.3306918144226074e-02, -1.6612744331359863e+00, 3.2292374968528748e-01, 4.2196631431579590e-02, -4.3871545791625977e-01, 1.6162860393524170e-01, 5.0313532352447510e-01, 1.4418929573148489e+00, 3.5671725869178772e-01, 1.0417618751525879e+00, -4.7111272811889648e-01},
    {5.7773566246032715e-01, 1.0751537084579468e+00, 2.2785341739654541e-01, -4.7206446528434753e-02, -1.1009864807128906e+00, 2.3901650905609131e+00, 4.2429012060165405e-01, -6.7605715990066528e-01, 5.3190249949693680e-02, -7.1815168857574463e-01, 3.2292374968528748e-01, 1.8006503582000732e+00, -8.0849754810333252e-01, 1.2755871564149857e+00, -1.4941447973251343e+00, -5.5679099261760712e-01, -1.5994080305099487e+00, -5.3439068794250488e-01, 1.8525159358978271e+00, -1.1249606311321259e+00},
    {-7.8970909118652344e-01, -5.1490831375122070e-01, 1.4155170917510986e+00, 5.2813726663589478e-01, -8.5579901933670044e-01, 7.4184972047805786e-01, -1.7137718200683594e+00, -3.3004963397979736e-01, -2.4556668102741241e-01, 1.4665360450744629e+00, 4.2196631431579590e-02, -8.0849754810333252e-01, 1.7349991798400879e+00, 2.7862215042114258e-01, -1.0577853918075562e+00, -7.6521596312522888e-01, -1.9072434902191162e+00, 4.0683478116989136e-01, -1.1708866357803345e+00, -6.6175341606140137e-02},
    {9.9474507570266724e-01, -9.6320289373397827e-01, -2.1896618604660034e-01, 8.5777640342712402e-01, -4.7630655765533447e-01, 1.3166187703609467e-01, -1.1445938348770142e+00, -3.9547437429428101e-01, 3.1742714345455170e-02, -1.3112196922302246e+00, -4.3871545791625977e-01, 1.2755871564149857e+00, 2.7862215042114258e-01, 1.0563702881336212e-01, -1.1198708415031433e-01, -7.7407747507095337e-01, 5.1882030814886093e-01, -9.9040316045284271e-01, -8.2360428571701050e-01, -2.1843763589859009e+00},
    {-2.7827984094619751e-01, -9.2693448066711426e-01, -2.8080847859382629e-01, 1.2068393230438232e+00, 2.4068737402558327e-02, -2.9789045453071594e-01, 6.8880450725555420e-01, -1.3239330053329468e+00, 9.2231649160385132e-01, 7.0731735229492188e-01, 1.6162860393524170e-01, -1.4941447973251343e+00, -1.0577853918075562e+00, -1.1198708415031433e-01, -3.3354577422142029e-01, -8.5765400528907776e-01, 6.4437779784202576e-01, -5.9229320287704468e-01, -2.9826925992965698e+00, 1.4054226875305176e-01},
    {-9.7174084186553955e-01, 1.1567775011062622e+00, 1.0814725160598755e+00, 4.1324567794799805e-01, 6.5369737148284912e-01, -1.2583652734756470e+00, 8.8310372829437256e-01, 9.8985677957534790e-01, -8.2576727867126465e-01, -1.0842251777648926e+00, 5.0313532352447510e-01, -5.5679099261760712e-01, -7.6521596312522888e-01, -7.7407747507095337e-01, -8.5765400528907776e-01, 2.0867583751678467e+00, -1.2767955064773560e+00, 2.3204230070114136e+00, -1.5303262770175934e+00, 5.5635599792003632e-01},
    {-1.5876617431640625e+00, 2.2973990440368652e-01, 4.6571433544158936e-01, 1.5102417208254337e-02, -2.3905201256275177e-01, -2.2577974796295166e+00, -2.9638512060046196e-02, 2.7587132453918457e+00, 1.4232375621795654e+00, -1.9040970504283905e-01, 1.4418929573148489e+00, -1.5994080305099487e+00, -1.9072434902191162e+00, 5.1882030814886093e-01, 6.4437779784202576e-01, -1.2767955064773560e+00, 6.7604780197143555e-01, -5.8702144026756287e-01, 1.3837957382202148e+00, 1.5092771649360657e+00},
    {1.3560703992843628e+00, -1.7444807291030884e-01, 1.4330977201461792e+00, 7.9466629028320312e-01, 7.6102918386459351e-01, 7.8582191467285156e-01, -2.7676239609718323e-01, 4.5504719018936157e-01, 1.0973976850509644e+00, 1.2379783391952515e-01, 3.5671725869178772e-01, -5.3439068794250488e-01, 4.0683478116989136e-01, -9.9040316045284271e-01, -5.9229320287704468e-01, 2.3204230070114136e+00, -5.8702144026756287e-01, -2.3167319297790527e+00, -1.7742700576782227e+00, -1.5385768413543701e+00},
    {-7.8438496589660645e-01, -4.8717084527015686e-01, 6.9033139944076538e-01, 1.0931440591812134e+00, -7.5555086135864258e-01, -8.1519389152526855e-01, -4.0583840012550354e-01, 1.0907828807830811e+00, 1.7600777149200439e+00, 1.0431228876113892e+00, 1.0417618751525879e+00, 1.8525159358978271e+00, -1.1708866357803345e+00, -8.2360428571701050e-01, -2.9826925992965698e+00, -1.5303262770175934e+00, 1.3837957382202148e+00, -1.7742700576782227e+00, -5.5789405107498169e-01, 1.2086249291896820e+00},
    {-1.1491626501083374e+00, 1.2412178516387939e+00, 1.2010098695755005e+00, -1.3327488899230957e+00, 2.5457398891448975e+00, 6.0081201791763306e-01, 6.5286314487457275e-01, 7.8100258111953735e-01, -5.0638921558856964e-02, -1.2623443603515625e+00, -4.7111272811889648e-01, -1.1249606311321259e+00, -6.6175341606140137e-02, -2.1843763589859009e+00, 1.4054226875305176e-01, 5.5635599792003632e-01, 1.5092771649360657e+00, -1.5385768413543701e+00, 1.2086249291896820e+00, 4.9111387133598328e-01},
    {2.8922231197357178e+00, -1.7028409242630005e+00, 8.5294896364212036e-01, -1.6804094910621643e+00, -5.5860376358032227e-01, 1.3595404624938965e+00, -7.7319923043251038e-01, 1.6284411102533340e+00, -8.4171563386917114e-01, -3.2287933826446533e+00, 3.5533797740936279e-01, -5.7773566246032715e-01, 7.8970909118652344e-01, -9.9474507570266724e-01, 2.7827984094619751e-01, 9.7174084186553955e-01, 1.5876617431640625e+00, -1.3560703992843628e+00, 7.8438496589660645e-01, 1.1491626501083374e+00},
    {-1.7028409242630005e+00, 3.9177255630493164e+00, 3.1474760174751282e-01, 1.8955794572830200e+00, 3.4668412208557129e+00, 3.2554315328598022e+00, -2.7038705348968506e-01, 3.6894315481185913e-01, 2.6290017366409302e+00, 5.8519011735916138e-01, 7.6028227806091309e-01, -1.0751537084579468e+00, 5.1490831375122070e-01, 9.6320289373397827e-01, 9.2693448066711426e-01, -1.1567775011062622e+00, -2.2973990440368652e-01, 1.7444807291030884e-01, 4.8717084527015686e-01, -1.2412178516387939e+00},
    {8.5294896364212036e-01, 3.1474760174751282e-01, 2.3614578247070312e+00, -1.0960161685943604e+00, 6.4619064331054688e-02, 2.8386911749839783e-01, -2.1083912886679173e+00, 6.4744856394827366e-01, 1.2419539690017700e+00, 1.6666737794876099e+00, -1.2351902723312378e+00, -2.2785341739654541e-01, -1.4155170917510986e+00, 2.1896618604660034e-01, 2.8080847859382629e-01, -1.0814725160598755e+00, -4.6571433544158936e-01, -1.4330977201461792e+00, -6.9033139944076538e-01, -1.2010098695755005e+00},
    {-1.6804094910621643e+00, 1.8955794572830200e+00, -1.0960161685943604e+00, 1.0532958507537842e+00, 3.0713325142860413e+00, 1.4222753047943115e-01, 6.6220051608979702e-01, -1.5792708694934845e+00, -1.6573684364557266e+00, -4.1868704557418823e-01, -1.7211591005325317e+00, 4.7206446528434753e-02, -5.2813726663589478e-01, -8.5777640342712402e-01, -1.2068393230438232e+00, -4.1324567794799805e-01, -1.5102417208254337e-02, -7.9466629028320312e-01, -1.0931440591812134e+00, 1.3327488899230957e+00},
    {-5.5860376358032227e-01, 3.4668412208557129e+00, 6.4619064331054688e-02, 3.0713325142860413e+00, 1.1917269229888916e+00, 1.5960648059844971e+00, 2.8368392586708069e-01, 5.0270849466323853e-01, 6.7389965057373047e-02, 9.2942506819963455e-01, -1.8979094922542572e-01, 1.1009864807128906e+00, 8.5579901933670044e-01, 4.7630655765533447e-01, -2.4068737402558327e-02, -6.5369737148284912e-01, 2.3905201256275177e-01, -7.6102918386459351e-01, 7.5555086135864258e-01, -2.5457398891448975e+00},
    {1.3595404624938965e+00, 3.2554315328598022e+00, 2.8386911749839783e-01, 1.4222753047943115e-01, 1.5960648059844971e+00, -6.6049084067344666e-02, -2.3918548822402954e+00, 1.0603607073426247e-01, -6.1069983243942261e-01, -5.8878862857818604e-01, 1.2481963634490967e+00, -2.3901650905609131e+00, -7.4184972047805786e-01, -1.3166187703609467e-01, 2.9789045453071594e-01, 1.2583652734756470e+00, 2.2577974796295166e+00, -7.8582191467285156e-01, 8.1519389152526855e-01, -6.0081201791763306e-01},
    {-7.7319923043251038e-01, -2.7038705348968506e-01, -2.1083912886679173e+00, 6.6220051608979702e-01, 2.8368392586708069e-01, -2.3918548822402954e+00, 1.3725397586822510e+00, 8.2319746911525726e-01, -1.7473262548446655e-01, -6.5268690744414926e-01, 4.2384025454521179e-01, -4.2429012060165405e-01, 1.7137718200683594e+00, 1.1445938348770142e+00, -6.8880450725555420e-01, -8.8310372829437256e-01, 2.9638512060046196e-02, 2.7676239609718323e-01, 4.0583840012550354e-01, -6.5286314487457275e-01},
    {1.6284411102533340e+00, 3.6894315481185913e-01, 6.4744856394827366e-01, -1.5792708694934845e+00, 5.0270849466323853e-01, 1.0603607073426247e-01, 8.2319746911525726e-01, 3.2013196945190430e+00, 2.0221894979476929e-01, -7.2441528737545013e-01, 2.2947092354297638e-01, 6.7605715990066528e-01, 3.3004963397979736e-01, 3.9547437429428101e-01, 1.3239330053329468e+00, -9.8985677957534790e-01, -2.7587132453918457e+00, -4.5504719018936157e-01, -1.0907828807830811e+00, -7.8100258111953735e-01},
    {-8.4171563386917114e-01, 2.6290017366409302e+00, 1.2419539690017700e+00, -1.6573684364557266e+00, 6.7389965057373047e-02, -6.1069983243942261e-01, -1.7473262548446655e-01, 2.0221894979476929e-01, -3.8588800430297852e+00, 1.5282398089766502e+00, -3.5298117995262146e-01, -5.3190249949693680e-02, 2.4556668102741241e-01, -3.1742714345455170e-02, -9.2231649160385132e-01, 8.2576727867126465e-01, -1.4232375621795654e+00, -1.0973976850509644e+00, -1.7600777149200439e+00, 5.0638921558856964e-02},
    {-3.2287933826446533e+00, 5.8519011735916138e-01, 1.6666737794876099e+00, -4.1868704557418823e-01, 9.2942506819963455e-01, -5.8878862857818604e-01, -6.5268690744414926e-01, -7.2441528737545013e-01, 1.5282398089766502e+00, 1.2730507850646973e+00, 7.3306918144226074e-02, 7.1815168857574463e-01, -1.4665360450744629e+00, 1.3112196922302246e+00, -7.0731735229492188e-01, 1.0842251777648926e+00, 1.9040970504283905e-01, -1.2379783391952515e-01, -1.0431228876113892e+00, 1.2623443603515625e+00}
}}};

static constexpr auto result = eigvals(mat);

int main() { return 0; }
