#include "../../consteig.hpp"

using namespace consteig;

static constexpr Matrix<double, 14, 14> mat
{{{
    {9.9999999999999989e-01, -2.2854039517872170e-16, -5.5976692439893190e-17, 7.9036954810213789e-17, 1.1595775162607972e-16, 2.6305903028002438e-16, 5.0938744600631635e-17, 1.3422415419426216e-16, 4.6643060216257517e-17, 9.4129097327664377e-17, 2.0259673479637525e-17, 2.9638312792201310e-17, -6.4850757666642030e-17, 4.9065351663310816e-17},
    {-2.2854039517872170e-16, 1.0000000000000007e+00, 6.8667948658297855e-17, 4.5606334362856248e-17, 2.0394435519308640e-16, 7.7668690824469713e-18, 9.9213865643827246e-17, -1.5165997603791535e-16, 4.8387622938750247e-17, -1.5294560749175182e-16, -2.4717811814733462e-16, 9.5216955582088188e-18, -3.5351532149174948e-17, -4.8226402519188108e-17},
    {-5.5976692439893190e-17, 6.8667948658297855e-17, 1.0000000000000002e+00, -1.1689448996211751e-16, 2.6772010173977748e-17, -1.2821557370687628e-16, 1.1776575620484767e-17, 1.0682297261096496e-16, -4.0714289048673356e-19, -1.1063092997139833e-17, -6.5763634273534511e-17, 9.0709598930584729e-17, 4.1228639862556751e-17, 3.8496495713908654e-17},
    {7.9036954810213789e-17, 4.5606334362856248e-17, -1.1689448996211751e-16, 1.0000000000000000e+00, -8.2426515650313956e-18, 1.7596484494845172e-17, 7.7408430097196498e-17, -1.2113174350190629e-16, -3.5875533919446269e-17, -3.4932408981456528e-17, 1.0234577276465826e-16, 1.6174127618112698e-16, 1.3233458143481074e-17, 1.1451567694099598e-16},
    {1.1595775162607972e-16, 2.0394435519308640e-16, 2.6772010173977748e-17, -8.2426515650313956e-18, 9.9999999999999989e-01, 7.0666789113682401e-17, -5.1280381516442871e-18, 2.1084976604628247e-17, 7.5827636737072217e-17, 2.3760468697660341e-17, -1.7567471695775554e-17, -5.7542876537927211e-17, 4.3077248254598967e-17, -7.9083959187877088e-17},
    {2.6305903028002438e-16, 7.7668690824469713e-18, -1.2821557370687628e-16, 1.7596484494845172e-17, 7.0666789113682401e-17, 1.0000000000000002e+00, -2.8349082008425222e-16, 1.0912148835354719e-17, -1.3221289994148556e-16, 1.9231528215818428e-17, 3.1861073964963493e-17, 8.4540628981845357e-17, 8.9161352433721146e-17, 8.1468011615078636e-17},
    {5.0938744600631635e-17, 9.9213865643827246e-17, 1.1776575620484767e-17, 7.7408430097196498e-17, -5.1280381516442871e-18, -2.8349082008425222e-16, 1.0000000000000000e+00, 5.4884126386110425e-18, -3.7759992334722076e-17, 6.3244806934529518e-17, -6.2625725430386942e-17, -2.9459972708821744e-17, 2.1776826119802964e-17, -3.9207831848277333e-17},
    {1.3422415419426216e-16, -1.5165997603791535e-16, 1.0682297261096496e-16, -1.2113174350190629e-16, 2.1084976604628247e-17, 1.0912148835354719e-17, 5.4884126386110425e-18, 1.0000000000000004e+00, -1.6263291174023345e-16, 2.6786167427378241e-16, 6.8891543811596874e-17, 6.4373651461818232e-17, -2.9545355751285271e-17, -5.4142748094550272e-17},
    {4.6643060216257517e-17, 4.8387622938750247e-17, -4.0714289048673356e-19, -3.5875533919446269e-17, 7.5827636737072217e-17, -1.3221289994148556e-16, -3.7759992334722076e-17, -1.6263291174023345e-16, 9.9999999999999989e-01, 1.0497725752513079e-16, -3.8694866082907519e-17, 3.9257742299411995e-17, -4.2960152381110474e-17, 3.3717870049563228e-17},
    {9.4129097327664377e-17, -1.5294560749175182e-16, -1.1063092997139833e-17, -3.4932408981456528e-17, 2.3760468697660341e-17, 1.9231528215818428e-17, 6.3244806934529518e-17, 2.6786167427378241e-16, 1.0497725752513079e-16, 1.0000000000000002e+00, -4.8680915673113334e-17, 5.4544165436417325e-17, 9.8392180345007020e-18, -8.0605117152205830e-17},
    {2.0259673479637525e-17, -2.4717811814733462e-16, -6.5763634273534511e-17, 1.0234577276465826e-16, -1.7567471695775554e-17, 3.1861073964963493e-17, -6.2625725430386942e-17, 6.8891543811596874e-17, -3.8694866082907519e-17, -4.8680915673113334e-17, 1.0000000000000000e+00, -7.3107153574929210e-17, 7.4320311579231516e-17, -1.0761137437436937e-16},
    {2.9638312792201310e-17, 9.5216955582088188e-18, 9.0709598930584729e-17, 1.6174127618112698e-16, -5.7542876537927211e-17, 8.4540628981845357e-17, -2.9459972708821744e-17, 6.4373651461818232e-17, 3.9257742299411995e-17, 5.4544165436417325e-17, -7.3107153574929210e-17, 1.0000000000000002e+00, -5.8284011335655972e-17, -3.5919620122710371e-17},
    {-6.4850757666642030e-17, -3.5351532149174948e-17, 4.1228639862556751e-17, 1.3233458143481074e-17, 4.3077248254598967e-17, 8.9161352433721146e-17, 2.1776826119802964e-17, -2.9545355751285271e-17, -4.2960152381110474e-17, 9.8392180345007020e-18, 7.4320311579231516e-17, -5.8284011335655972e-17, 1.0000000000000002e+00, 3.4149486611095604e-17},
    {4.9065351663310816e-17, -4.8226402519188108e-17, 3.8496495713908654e-17, 1.1451567694099598e-16, -7.9083959187877088e-17, 8.1468011615078636e-17, -3.9207831848277333e-17, -5.4142748094550272e-17, 3.3717870049563228e-17, -8.0605117152205830e-17, -1.0761137437436937e-16, -3.5919620122710371e-17, 3.4149486611095604e-17, 1.0000000000000000e+00}
}}};

static constexpr auto result = eigvals(mat);

int main() { return 0; }
