#include "../../consteig.hpp"

using namespace consteig;

static constexpr Matrix<double, 20, 20> mat
{{{
    {4.5203277468681335e-01, -5.0091409683227539e-01, -3.6135382950305939e-02, 1.2523231506347656e+00, 9.9889707565307617e-01, 1.4971057176589966e+00, 1.6454633474349976e+00, 1.5052062273025513e+00, -1.5580447912216187e+00, -1.8335841596126556e-02, 2.7275690436363220e-01, 1.7455151081085205e+00, 3.2793030738830566e+00, -2.2023770213127136e+00, -1.1678138971328735e+00, 1.0955886170268059e+00, -1.8642172217369080e-02, 4.3443322181701660e-02, -1.8783768117427826e+00, 7.7604675292968750e-01},
    {-7.3227465152740479e-01, 4.3035936355590820e-01, 5.3922015428543091e-01, -5.3785508871078491e-01, 2.5778551101684570e+00, 6.0781337320804596e-02, 5.2084106206893921e-01, 1.4722020626068115e+00, 5.8076210319995880e-02, -9.3246412277221680e-01, 1.7455151081085205e+00, -4.0371268987655640e-01, 7.0150107517838478e-01, 2.8199057281017303e-01, 4.6224959194660187e-01, -2.2593429833650589e+00, -1.6324630379676819e+00, -2.2517997920513153e+00, 1.9973337650299072e-02, -1.4277808070182800e+00},
    {-8.2717519998550415e-01, -6.8194985389709473e-01, 1.6992520093917847e+00, 8.9474838972091675e-01, 1.3548406362533569e+00, 1.8903470039367676e+00, 6.7222379148006439e-02, -3.5949146747589111e-01, 1.5591213703155518e+00, -7.4160999059677124e-01, 3.2793030738830566e+00, 7.0150107517838478e-01, -8.6822068691253662e-01, -7.3731604218482971e-01, -2.8843404054641724e+00, -2.4053702354431152e+00, -4.4978564977645874e-01, -5.0553148984909058e-01, -1.8624055236577988e+00, 3.3129274845123291e-02},
    {-1.5593923628330231e-01, 5.5408768355846405e-02, 1.0019652545452118e-01, 3.2665970921516418e-01, 7.2309744358062744e-01, -5.4658627510070801e-01, 4.0483576059341431e-01, -8.1763142347335815e-01, -1.2398396730422974e+00, 1.6085872650146484e+00, -2.2023770213127136e+00, 2.8199057281017303e-01, -7.3731604218482971e-01, 1.4312932491302490e+00, 1.6785429418087006e-01, 5.5783362686634064e-01, 7.3579788208007812e-02, -4.2846890725195408e-01, -1.5746223330497742e+00, 1.2323342263698578e+00},
    {1.6554845869541168e-01, -1.9060089588165283e+00, -1.0547828674316406e+00, -2.5027348995208740e+00, -7.4274361133575439e-01, -1.9411727786064148e-01, 6.0724359750747681e-01, -4.8027470707893372e-01, -1.2621761858463287e-01, 8.2256317138671875e-01, -1.1678138971328735e+00, 4.6224959194660187e-01, -2.8843404054641724e+00, 1.6785429418087006e-01, -2.9118056297302246e+00, -1.9002497196197510e-01, 1.3000199198722839e+00, -7.8170704841613770e-01, -5.5191624164581299e-01, 2.8583612572401762e-01},
    {1.8863093852996826e+00, 8.1879085302352905e-01, -4.7111424803733826e-01, -2.1736648082733154e+00, 8.2793027162551880e-01, -5.1142668724060059e-01, -8.2604938745498657e-01, 4.0858972072601318e-01, 4.1494897007942200e-01, -7.1104401350021362e-01, 1.0955886170268059e+00, -2.2593429833650589e+00, -2.4053702354431152e+00, 5.5783362686634064e-01, -1.9002497196197510e-01, 1.3379929065704346e+00, -3.9572279155254364e-01, 1.9330410361289978e+00, -9.9000298976898193e-01, -1.6963440775871277e+00},
    {9.4080173969268799e-01, -2.2801795601844788e-01, -1.5716444253921509e+00, 2.8989180922508240e-01, -7.4629670381546021e-01, 5.2294528484344482e-01, -1.0263911485671997e+00, -6.5957999229431152e-01, -1.3778363466262817e+00, 2.8418609499931335e-01, -1.8642172217369080e-02, -1.6324630379676819e+00, -4.4978564977645874e-01, 7.3579788208007812e-02, 1.3000199198722839e+00, -3.9572279155254364e-01, 6.4495760202407837e-01, 6.5009516477584839e-01, -8.4171186387538910e-01, 7.4740442633628845e-01},
    {-4.8177120089530945e-01, -2.1780997514724731e-01, 4.3955984711647034e-01, -1.0725166648626328e-01, -1.4800919294357300e+00, -2.6932951807975769e-01, 1.4546717405319214e+00, -1.0029060840606689e+00, -9.5179408788681030e-02, -1.2201563119888306e+00, 4.3443322181701660e-02, -2.2517997920513153e+00, -5.0553148984909058e-01, -4.2846890725195408e-01, -7.8170704841613770e-01, 1.9330410361289978e+00, 6.5009516477584839e-01, 6.8548113107681274e-01, -3.0311226844787598e-02, -1.7366346120834351e+00},
    {-2.0800650119781494e-01, 4.6759888529777527e-02, 7.7973347902297974e-01, -3.8069593906402588e-01, 7.7302271127700806e-01, -8.3364325761795044e-01, 1.4761707782745361e+00, -1.0575367510318756e-01, -6.1304047703742981e-02, 5.3370863199234009e-01, -1.8783768117427826e+00, 1.9973337650299072e-02, -1.8624055236577988e+00, -1.5746223330497742e+00, -5.5191624164581299e-01, -9.9000298976898193e-01, -8.4171186387538910e-01, -3.0311226844787598e-02, 1.2009060382843018e+00, -7.3104627430438995e-01},
    {4.2629423737525940e-01, -1.0629665851593018e+00, -6.7399358749389648e-01, 2.0395244657993317e-01, 1.0658030509948730e+00, 8.6997915059328079e-03, 4.6796584129333496e-01, -5.5739328265190125e-02, -6.3324904441833496e-01, 9.0432202816009521e-01, 7.7604675292968750e-01, -1.4277808070182800e+00, 3.3129274845123291e-02, 1.2323342263698578e+00, 2.8583612572401762e-01, -1.6963440775871277e+00, 7.4740442633628845e-01, -1.7366346120834351e+00, -7.3104627430438995e-01, -5.7507109642028809e-01},
    {3.5450510680675507e-02, -1.5902811884880066e+00, 1.4259050935506821e+00, -2.0491284132003784e-01, -2.0666839182376862e-01, -1.0615119710564613e+00, -7.1606715023517609e-01, -8.5221204161643982e-01, -3.5358624160289764e-01, -9.2392286658287048e-01, -4.5203277468681335e-01, 7.3227465152740479e-01, 8.2717519998550415e-01, 1.5593923628330231e-01, -1.6554845869541168e-01, -1.8863093852996826e+00, -9.4080173969268799e-01, 4.8177120089530945e-01, 2.0800650119781494e-01, -4.2629423737525940e-01},
    {-1.5902811884880066e+00, -1.4023794233798981e-01, -2.2260391712188721e-01, 4.9804592132568359e-01, -6.2808960676193237e-01, 1.4841346144676208e+00, 2.0367052853107452e+00, 8.8972365856170654e-01, -1.1033395528793335e+00, -1.2514021992683411e+00, 5.0091409683227539e-01, -4.3035936355590820e-01, 6.8194985389709473e-01, -5.5408768355846405e-02, 1.9060089588165283e+00, -8.1879085302352905e-01, 2.2801795601844788e-01, 2.1780997514724731e-01, -4.6759888529777527e-02, 1.0629665851593018e+00},
    {1.4259050935506821e+00, -2.2260391712188721e-01, -2.5802826881408691e+00, -1.1963782086968422e-01, -1.4397889971733093e+00, -5.2364377304911613e-02, -5.2982598543167114e-01, 6.3128280639648438e-01, -4.5783865451812744e+00, 2.6580500602722168e-01, 3.6135382950305939e-02, -5.3922015428543091e-01, -1.6992520093917847e+00, -1.0019652545452118e-01, 1.0547828674316406e+00, 4.7111424803733826e-01, 1.5716444253921509e+00, -4.3955984711647034e-01, -7.7973347902297974e-01, 6.7399358749389648e-01},
    {-2.0491284132003784e-01, 4.9804592132568359e-01, -1.1963782086968422e-01, -8.7517207860946655e-01, 1.7847554683685303e+00, -2.2359958291053772e-01, 9.9085891246795654e-01, 3.4725862741470337e-01, -1.2546771317720413e+00, 8.0692595243453979e-01, -1.2523231506347656e+00, 5.3785508871078491e-01, -8.9474838972091675e-01, -3.2665970921516418e-01, 2.5027348995208740e+00, 2.1736648082733154e+00, -2.8989180922508240e-01, 1.0725166648626328e-01, 3.8069593906402588e-01, -2.0395244657993317e-01},
    {-2.0666839182376862e-01, -6.2808960676193237e-01, -1.4397889971733093e+00, 1.7847554683685303e+00, -8.8592422008514404e-01, -3.6469227075576782e-01, -4.7918772697448730e-01, 4.7597537934780121e-01, -2.3066121339797974e-01, -2.5315617918968201e+00, -9.9889707565307617e-01, -2.5778551101684570e+00, -1.3548406362533569e+00, -7.2309744358062744e-01, 7.4274361133575439e-01, -8.2793027162551880e-01, 7.4629670381546021e-01, 1.4800919294357300e+00, -7.7302271127700806e-01, -1.0658030509948730e+00},
    {-1.0615119710564613e+00, 1.4841346144676208e+00, -5.2364377304911613e-02, -2.2359958291053772e-01, -3.6469227075576782e-01, -2.9691517353057861e+00, -2.8971302509307861e-01, 1.6076442003250122e+00, 5.9708915650844574e-02, 2.1247608661651611e+00, -1.4971057176589966e+00, -6.0781337320804596e-02, -1.8903470039367676e+00, 5.4658627510070801e-01, 1.9411727786064148e-01, 5.1142668724060059e-01, -5.2294528484344482e-01, 2.6932951807975769e-01, 8.3364325761795044e-01, -8.6997915059328079e-03},
    {-7.1606715023517609e-01, 2.0367052853107452e+00, -5.2982598543167114e-01, 9.9085891246795654e-01, -4.7918772697448730e-01, -2.8971302509307861e-01, 1.2804911136627197e+00, 1.1660977154970169e+00, -1.8694069981575012e+00, -1.5767207741737366e+00, -1.6454633474349976e+00, -5.2084106206893921e-01, -6.7222379148006439e-02, -4.0483576059341431e-01, -6.0724359750747681e-01, 8.2604938745498657e-01, 1.0263911485671997e+00, -1.4546717405319214e+00, -1.4761707782745361e+00, -4.6796584129333496e-01},
    {-8.5221204161643982e-01, 8.8972365856170654e-01, 6.3128280639648438e-01, 3.4725862741470337e-01, 4.7597537934780121e-01, 1.6076442003250122e+00, 1.1660977154970169e+00, -1.9743000268936157e+00, -1.4638507366180420e-01, 2.1027515679597855e+00, -1.5052062273025513e+00, -1.4722020626068115e+00, 3.5949146747589111e-01, 8.1763142347335815e-01, 4.8027470707893372e-01, -4.0858972072601318e-01, 6.5957999229431152e-01, 1.0029060840606689e+00, 1.0575367510318756e-01, 5.5739328265190125e-02},
    {-3.5358624160289764e-01, -1.1033395528793335e+00, -4.5783865451812744e+00, -1.2546771317720413e+00, -2.3066121339797974e-01, 5.9708915650844574e-02, -1.8694069981575012e+00, -1.4638507366180420e-01, -4.0793192386627197e-01, 1.1705987267196178e+00, 1.5580447912216187e+00, -5.8076210319995880e-02, -1.5591213703155518e+00, 1.2398396730422974e+00, 1.2621761858463287e-01, -4.1494897007942200e-01, 1.3778363466262817e+00, 9.5179408788681030e-02, 6.1304047703742981e-02, 6.3324904441833496e-01},
    {-9.2392286658287048e-01, -1.2514021992683411e+00, 2.6580500602722168e-01, 8.0692595243453979e-01, -2.5315617918968201e+00, 2.1247608661651611e+00, -1.5767207741737366e+00, 2.1027515679597855e+00, 1.1705987267196178e+00, 1.1927372217178345e+00, 1.8335841596126556e-02, 9.3246412277221680e-01, 7.4160999059677124e-01, -1.6085872650146484e+00, -8.2256317138671875e-01, 7.1104401350021362e-01, -2.8418609499931335e-01, 1.2201563119888306e+00, -5.3370863199234009e-01, -9.0432202816009521e-01}
}}};

static constexpr auto result = eigvals(mat);

int main() { return 0; }
