#include "../../consteig.hpp"

using namespace consteig;

static constexpr Matrix<double, 12, 12> mat
{{{
    {9.8363393545150757e-01, 2.3630729317665100e+00, -2.4762369394302368e+00, -2.0284936428070068e+00, 1.5445371568202972e+00, -3.8600728511810303e+00, 1.6476563513278961e+00, -2.8362147808074951e+00, -1.0592483282089233e+00, -1.9188183546066284e+00, -6.3104397058486938e-01, 1.8857798576354980e+00},
    {2.3630729317665100e+00, -3.8329297304153442e-01, -2.2961019873619080e+00, -2.2885075360536575e+00, 7.2787541151046753e-01, -1.8046907261013985e+00, 3.8687652349472046e-01, 4.5471489429473877e-03, 2.9043382406234741e-01, 1.6833634451031685e+00, -8.6393451690673828e-01, -5.0876611471176147e-01},
    {-2.4762369394302368e+00, -2.2961019873619080e+00, 2.5433301925659180e-02, 5.3406815510243177e-01, -4.4633463025093079e-02, 6.6195216774940491e-01, 1.2141876816749573e+00, 8.3069533109664917e-02, 5.4649427533149719e-02, -7.4434554576873779e-01, -2.7063813507556915e+00, 4.8379070758819580e+00},
    {-2.0284936428070068e+00, -2.2885075360536575e+00, 5.3406815510243177e-01, 1.8732714653015137e-01, 1.0488901436328888e+00, 4.8031382262706757e-01, 6.7278742790222168e-04, 1.8438301011919975e+00, 2.6727467775344849e-01, -9.4174098968505859e-01, 6.9294452667236328e-01, -7.6155871152877808e-01},
    {1.5445371568202972e+00, 7.2787541151046753e-01, -4.4633463025093079e-02, 1.0488901436328888e+00, -1.8297125101089478e+00, 1.2641924619674683e+00, -1.2295245528221130e+00, 1.8262379169464111e+00, -1.3459756374359131e+00, 7.6855978369712830e-01, -1.4501535296440125e+00, 5.3698281943798065e-01},
    {-3.8600728511810303e+00, -1.8046907261013985e+00, 6.6195216774940491e-01, 4.8031382262706757e-01, 1.2641924619674683e+00, -1.6653821468353271e+00, 8.0914062261581421e-01, -8.5024327039718628e-01, 8.6535377800464630e-01, -1.2131202220916748e-01, -1.2763824574649334e+00, 7.6289970800280571e-01},
    {1.6476563513278961e+00, 3.8687652349472046e-01, 1.2141876816749573e+00, 6.7278742790222168e-04, -1.2295245528221130e+00, 8.0914062261581421e-01, -8.0933123826980591e-01, -1.5590753555297852e+00, 1.2572034597396851e+00, 1.8037286996841431e+00, -6.5198922157287598e-01, 1.6858357191085815e-01},
    {-2.8362147808074951e+00, 4.5471489429473877e-03, 8.3069533109664917e-02, 1.8438301011919975e+00, 1.8262379169464111e+00, -8.5024327039718628e-01, -1.5590753555297852e+00, -2.2771024703979492e+00, -1.4062511920928955e-01, 4.2420938611030579e-02, 1.5038604736328125e+00, 4.9416820704936981e-01},
    {-1.0592483282089233e+00, 2.9043382406234741e-01, 5.4649427533149719e-02, 2.6727467775344849e-01, -1.3459756374359131e+00, 8.6535377800464630e-01, 1.2572034597396851e+00, -1.4062511920928955e-01, -7.3805236816406250e-01, 1.5761028528213501e+00, -7.1351900696754456e-01, 3.2347936034202576e+00},
    {-1.9188183546066284e+00, 1.6833634451031685e+00, -7.4434554576873779e-01, -9.4174098968505859e-01, 7.6855978369712830e-01, -1.2131202220916748e-01, 1.8037286996841431e+00, 4.2420938611030579e-02, 1.5761028528213501e+00, 3.5389137268066406e+00, 1.0151744186878204e+00, 2.6612891554832458e+00},
    {-6.3104397058486938e-01, -8.6393451690673828e-01, -2.7063813507556915e+00, 6.9294452667236328e-01, -1.4501535296440125e+00, -1.2763824574649334e+00, -6.5198922157287598e-01, 1.5038604736328125e+00, -7.1351900696754456e-01, 1.0151744186878204e+00, 1.9440357685089111e+00, -1.0785586833953857e+00},
    {1.8857798576354980e+00, -5.0876611471176147e-01, 4.8379070758819580e+00, -7.6155871152877808e-01, 5.3698281943798065e-01, 7.6289970800280571e-01, 1.6858357191085815e-01, 4.9416820704936981e-01, 3.2347936034202576e+00, 2.6612891554832458e+00, -1.0785586833953857e+00, 3.6833922863006592e+00}
}}};

static constexpr auto result = eigvals(mat);

int main() { return 0; }
