#include "../../consteig.hpp"

using namespace consteig;

static constexpr Matrix<double, 18, 18> mat
{{{
    {-3.1892356872558594e+00, -1.0615133345127106e+00, -1.3902964591979980e+00, -9.0879607945680618e-02, 4.2420442402362823e-01, -6.9457787275314331e-01, -8.7836366891860962e-01, 1.8900513648986816e-01, -1.6112800538539886e+00, 1.5524399280548096e-01, -9.5228970050811768e-02, 2.3760825395584106e-01, -1.2692546844482422e-01, 1.7095429301261902e+00, -1.6469506397843361e+00, 5.7051515579223633e-01, -9.2621144652366638e-01, 3.4764492511749268e-01},
    {-1.0615133345127106e+00, 2.1269562244415283e+00, -1.9414387941360474e+00, 1.8929249644279480e+00, -2.0541618466377258e+00, 1.1555349230766296e+00, 5.8746701478958130e-01, 1.0406167209148407e+00, -2.0177136063575745e+00, 4.1588326543569565e-01, -1.5339779853820801e+00, -2.2504540681838989e+00, -1.0808403789997101e+00, -1.4462057352066040e+00, 6.7240778170526028e-01, 2.8612762689590454e-02, 1.2442339956760406e+00, -9.3267217278480530e-01},
    {-1.3902964591979980e+00, -1.9414387941360474e+00, 1.7639091014862061e+00, -1.3684052377939224e+00, 8.7445883452892303e-01, 1.9386529922485352e-02, 1.2091486994177103e-01, 4.9573373794555664e-01, 1.0770834833383560e+00, 2.0995492339134216e+00, 4.5791020244359970e-01, 6.4274638891220093e-01, -1.1937645673751831e+00, 6.7938581109046936e-01, 9.5052778720855713e-02, 1.1937393620610237e+00, -3.6185437440872192e-01, 1.5794999897480011e+00},
    {-9.0879607945680618e-02, 1.8929249644279480e+00, -1.3684052377939224e+00, -4.8095118999481201e-01, -9.6785545349121094e-02, 1.2025258541107178e+00, 1.2793034315109253e+00, -1.2353746294975281e+00, 7.9976052045822144e-01, 7.1235299110412598e-03, -1.1249112859368324e+00, 3.7665903568267822e-02, 5.8701834082603455e-01, 3.0402065515518188e+00, -1.6552758216857910e+00, -2.5208899974822998e+00, -1.4043259620666504e-01, 2.3292773365974426e+00},
    {4.2420442402362823e-01, -2.0541618466377258e+00, 8.7445883452892303e-01, -9.6785545349121094e-02, -2.1969120502471924e+00, -1.9112044125795364e+00, -1.9893791973590851e+00, 1.0841869711875916e+00, -1.2412793636322021e+00, -9.4753786921501160e-01, 1.2229269146919250e+00, 3.4754019975662231e+00, -2.0200755894184113e+00, -9.6050210297107697e-02, 1.4857504367828369e+00, 1.6776511073112488e+00, 1.4096662402153015e-01, -1.0327667891979218e+00},
    {-6.9457787275314331e-01, 1.1555349230766296e+00, 1.9386529922485352e-02, 1.2025258541107178e+00, -1.9112044125795364e+00, 9.3527066707611084e-01, -3.0695354938507080e+00, -1.4449923634529114e+00, 5.9848231077194214e-01, 6.1398071050643921e-01, -1.3692328333854675e+00, 4.7622710466384888e-01, -7.3751762509346008e-01, 1.4848914742469788e-01, -9.6288740634918213e-01, 2.1857455968856812e+00, 3.1531186401844025e-01, 3.2990485429763794e-01},
    {-8.7836366891860962e-01, 5.8746701478958130e-01, 1.2091486994177103e-01, 1.2793034315109253e+00, -1.9893791973590851e+00, -3.0695354938507080e+00, 1.0107692480087280e+00, -2.1021777391433716e-01, -2.3146156966686249e-01, -1.8154765963554382e+00, 7.3102633701637387e-01, 8.4754078090190887e-01, 7.7713957801461220e-01, -3.4664990752935410e-01, 2.2163801193237305e+00, -1.7599011659622192e+00, 6.1883687973022461e-01, -1.7719156146049500e+00},
    {1.8900513648986816e-01, 1.0406167209148407e+00, 4.9573373794555664e-01, -1.2353746294975281e+00, 1.0841869711875916e+00, -1.4449923634529114e+00, -2.1021777391433716e-01, 1.4766967855393887e-02, 1.1342803537845612e+00, 2.7505373954772949e+00, -2.9176426529884338e+00, -1.0777068138122559e-01, 2.0478575676679611e-01, -7.2102907299995422e-01, 6.1476287245750427e-01, -1.0046911239624023e+00, 5.6970704346895218e-01, 6.5434691309928894e-01},
    {-1.6112800538539886e+00, -2.0177136063575745e+00, 1.0770834833383560e+00, 7.9976052045822144e-01, -1.2412793636322021e+00, 5.9848231077194214e-01, -2.3146156966686249e-01, 1.1342803537845612e+00, -2.8182082176208496e+00, 2.9311701655387878e-01, -3.3014068007469177e-01, 2.4473406374454498e+00, 2.1348646283149719e-01, -8.9065384864807129e-01, -6.6244950890541077e-01, -1.9079433679580688e+00, -1.8971644639968872e+00, -4.2801511287689209e-01},
    {1.5524399280548096e-01, 4.1588326543569565e-01, 2.0995492339134216e+00, 7.1235299110412598e-03, -9.4753786921501160e-01, 6.1398071050643921e-01, -1.8154765963554382e+00, 2.7505373954772949e+00, 2.9311701655387878e-01, 1.7954877614974976e+00, 6.3089108467102051e-01, -4.2667967081069946e-01, 9.9156755954027176e-01, -7.6852431893348694e-01, -2.9902642965316772e-01, 1.2737949192523956e-01, -1.2017024755477905e+00, 5.8183619379997253e-01},
    {-9.5228970050811768e-02, -1.5339779853820801e+00, 4.5791020244359970e-01, -1.1249112859368324e+00, 1.2229269146919250e+00, -1.3692328333854675e+00, 7.3102633701637387e-01, -2.9176426529884338e+00, -3.3014068007469177e-01, 6.3089108467102051e-01, -1.9755892753601074e+00, 4.2131567001342773e-01, -6.1492028599604964e-01, -1.9723869562149048e+00, 5.2861367166042328e-01, -2.2409349977970123e+00, -3.0431087613105774e+00, -5.5511206388473511e-01},
    {2.3760825395584106e-01, -2.2504540681838989e+00, 6.4274638891220093e-01, 3.7665903568267822e-02, 3.4754019975662231e+00, 4.7622710466384888e-01, 8.4754078090190887e-01, -1.0777068138122559e-01, 2.4473406374454498e+00, -4.2667967081069946e-01, 4.2131567001342773e-01, 2.0177466794848442e-02, -1.3962096571922302e+00, 4.5434918999671936e-01, 4.9148884415626526e-01, -1.4453746676445007e+00, 1.4185042381286621e+00, -1.6182982921600342e-01},
    {-1.2692546844482422e-01, -1.0808403789997101e+00, -1.1937645673751831e+00, 5.8701834082603455e-01, -2.0200755894184113e+00, -7.3751762509346008e-01, 7.7713957801461220e-01, 2.0478575676679611e-01, 2.1348646283149719e-01, 9.9156755954027176e-01, -6.1492028599604964e-01, -1.3962096571922302e+00, -3.0975000858306885e+00, -4.9503409862518311e-01, 2.9304426908493042e-01, 1.3590940237045288e+00, -1.3243699073791504e+00, 5.1747558265924454e-01},
    {1.7095429301261902e+00, -1.4462057352066040e+00, 6.7938581109046936e-01, 3.0402065515518188e+00, -9.6050210297107697e-02, 1.4848914742469788e-01, -3.4664990752935410e-01, -7.2102907299995422e-01, -8.9065384864807129e-01, -7.6852431893348694e-01, -1.9723869562149048e+00, 4.5434918999671936e-01, -4.9503409862518311e-01, 9.8587828874588013e-01, -7.9475843906402588e-01, -7.9552632570266724e-01, 1.5848270803689957e+00, 1.3311029672622681e+00},
    {-1.6469506397843361e+00, 6.7240778170526028e-01, 9.5052778720855713e-02, -1.6552758216857910e+00, 1.4857504367828369e+00, -9.6288740634918213e-01, 2.2163801193237305e+00, 6.1476287245750427e-01, -6.6244950890541077e-01, -2.9902642965316772e-01, 5.2861367166042328e-01, 4.9148884415626526e-01, 2.9304426908493042e-01, -7.9475843906402588e-01, -4.9788779020309448e-01, -5.2573174238204956e-01, -1.0648568868637085e+00, -5.0824320316314697e-01},
    {5.7051515579223633e-01, 2.8612762689590454e-02, 1.1937393620610237e+00, -2.5208899974822998e+00, 1.6776511073112488e+00, 2.1857455968856812e+00, -1.7599011659622192e+00, -1.0046911239624023e+00, -1.9079433679580688e+00, 1.2737949192523956e-01, -2.2409349977970123e+00, -1.4453746676445007e+00, 1.3590940237045288e+00, -7.9552632570266724e-01, -5.2573174238204956e-01, -2.2165739536285400e+00, 2.1698676049709320e-01, 3.5526989698410034e+00},
    {-9.2621144652366638e-01, 1.2442339956760406e+00, -3.6185437440872192e-01, -1.4043259620666504e-01, 1.4096662402153015e-01, 3.1531186401844025e-01, 6.1883687973022461e-01, 5.6970704346895218e-01, -1.8971644639968872e+00, -1.2017024755477905e+00, -3.0431087613105774e+00, 1.4185042381286621e+00, -1.3243699073791504e+00, 1.5848270803689957e+00, -1.0648568868637085e+00, 2.1698676049709320e-01, 3.2226967811584473e-01, 1.6694812178611755e+00},
    {3.4764492511749268e-01, -9.3267217278480530e-01, 1.5794999897480011e+00, 2.3292773365974426e+00, -1.0327667891979218e+00, 3.2990485429763794e-01, -1.7719156146049500e+00, 6.5434691309928894e-01, -4.2801511287689209e-01, 5.8183619379997253e-01, -5.5511206388473511e-01, -1.6182982921600342e-01, 5.1747558265924454e-01, 1.3311029672622681e+00, -5.0824320316314697e-01, 3.5526989698410034e+00, 1.6694812178611755e+00, -4.9563059210777283e-01}
}}};

static constexpr auto result = eigvals(mat);

int main() { return 0; }
