#include "../../consteig.hpp"

using namespace consteig;

static constexpr Matrix<double, 20, 20> mat
{{{
    {1.0000050573984145e+00, 1.0746804706667601e-06, -2.7908892994717667e-07, 5.1957252050729282e-07, -8.6905534645748819e-07, 9.9705440930294457e-07, 9.8428580840830632e-07, 9.6857998139710010e-07, -2.9690766395743493e-07, 1.2584913963083524e-06, -2.5494833998950167e-07, -4.5519315379028103e-08, -1.1911337051282146e-06, 1.2592136316704146e-07, -2.6848768141098975e-07, 3.7711144204905031e-07, -7.9137030369444389e-07, 6.2426479471376235e-07, 3.0314960195541361e-07, 8.1246306173325948e-07},
    {1.0746804706710851e-06, 1.0000057748276847e+00, 7.0085026060400376e-07, -2.9578744459981772e-07, 1.7700936042606819e-07, -5.0355384572332538e-07, 2.2088482672641452e-07, 2.3272338491629328e-08, -8.5416721663510405e-08, -3.0531153378728804e-07, 8.2896260875972155e-07, -4.2027220478043460e-07, -3.1068284254443097e-07, 5.6489894221388975e-07, -9.5921016440436621e-07, -6.6688147979687046e-07, 1.7461917618849224e-07, -2.5537111111649604e-07, -4.0980606779950526e-07, -2.5851379979383453e-07},
    {-2.7908892995063267e-07, 7.0085026063729692e-07, 1.0000063707533240e+00, -4.7193945496787120e-07, -1.1109845463874749e-06, 5.4759375857966580e-07, 1.2020909271574386e-06, 9.7337176351620420e-08, 6.1597419525186567e-07, 2.5447415462376444e-07, -5.5665596260020185e-07, -1.2836873157084502e-06, -8.8623608917161886e-07, 2.8546759651328364e-07, -1.0443217763615798e-07, 9.0456457237731041e-07, -6.9120154955527949e-07, 6.0786230049816260e-07, 8.3981475658280213e-07, 8.4480700448445408e-07},
    {5.1957252051350517e-07, -2.9578744458312334e-07, -4.7193945497013675e-07, 1.0000064504847432e+00, -2.3966374394804717e-07, 5.2937913780605973e-07, -4.9453937209547647e-07, -2.6099585674203376e-07, -4.7451473301726216e-07, -1.4864465026574512e-07, -8.1024211126339915e-07, 5.5686312790441867e-07, 1.2878968489591903e-07, -1.2246099198390476e-07, 2.2109072073997645e-07, -4.1671769155279904e-07, -6.3810775371038212e-07, -4.7357448160514795e-07, 2.5676335674778798e-07, -8.5174848151642083e-08},
    {-8.6905534649419521e-07, 1.7700936041687447e-07, -1.1109845464062043e-06, -2.3966374395121725e-07, 1.0000054334250075e+00, 1.8222177547073912e-07, -5.7998198215080715e-07, -5.4341858080251820e-07, 1.9440411957536064e-07, 1.6686497482317038e-07, 8.5922759932481717e-08, 2.0410405542876170e-07, -1.0488838840338645e-07, -4.5539210452818594e-07, -1.4459720902111494e-07, 1.4892098593600180e-06, -1.0805449673791214e-06, 1.4199110347943563e-06, -4.4780029611353740e-08, -1.2193707748728410e-06},
    {9.9705440930516803e-07, -5.0355384574772173e-07, 5.4759375859630926e-07, 5.2937913782807358e-07, 1.8222177548322987e-07, 1.0000029228838969e+00, -4.4113871841817810e-07, 7.2420883587993463e-07, -6.4092004942737023e-07, -7.3285641682283997e-07, -2.5362478578550337e-07, 4.1468548285314867e-07, -6.5671496387708098e-07, 1.2710348296196187e-07, 1.6010666661006211e-07, 5.7557961843065179e-07, 4.8870726778397418e-07, -2.7813797881617903e-07, 6.9864058518414149e-07, -3.2585404854443365e-07},
    {9.8428580840948667e-07, 2.2088482670906180e-07, 1.2020909271624917e-06, -4.9453937211600474e-07, -5.7998198216339946e-07, -4.4113871844109225e-07, 1.0000041319771114e+00, -6.5418366507640942e-07, -7.9563141589407534e-07, -1.5022213201655583e-06, -5.3183740193272773e-08, -1.1867093942630359e-06, 7.0015468130736445e-07, -2.6898660580552748e-07, 1.0723652012037445e-07, -2.3700651591168159e-07, -2.0955880988526760e-06, 3.0638718697445501e-07, 1.1275800890095136e-08, 2.7670006047826269e-07},
    {9.6857998140411481e-07, 2.3272338476864630e-08, 9.7337176365856396e-08, -2.6099585671588389e-07, -5.4341858078325890e-07, 7.2420883588695208e-07, -6.5418366508489309e-07, 1.0000059501569507e+00, 6.8059761254639164e-07, 6.8425778835322792e-08, -5.2540437161296540e-07, 5.4740075415043265e-07, 2.2468639250922292e-07, 9.7645089016742817e-07, 1.2174446482515205e-06, 7.6547962925996164e-07, -5.4424116135604462e-07, 4.0169305558483910e-07, -1.7168456318898033e-06, 4.2967545129367795e-07},
    {-2.9690766394338636e-07, -8.5416721665874527e-08, 6.1597419528392301e-07, -4.7451473299638248e-07, 1.9440411956519719e-07, -6.4092004942700335e-07, -7.9563141590451830e-07, 6.8059761256101831e-07, 1.0000043493677513e+00, -1.0970758625781342e-06, -2.0477999908720949e-07, 3.4077901394215949e-07, -8.1997105536316423e-07, -5.7657041078967084e-10, 2.2498234327710709e-07, 5.5339050415828254e-07, -2.3225207215348838e-07, 5.7289711191034342e-07, 2.3793860599763371e-07, -1.5142599261187566e-07},
    {1.2584913963732489e-06, -3.0531153378079664e-07, 2.5447415461496176e-07, -1.4864465026801660e-07, 1.6686497484003883e-07, -7.3285641681762405e-07, -1.5022213201637148e-06, 6.8425778824690331e-08, -1.0970758625942757e-06, 1.0000053904927817e+00, 3.4393046069675333e-07, -6.4526724722184531e-07, -5.3543732069934984e-07, 1.2394259191250649e-06, -7.0204289118192358e-07, -3.9647348065338291e-08, 2.3286103788257248e-07, -2.6655560188274165e-08, -7.9701324083218913e-07, 6.4875083982654302e-07},
    {-2.5494833995813222e-07, 8.2896260878050551e-07, -5.5665596262046564e-07, -8.1024211126603131e-07, 8.5922759949043237e-08, -2.5362478575740253e-07, -5.3183740202892176e-08, -5.2540437155471961e-07, -2.0477999909983772e-07, 3.4393046071720753e-07, 1.0000047060389174e+00, -5.5153111728568342e-09, 1.2988349814233292e-06, 4.3335988384669499e-07, -6.6743213760197349e-08, 6.6634431321139031e-07, 7.8482601858173072e-07, -2.2443197179323758e-07, 1.2000610264397319e-06, 1.6842985608114678e-07},
    {-4.5519315381716069e-08, -4.2027220477141863e-07, -1.2836873157152936e-06, 5.5686312791168103e-07, 2.0410405546324452e-07, 4.1468548285418237e-07, -1.1867093942091176e-06, 5.4740075418100599e-07, 3.4077901394185032e-07, -6.4526724719666239e-07, -5.5153111918212782e-09, 1.0000035332163077e+00, -7.6015101148749118e-07, -1.8254261894133315e-06, 7.2640048085028946e-07, -1.1083123967479003e-07, -4.4788118795580916e-07, -1.4806394552639776e-07, -2.7873226586140214e-07, -9.4045442024630921e-07},
    {-1.1911337051218017e-06, -3.1068284250909731e-07, -8.8623608918702183e-07, 1.2878968485951405e-07, -1.0488838839312780e-07, -6.5671496384167712e-07, 7.0015468131752451e-07, 2.2468639251362119e-07, -8.1997105536061339e-07, -5.3543732068256292e-07, 1.2988349814072212e-06, -7.6015101145467596e-07, 1.0000053497268426e+00, 1.0214704695904735e-06, 1.7784959750170769e-07, 3.2489395828355011e-07, 4.8836107186079901e-07, 4.0630728388608019e-07, -8.6721581130922696e-08, 5.3945130563055637e-07},
    {1.2592136319986751e-07, 5.6489894219878281e-07, 2.8546759649628835e-07, -1.2246099199190551e-07, -4.5539210452903800e-07, 1.2710348297062575e-07, -2.6898660580178894e-07, 9.7645089018035220e-07, -5.7657041530448001e-10, 1.2394259192185693e-06, 4.3335988379910598e-07, -1.8254261894011249e-06, 1.0214704696072208e-06, 1.0000041824338184e+00, 9.5816354379783366e-07, 2.8461590480807630e-07, -3.0313982042746739e-08, 8.8782896560089230e-07, 4.6514799706366479e-07, 5.4266626884735402e-07},
    {-2.6848768141799720e-07, -9.5921016439847128e-07, -1.0443217762851703e-07, 2.2109072073583215e-07, -1.4459720898938482e-07, 1.6010666659216145e-07, 1.0723652010268716e-07, 1.2174446482498130e-06, 2.2498234328919893e-07, -7.0204289113047945e-07, -6.6743213787150771e-08, 7.2640048086137966e-07, 1.7784959752873304e-07, 9.5816354377230388e-07, 1.0000040258260183e+00, 1.5794600683726967e-06, -7.0330750581081807e-07, -9.3546690074460589e-07, -3.8306315824289867e-07, 1.8116426531659032e-07},
    {3.7711144206594550e-07, -6.6688147976980627e-07, 9.0456457236980401e-07, -4.1671769155690715e-07, 1.4892098593039812e-06, 5.7557961843715573e-07, -2.3700651593026258e-07, 7.6547962928027561e-07, 5.5339050414308179e-07, -3.9647348086233879e-08, 6.6634431321367941e-07, -1.1083123968274835e-07, 3.2489395825543269e-07, 2.8461590480812325e-07, 1.5794600684410901e-06, 1.0000040099665013e+00, -1.1311346346045761e-07, 8.8089329494381319e-08, -2.9618547196344290e-07, 6.5059289665373010e-07},
    {-7.9137030369726218e-07, 1.7461917619207768e-07, -6.9120154956357946e-07, -6.3810775370334063e-07, -1.0805449673522427e-06, 4.8870726779124648e-07, -2.0955880988678396e-06, -5.4424116135080731e-07, -2.3225207218151249e-07, 2.3286103788430892e-07, 7.8482601857895298e-07, -4.4788118798443956e-07, 4.8836107186424887e-07, -3.0313982067099770e-08, -7.0330750583931088e-07, -1.1311346345146781e-07, 1.0000064371058395e+00, -4.0460124323309427e-07, -1.3985876492749036e-07, 7.6346749625832435e-09},
    {6.2426479471559268e-07, -2.5537111111856312e-07, 6.0786230051722179e-07, -4.7357448158444186e-07, 1.4199110348017431e-06, -2.7813797882850913e-07, 3.0638718698230039e-07, 4.0169305558186183e-07, 5.7289711186716009e-07, -2.6655560164967871e-08, -2.2443197177775678e-07, -1.4806394551905319e-07, 4.0630728385136661e-07, 8.8782896559898912e-07, -9.3546690077188681e-07, 8.8089329520987365e-08, -4.0460124323326463e-07, 1.0000058022758505e+00, -6.6117238061383439e-07, -4.6574887047272815e-08},
    {3.0314960195548376e-07, -4.0980606784743255e-07, 8.3981475661446422e-07, 2.5676335673002713e-07, -4.4780029622058476e-08, 6.9864058519079599e-07, 1.1275800836655272e-08, -1.7168456318783624e-06, 2.3793860603229400e-07, -7.9701324083639031e-07, 1.2000610264307830e-06, -2.7873226585872975e-07, -8.6721581149297911e-08, 4.6514799706293099e-07, -3.8306315823592442e-07, -2.9618547196733364e-07, -1.3985876494157797e-07, -6.6117238058436643e-07, 1.0000057306065580e+00, 1.2425476776588851e-07},
    {8.1246306170652458e-07, -2.5851379975540115e-07, 8.4480700451673525e-07, -8.5174848123604273e-08, -1.2193707748716386e-06, -3.2585404852135062e-07, 2.7670006047820938e-07, 4.2967545130257487e-07, -1.5142599261011878e-07, 6.4875083983177747e-07, 1.6842985609055361e-07, -9.4045442021705492e-07, 5.3945130559610023e-07, 5.4266626881613683e-07, 1.8116426535158194e-07, 6.5059289665166070e-07, 7.6346749360667729e-09, -4.6574887013444774e-08, 1.2425476777064209e-07, 1.0000043910356791e+00}
}}};

static constexpr auto result = eigvals(mat);

int main() { return 0; }
