#include "../../consteig.hpp"

using namespace consteig;

static constexpr Matrix<double, 20, 20> mat
{{{
    {-1.1444408893585205e+00, 3.8149750232696533e-01, -1.9806627929210663e-01, 7.9634857177734375e-01, -1.9420671463012695e-01, -7.6253283023834229e-01, -1.9379024505615234e+00, 3.5352820158004761e-01, -3.4008753299713135e-01, -8.7854135036468506e-01, -1.5776501893997192e+00, -1.6461987122893333e+00, -9.7959864139556885e-01, 1.3240831643342972e+00, -2.1673868298530579e+00, -2.2554695010185242e+00, 1.6573938727378845e+00, -2.0128324627876282e+00, -1.5624949932098389e+00, -1.0951591730117798e+00},
    {-1.0235208272933960e+00, -3.5756972432136536e-01, -3.7555792927742004e-01, 2.7049309015274048e-01, 6.6483467817306519e-02, 1.1194354295730591e-01, -1.0672475397586823e-01, -1.5175292491912842e+00, -9.3718640506267548e-02, -1.1657400131225586e+00, -1.6461987122893333e+00, -2.0227744579315186e+00, -2.9517837762832642e+00, 2.5447681546211243e+00, 7.2296848893165588e-01, -4.7052412852644920e-01, 1.0594306886196136e+00, 1.0038710236549377e+00, 7.7797257900238037e-01, -1.7022719383239746e+00},
    {5.5761629343032837e-01, -9.3774151802062988e-01, 4.2410522699356079e-02, -3.1373995542526245e-01, 1.2538915872573853e+00, -6.2468278408050537e-01, 9.8278242349624634e-01, -1.7067521810531616e-01, 1.3433380126953125e+00, 8.5643351078033447e-01, -9.7959864139556885e-01, -2.9517837762832642e+00, -1.6938205957412720e+00, 1.6126680788584054e+00, 1.1577391028404236e+00, 1.0715011358261108e+00, 2.1882250458002090e+00, -1.1090959310531616e+00, -1.9540379047393799e+00, -6.4005920290946960e-01},
    {3.1396514177322388e-01, 3.8806396722793579e-01, -5.2279997617006302e-02, -1.7435755729675293e+00, 9.5756435394287109e-01, -1.1720069684088230e-02, -3.7066081166267395e-01, 1.6379435062408447e+00, -2.2032316029071808e-01, -6.0573136806488037e-01, 1.3240831643342972e+00, 2.5447681546211243e+00, 1.6126680788584054e+00, -1.7599780559539795e+00, -3.9330124855041504e-01, -4.3776297569274902e-01, -1.6475489437580109e+00, 4.2490667710080743e-01, -1.8830186128616333e-01, 6.7779284715652466e-01},
    {1.0131984949111938e-01, 6.7338168621063232e-01, 5.1782214641571045e-01, -1.0362199544906616e+00, 1.0830466747283936e+00, 1.3416178226470947e+00, 1.6672874689102173e+00, -8.0288261175155640e-01, 1.6109068393707275e+00, 3.7534180283546448e-01, -2.1673868298530579e+00, 7.2296848893165588e-01, 1.1577391028404236e+00, -3.9330124855041504e-01, -1.6397180557250977e+00, 4.0312633514404297e+00, -1.6659209132194519e+00, -1.4931311607360840e+00, 1.3167871534824371e+00, -1.0708103179931641e+00},
    {7.9259318113327026e-01, 1.1152485609054565e+00, 2.1871042251586914e-01, 1.1251136064529419e+00, -1.3666821718215942e+00, -2.3098118603229523e-02, 1.1261733770370483e+00, -2.1080710887908936e+00, 1.1725473403930664e+00, 2.2230195999145508e+00, -2.2554695010185242e+00, -4.7052412852644920e-01, 1.0715011358261108e+00, -4.3776297569274902e-01, 4.0312633514404297e+00, -2.4203264713287354e+00, 1.7267237901687622e+00, 3.1796779632568359e+00, -3.6578553915023804e-01, -1.5054934620857239e+00},
    {7.8410965204238892e-01, 1.2041095644235611e-01, 1.2789716720581055e+00, 8.1894832849502563e-01, -1.4722406631335616e-03, 3.4942343831062317e-01, -5.7447254657745361e-01, 1.6128790378570557e-01, -1.8435800075531006e+00, 7.2878086566925049e-01, 1.6573938727378845e+00, 1.0594306886196136e+00, 2.1882250458002090e+00, -1.6475489437580109e+00, -1.6659209132194519e+00, 1.7267237901687622e+00, -9.7323608398437500e-01, 1.0681951045989990e-01, 1.2698646187782288e+00, -1.3791412413120270e+00},
    {1.5005640685558319e-01, 1.8147649765014648e+00, -4.8912608623504639e-01, -3.3268474042415619e-02, 3.0377206206321716e-01, -8.3260530233383179e-01, 8.5868217051029205e-02, 1.4264663457870483e+00, 1.4997289180755615e+00, -3.5359617322683334e-02, -2.0128324627876282e+00, 1.0038710236549377e+00, -1.1090959310531616e+00, 4.2490667710080743e-01, -1.4931311607360840e+00, 3.1796779632568359e+00, 1.0681951045989990e-01, -2.7896288037300110e-01, 9.5376253128051758e-02, -8.0665633082389832e-01},
    {-6.4029210805892944e-01, 1.7206860780715942e+00, -2.3851682245731354e-01, -1.5954703092575073e+00, -4.9534773826599121e-01, 1.3884645700454712e-01, -2.2073335945606232e-02, -2.8155219554901123e-01, 1.2553395032882690e+00, 7.0323157310485840e-01, -1.5624949932098389e+00, 7.7797257900238037e-01, -1.9540379047393799e+00, -1.8830186128616333e-01, 1.3167871534824371e+00, -3.6578553915023804e-01, 1.2698646187782288e+00, 9.5376253128051758e-02, -4.6190810203552246e+00, 9.5131802558898926e-01},
    {-7.1576249599456787e-01, 2.8359097242355347e-01, -4.3692031502723694e-01, -1.2171399593353271e+00, -4.0975672006607056e-01, 6.3565716147422791e-02, 1.3701615333557129e+00, -1.0150142908096313e+00, -1.7670013010501862e-01, 1.1777736246585846e-01, -1.0951591730117798e+00, -1.7022719383239746e+00, -6.4005920290946960e-01, 6.7779284715652466e-01, -1.0708103179931641e+00, -1.5054934620857239e+00, -1.3791412413120270e+00, -8.0665633082389832e-01, 9.5131802558898926e-01, -1.2546912431716919e+00},
    {6.3156399726867676e+00, -7.7031286060810089e-01, -2.5287586450576782e-01, -7.9216714203357697e-01, 1.0185647308826447e+00, 1.8830579221248627e+00, -1.1666755527257919e+00, -6.3157725334167480e-01, -2.3760236501693726e+00, -1.5053714513778687e+00, 1.1444408893585205e+00, 1.0235208272933960e+00, -5.5761629343032837e-01, -3.1396514177322388e-01, -1.0131984949111938e-01, -7.9259318113327026e-01, -7.8410965204238892e-01, -1.5005640685558319e-01, 6.4029210805892944e-01, 7.1576249599456787e-01},
    {-7.7031286060810089e-01, -9.3243277072906494e-01, -2.2376626729965210e-01, 1.1754743754863739e+00, -2.3914890885353088e+00, 8.0969403125345707e-01, 9.0614223480224609e-01, -1.5710288584232330e+00, -1.1751493141055107e+00, -4.8213339596986771e-01, -3.8149750232696533e-01, 3.5756972432136536e-01, 9.3774151802062988e-01, -3.8806396722793579e-01, -6.7338168621063232e-01, -1.1152485609054565e+00, -1.2041095644235611e-01, -1.8147649765014648e+00, -1.7206860780715942e+00, -2.8359097242355347e-01},
    {-2.5287586450576782e-01, -2.2376626729965210e-01, 2.9020022600889206e-02, -2.0581046342849731e+00, -1.1728043556213379e+00, -3.1041800975799561e-02, 1.1105890572071075e+00, 4.2034630477428436e-01, 9.7005227208137512e-01, 1.4565491983667016e+00, 1.9806627929210663e-01, 3.7555792927742004e-01, -4.2410522699356079e-02, 5.2279997617006302e-02, -5.1782214641571045e-01, -2.1871042251586914e-01, -1.2789716720581055e+00, 4.8912608623504639e-01, 2.3851682245731354e-01, 4.3692031502723694e-01},
    {-7.9216714203357697e-01, 1.1754743754863739e+00, -2.0581046342849731e+00, -4.3937687873840332e+00, -8.6898088455200195e-02, -1.3832243680953979e+00, -6.3578900694847107e-01, 1.4539688825607300e-02, -7.2804858349263668e-01, -2.7690134942531586e-01, -7.9634857177734375e-01, -2.7049309015274048e-01, 3.1373995542526245e-01, 1.7435755729675293e+00, 1.0362199544906616e+00, -1.1251136064529419e+00, -8.1894832849502563e-01, 3.3268474042415619e-02, 1.5954703092575073e+00, 1.2171399593353271e+00},
    {1.0185647308826447e+00, -2.3914890885353088e+00, -1.1728043556213379e+00, -8.6898088455200195e-02, 2.6416213512420654e+00, 1.7670141458511353e+00, 8.8036879897117615e-01, -1.8718364834785461e-01, -1.8533352836966515e+00, -4.1608619131147861e-01, 1.9420671463012695e-01, -6.6483467817306519e-02, -1.2538915872573853e+00, -9.5756435394287109e-01, -1.0830466747283936e+00, 1.3666821718215942e+00, 1.4722406631335616e-03, -3.0377206206321716e-01, 4.9534773826599121e-01, 4.0975672006607056e-01},
    {1.8830579221248627e+00, 8.0969403125345707e-01, -3.1041800975799561e-02, -1.3832243680953979e+00, 1.7670141458511353e+00, -3.5810494422912598e+00, 3.2064123451709747e-01, -1.1609309911727905e-01, 1.3250151276588440e+00, -1.1663310155272484e+00, 7.6253283023834229e-01, -1.1194354295730591e-01, 6.2468278408050537e-01, 1.1720069684088230e-02, -1.3416178226470947e+00, 2.3098118603229523e-02, -3.4942343831062317e-01, 8.3260530233383179e-01, -1.3884645700454712e-01, -6.3565716147422791e-02},
    {-1.1666755527257919e+00, 9.0614223480224609e-01, 1.1105890572071075e+00, -6.3578900694847107e-01, 8.8036879897117615e-01, 3.2064123451709747e-01, -1.2677747011184692e-01, 1.6655020713806152e+00, -1.0780041515827179e+00, -2.7775275707244873e-01, 1.9379024505615234e+00, 1.0672475397586823e-01, -9.8278242349624634e-01, 3.7066081166267395e-01, -1.6672874689102173e+00, -1.1261733770370483e+00, 5.7447254657745361e-01, -8.5868217051029205e-02, 2.2073335945606232e-02, -1.3701615333557129e+00},
    {-6.3157725334167480e-01, -1.5710288584232330e+00, 4.2034630477428436e-01, 1.4539688825607300e-02, -1.8718364834785461e-01, -1.1609309911727905e-01, 1.6655020713806152e+00, -7.3356270790100098e-02, -1.2437218427658081e-01, -9.0144671499729156e-01, -3.5352820158004761e-01, 1.5175292491912842e+00, 1.7067521810531616e-01, -1.6379435062408447e+00, 8.0288261175155640e-01, 2.1080710887908936e+00, -1.6128790378570557e-01, -1.4264663457870483e+00, 2.8155219554901123e-01, 1.0150142908096313e+00},
    {-2.3760236501693726e+00, -1.1751493141055107e+00, 9.7005227208137512e-01, -7.2804858349263668e-01, -1.8533352836966515e+00, 1.3250151276588440e+00, -1.0780041515827179e+00, -1.2437218427658081e-01, 2.1107132732868195e-01, -1.7427001595497131e+00, 3.4008753299713135e-01, 9.3718640506267548e-02, -1.3433380126953125e+00, 2.2032316029071808e-01, -1.6109068393707275e+00, -1.1725473403930664e+00, 1.8435800075531006e+00, -1.4997289180755615e+00, -1.2553395032882690e+00, 1.7670013010501862e-01},
    {-1.5053714513778687e+00, -4.8213339596986771e-01, 1.4565491983667016e+00, -2.7690134942531586e-01, -4.1608619131147861e-01, -1.1663310155272484e+00, -2.7775275707244873e-01, -9.0144671499729156e-01, -1.7427001595497131e+00, -1.2869423627853394e+00, 8.7854135036468506e-01, 1.1657400131225586e+00, -8.5643351078033447e-01, 6.0573136806488037e-01, -3.7534180283546448e-01, -2.2230195999145508e+00, -7.2878086566925049e-01, 3.5359617322683334e-02, -7.0323157310485840e-01, -1.1777736246585846e-01}
}}};

static constexpr auto result = eigvals(mat);

int main() { return 0; }
