#include "../../consteig.hpp"

using namespace consteig;

static constexpr Matrix<double, 14, 14> mat
{{{
    {1.6227495670318604e+00, -5.3830522298812866e-01, -1.1565769016742706e+00, -3.7716257572174072e-01, -4.7060024738311768e-01, 1.5487021207809448e-01, 1.3291244208812714e+00, -3.2168222069740295e+00, 8.9779376983642578e-02, 1.5141970515251160e+00, 9.4423401355743408e-01, 2.8609931468963623e-02, 1.4670073986053467e-02, 1.2367320656776428e+00},
    {-5.3830522298812866e-01, -1.3240056037902832e+00, -4.4030408561229706e-01, 1.2503019869327545e+00, -2.0635142922401428e-02, -2.7615840435028076e+00, 2.7473083734512329e+00, 1.7509697675704956e+00, 2.0276951193809509e+00, 1.8721928298473358e+00, -3.1485795974731445e-02, -5.9309028834104538e-01, 1.3964335918426514e+00, 8.5064893960952759e-01},
    {-1.1565769016742706e+00, -4.4030408561229706e-01, -4.2675466537475586e+00, -6.2247347831726074e-01, 1.2851726412773132e+00, 1.4382802993059158e+00, -5.5659514665603638e-01, -1.6152316331863403e-01, 5.3872121870517731e-01, -2.5865626931190491e+00, -4.2029452323913574e-01, 7.4213635921478271e-01, -6.7673701047897339e-01, -6.6155493259429932e-02},
    {-3.7716257572174072e-01, 1.2503019869327545e+00, -6.2247347831726074e-01, 4.3290238827466965e-02, 2.9857376217842102e-01, 1.6575455814599991e+00, -7.1846061944961548e-01, 6.5917646884918213e-01, -1.6111124753952026e+00, -1.3610556125640869e+00, -2.9581141471862793e+00, -3.1757235527038574e-01, -2.8215997219085693e+00, 1.6594432294368744e-02},
    {-4.7060024738311768e-01, -2.0635142922401428e-02, 1.2851726412773132e+00, 2.9857376217842102e-01, -3.5084050893783569e-01, 6.1619102954864502e-02, -2.1179326772689819e+00, 1.7153698056936264e+00, 1.1614829748868942e+00, -2.2957708537578583e+00, 1.2930296063423157e+00, 3.1852458417415619e-01, 8.5078161954879761e-01, -4.2428624629974365e-01},
    {1.5487021207809448e-01, -2.7615840435028076e+00, 1.4382802993059158e+00, 1.6575455814599991e+00, 6.1619102954864502e-02, -6.4847534894943237e-01, -4.8854138702154160e-01, -4.2145407199859619e-01, -9.4545555114746094e-01, -1.3059360384941101e+00, 3.8935267925262451e-01, 7.2138321399688721e-01, 1.2491940259933472e+00, 1.5293139219284058e+00},
    {1.3291244208812714e+00, 2.7473083734512329e+00, -5.5659514665603638e-01, -7.1846061944961548e-01, -2.1179326772689819e+00, -4.8854138702154160e-01, -4.5615258812904358e-01, 5.4524981975555420e-01, -1.6802859306335449e-01, -8.2052022218704224e-02, -7.8066033124923706e-01, -1.0091555118560791e-01, -2.2188735008239746e-01, 1.6677971482276917e+00},
    {-3.2168222069740295e+00, 1.7509697675704956e+00, -1.6152316331863403e-01, 6.5917646884918213e-01, 1.7153698056936264e+00, -4.2145407199859619e-01, 5.4524981975555420e-01, 8.6911714076995850e-01, 2.3625314533710480e+00, -2.8780771791934967e+00, -1.5776559710502625e-01, -3.5400623083114624e-01, -1.2750626024790108e+00, -1.5699282288551331e+00},
    {8.9779376983642578e-02, 2.0276951193809509e+00, 5.3872121870517731e-01, -1.6111124753952026e+00, 1.1614829748868942e+00, -9.4545555114746094e-01, -1.6802859306335449e-01, 2.3625314533710480e+00, 2.0938462018966675e-01, 1.8620520532131195e+00, 2.5338950157165527e+00, 1.4409585595130920e+00, -1.8660572469234467e+00, -8.4451859444379807e-01},
    {1.5141970515251160e+00, 1.8721928298473358e+00, -2.5865626931190491e+00, -1.3610556125640869e+00, -2.2957708537578583e+00, -1.3059360384941101e+00, -8.2052022218704224e-02, -2.8780771791934967e+00, 1.8620520532131195e+00, -7.9302883148193359e-01, -3.4298294782638550e-01, 1.3549149036407471e-01, -4.1374462246894836e+00, -2.2864663600921631e-01},
    {9.4423401355743408e-01, -3.1485795974731445e-02, -4.2029452323913574e-01, -2.9581141471862793e+00, 1.2930296063423157e+00, 3.8935267925262451e-01, -7.8066033124923706e-01, -1.5776559710502625e-01, 2.5338950157165527e+00, -3.4298294782638550e-01, -1.6504236459732056e+00, -1.5916509032249451e+00, 2.1066453158855438e+00, 1.9793550968170166e+00},
    {2.8609931468963623e-02, -5.9309028834104538e-01, 7.4213635921478271e-01, -3.1757235527038574e-01, 3.1852458417415619e-01, 7.2138321399688721e-01, -1.0091555118560791e-01, -3.5400623083114624e-01, 1.4409585595130920e+00, 1.3549149036407471e-01, -1.5916509032249451e+00, 1.2794722318649292e+00, -1.3592853248119354e+00, 3.9271497726440430e-01},
    {1.4670073986053467e-02, 1.3964335918426514e+00, -6.7673701047897339e-01, -2.8215997219085693e+00, 8.5078161954879761e-01, 1.2491940259933472e+00, -2.2188735008239746e-01, -1.2750626024790108e+00, -1.8660572469234467e+00, -4.1374462246894836e+00, 2.1066453158855438e+00, -1.3592853248119354e+00, -8.3527080714702606e-02, -4.0083542466163635e-01},
    {1.2367320656776428e+00, 8.5064893960952759e-01, -6.6155493259429932e-02, 1.6594432294368744e-02, -4.2428624629974365e-01, 1.5293139219284058e+00, 1.6677971482276917e+00, -1.5699282288551331e+00, -8.4451859444379807e-01, -2.2864663600921631e-01, 1.9793550968170166e+00, 3.9271497726440430e-01, -4.0083542466163635e-01, 1.5065155029296875e+00}
}}};

static constexpr auto result = eigvals(mat);

int main() { return 0; }
