#include "../../consteig.hpp"

using namespace consteig;

static constexpr Matrix<double, 10, 10> mat
{{{
    {-7.5576245784759521e-01, 1.0015246868133545e+00, -3.9839264750480652e-01, -4.2526257038116455e-01, 1.4294028282165527e+00, 5.0126027315855026e-02, -6.3495337963104248e-01, -9.4658684730529785e-01, -7.6073414087295532e-01, 7.9671669006347656e-01},
    {1.0015246868133545e+00, -7.5576245784759521e-01, 1.0015246868133545e+00, -3.9839264750480652e-01, -4.2526257038116455e-01, 1.4294028282165527e+00, 5.0126027315855026e-02, -6.3495337963104248e-01, -9.4658684730529785e-01, -7.6073414087295532e-01},
    {-3.9839264750480652e-01, 1.0015246868133545e+00, -7.5576245784759521e-01, 1.0015246868133545e+00, -3.9839264750480652e-01, -4.2526257038116455e-01, 1.4294028282165527e+00, 5.0126027315855026e-02, -6.3495337963104248e-01, -9.4658684730529785e-01},
    {-4.2526257038116455e-01, -3.9839264750480652e-01, 1.0015246868133545e+00, -7.5576245784759521e-01, 1.0015246868133545e+00, -3.9839264750480652e-01, -4.2526257038116455e-01, 1.4294028282165527e+00, 5.0126027315855026e-02, -6.3495337963104248e-01},
    {1.4294028282165527e+00, -4.2526257038116455e-01, -3.9839264750480652e-01, 1.0015246868133545e+00, -7.5576245784759521e-01, 1.0015246868133545e+00, -3.9839264750480652e-01, -4.2526257038116455e-01, 1.4294028282165527e+00, 5.0126027315855026e-02},
    {5.0126027315855026e-02, 1.4294028282165527e+00, -4.2526257038116455e-01, -3.9839264750480652e-01, 1.0015246868133545e+00, -7.5576245784759521e-01, 1.0015246868133545e+00, -3.9839264750480652e-01, -4.2526257038116455e-01, 1.4294028282165527e+00},
    {-6.3495337963104248e-01, 5.0126027315855026e-02, 1.4294028282165527e+00, -4.2526257038116455e-01, -3.9839264750480652e-01, 1.0015246868133545e+00, -7.5576245784759521e-01, 1.0015246868133545e+00, -3.9839264750480652e-01, -4.2526257038116455e-01},
    {-9.4658684730529785e-01, -6.3495337963104248e-01, 5.0126027315855026e-02, 1.4294028282165527e+00, -4.2526257038116455e-01, -3.9839264750480652e-01, 1.0015246868133545e+00, -7.5576245784759521e-01, 1.0015246868133545e+00, -3.9839264750480652e-01},
    {-7.6073414087295532e-01, -9.4658684730529785e-01, -6.3495337963104248e-01, 5.0126027315855026e-02, 1.4294028282165527e+00, -4.2526257038116455e-01, -3.9839264750480652e-01, 1.0015246868133545e+00, -7.5576245784759521e-01, 1.0015246868133545e+00},
    {7.9671669006347656e-01, -7.6073414087295532e-01, -9.4658684730529785e-01, -6.3495337963104248e-01, 5.0126027315855026e-02, 1.4294028282165527e+00, -4.2526257038116455e-01, -3.9839264750480652e-01, 1.0015246868133545e+00, -7.5576245784759521e-01}
}}};

static constexpr auto result = eigvals(mat);

int main() { return 0; }
