#include "../../consteig.hpp"

using namespace consteig;

static constexpr Matrix<double, 14, 14> mat
{{{
    {2.2509260475635529e-01, 7.7026718854904175e-01, 7.9130780696868896e-01, 9.5552778244018555e-01, 6.6806977987289429e-01, 1.1233708858489990e+00, 8.3087511360645294e-02, -6.8789482116699219e-01, -8.3312988281250000e-03, -5.6639887392520905e-02, -1.4922595918178558e+00, -1.5561951175332069e+00, 1.9029229674488306e+00, 1.0331909060478210e+00},
    {1.0557497739791870e+00, -1.7796656489372253e-01, -1.3543452024459839e+00, 9.1353011131286621e-01, -1.4951541423797607e+00, -3.2292298972606659e-02, 9.6627330780029297e-01, -8.3312988281250000e-03, -6.7689728736877441e-01, 1.8697879910469055e+00, 1.4208569526672363e+00, 1.6524311453104019e+00, -5.5802205204963684e-01, -1.6708048582077026e+00},
    {-1.8780851364135742e-01, 1.9327500462532043e-01, -7.8672844171524048e-01, -3.9229544997215271e-01, 1.1216777563095093e+00, -5.9336185455322266e-01, 7.7608460187911987e-01, -5.6639887392520905e-02, 1.8697879910469055e+00, -1.2886606156826019e-01, 8.1127414107322693e-01, -2.8155134916305542e+00, 9.5476108789443970e-01, 2.8195525407791138e+00},
    {-6.7923355102539062e-01, 1.0932896137237549e+00, -2.5661222934722900e+00, 1.1231008917093277e-01, 8.8874053955078125e-01, -1.9458184242248535e+00, -1.2242380380630493e+00, -1.4922595918178558e+00, 1.4208569526672363e+00, 8.1127414107322693e-01, 1.0960923433303833e+00, 4.2764413356781006e-01, -8.5904812812805176e-01, -9.3997866660356522e-01},
    {2.3536711931228638e-02, -1.2988154888153076e+00, 2.9820775985717773e-01, 1.9166335463523865e-01, 1.0515334606170654e+00, -1.9809155464172363e+00, 5.5745047330856323e-01, -1.5561951175332069e+00, 1.6524311453104019e+00, -2.8155134916305542e+00, 4.2764413356781006e-01, 3.8810983300209045e-01, -5.1199549343436956e-01, 1.2759704142808914e+00},
    {-1.2923858165740967e+00, 2.0097534656524658e+00, 2.4106147289276123e+00, 3.2866939902305603e-01, 5.2447533607482910e-01, 1.3227157592773438e+00, -7.8420639038085938e-01, 1.9029229674488306e+00, -5.5802205204963684e-01, 9.5476108789443970e-01, -8.5904812812805176e-01, -5.1199549343436956e-01, -1.2904489040374756e-01, 1.0434278845787048e+00},
    {-7.4588340520858765e-01, 6.7043292522430420e-01, 5.7931989431381226e-01, -2.1480219066143036e-01, 3.8137745857238770e-01, 9.0854883193969727e-01, -1.8124082088470459e+00, 1.0331909060478210e+00, -1.6708048582077026e+00, 2.8195525407791138e+00, -9.3997866660356522e-01, 1.2759704142808914e+00, 1.0434278845787048e+00, -1.6914848089218140e+00},
    {-3.0041563510894775e-01, -6.5042972564697266e-03, 1.8106973394751549e+00, 4.9991555511951447e-01, 2.8299617767333984e-01, -5.9810307621955872e-01, 1.9504033923149109e+00, -2.2509260475635529e-01, -1.0557497739791870e+00, 1.8780851364135742e-01, 6.7923355102539062e-01, -2.3536711931228638e-02, 1.2923858165740967e+00, 7.4588340520858765e-01},
    {-6.5042972564697266e-03, 7.9032313823699951e-01, 8.9604414999485016e-01, -6.2846444547176361e-01, -5.2755045890808105e-01, -3.7405967712402344e-01, -1.1753951907157898e+00, -7.7026718854904175e-01, 1.7796656489372253e-01, -1.9327500462532043e-01, -1.0932896137237549e+00, 1.2988154888153076e+00, -2.0097534656524658e+00, -6.7043292522430420e-01},
    {1.8106973394751549e+00, 8.9604414999485016e-01, 6.2039864063262939e-01, -1.0327138900756836e+00, 6.9647002220153809e-01, 7.5135624408721924e-01, 1.1911019980907440e+00, -7.9130780696868896e-01, 1.3543452024459839e+00, 7.8672844171524048e-01, 2.5661222934722900e+00, -2.9820775985717773e-01, -2.4106147289276123e+00, -5.7931989431381226e-01},
    {4.9991555511951447e-01, -6.2846444547176361e-01, -1.0327138900756836e+00, 5.8901816606521606e-01, 5.2741426229476929e-01, -1.0248064771294594e+00, -1.4194247126579285e+00, -9.5552778244018555e-01, -9.1353011131286621e-01, 3.9229544997215271e-01, -1.1231008917093277e-01, -1.9166335463523865e-01, -3.2866939902305603e-01, 2.1480219066143036e-01},
    {2.8299617767333984e-01, -5.2755045890808105e-01, 6.9647002220153809e-01, 5.2741426229476929e-01, -9.7669345140457153e-01, -1.5455516576766968e+00, 1.4874967336654663e+00, -6.6806977987289429e-01, 1.4951541423797607e+00, -1.1216777563095093e+00, -8.8874053955078125e-01, -1.0515334606170654e+00, -5.2447533607482910e-01, -3.8137745857238770e-01},
    {-5.9810307621955872e-01, -3.7405967712402344e-01, 7.5135624408721924e-01, -1.0248064771294594e+00, -1.5455516576766968e+00, 1.6852103471755981e+00, -6.3745610974729061e-01, -1.1233708858489990e+00, 3.2292298972606659e-02, 5.9336185455322266e-01, 1.9458184242248535e+00, 1.9809155464172363e+00, -1.3227157592773438e+00, -9.0854883193969727e-01},
    {1.9504033923149109e+00, -1.1753951907157898e+00, 1.1911019980907440e+00, -1.4194247126579285e+00, 1.4874967336654663e+00, -6.3745610974729061e-01, -1.6045597791671753e+00, -8.3087511360645294e-02, -9.6627330780029297e-01, -7.7608460187911987e-01, 1.2242380380630493e+00, -5.5745047330856323e-01, 7.8420639038085938e-01, 1.8124082088470459e+00}
}}};

static constexpr auto result = eigvals(mat);

int main() { return 0; }
