#include "../../consteig.hpp"

using namespace consteig;

static constexpr Matrix<double, 16, 16> mat
{{{
    {1.0000000000000002e+00, -7.6124822189176957e-17, -1.2587359650165645e-16, 1.4473034253300453e-16, 1.1098183197562215e-16, 9.6927338069780171e-17, -4.7180751786752636e-17, -5.6583940963816577e-17, -4.9273691963647743e-17, -1.8461736838944736e-16, 2.8252519761299176e-17, 3.5662859811835719e-17, -6.2429630929978948e-18, 1.4024490454837503e-16, 1.5727913489197728e-16, -2.5713228204731393e-16},
    {-7.6124822189176957e-17, 9.9999999999999967e-01, 6.5283748740111814e-17, 2.2771979206382201e-16, 7.1150876708528295e-17, 1.1208873389007551e-16, -1.2754960467327210e-16, 1.6415834357990755e-16, 5.2956332693558076e-17, -6.3010076635006916e-17, -3.0292531432015321e-17, -1.1901992940997072e-16, -3.9862551990814308e-17, 2.0248802409547811e-16, 2.4204426757893974e-16, -1.3001044617693187e-16},
    {-1.2587359650165645e-16, 6.5283748740111814e-17, 1.0000000000000002e+00, -2.2851917526679430e-16, -1.4026290436706769e-16, -6.6010838546483386e-17, -8.2220825793542753e-17, -6.5208479188260545e-17, 6.5140893995492376e-17, -2.4005853436735096e-17, -2.0111099203201169e-16, -1.3624752526580239e-16, 5.2434273927191635e-17, -1.1154274048516189e-16, 1.8172466848926298e-16, 1.7594900773112087e-16},
    {1.4473034253300453e-16, 2.2771979206382201e-16, -2.2851917526679430e-16, 9.9999999999999900e-01, -7.7118447922443213e-18, -1.8799129584048720e-16, 4.5907205078606052e-17, -2.2460637017472690e-16, -6.1560496597241920e-17, -3.5251681680564886e-16, -1.6299584367964120e-16, -7.7882725526520057e-17, -3.8646485346522487e-17, -2.2007302547139751e-16, 1.1333306355506941e-16, 1.5612235305834878e-16},
    {1.1098183197562215e-16, 7.1150876708528295e-17, -1.4026290436706769e-16, -7.7118447922443213e-18, 9.9999999999999978e-01, -6.2337323528479603e-18, -1.6942623389717955e-17, -8.5257920318638246e-17, 2.5006178105628352e-17, -1.0016583991148710e-16, -7.4324703335153799e-17, -2.6794023226352347e-17, 1.7723041846464810e-16, 8.4873402066633484e-17, 1.0129048019559271e-18, -6.2656723728385756e-17},
    {9.6927338069780171e-17, 1.1208873389007551e-16, -6.6010838546483386e-17, -1.8799129584048720e-16, -6.2337323528479603e-18, 1.0000000000000002e+00, -8.4225153283507979e-17, -1.3378328126482467e-16, 1.9569876882970994e-16, -2.0083441566295858e-17, -2.1678734158963946e-16, 9.8684398491068689e-18, 5.0341469182531611e-18, -2.1374007815013492e-16, -5.9892165875188274e-18, 2.4946084868596782e-16},
    {-4.7180751786752636e-17, -1.2754960467327210e-16, -8.2220825793542753e-17, 4.5907205078606052e-17, -1.6942623389717955e-17, -8.4225153283507979e-17, 1.0000000000000000e+00, 1.1759392802982974e-16, -3.9526103565066392e-18, -1.0954994785393229e-16, -9.0944560555204789e-17, -2.8443837723200230e-17, 6.0334710503119894e-17, 6.9944317703987186e-17, 1.8964269171052693e-17, 3.6976128867385103e-17},
    {-5.6583940963816577e-17, 1.6415834357990755e-16, -6.5208479188260545e-17, -2.2460637017472690e-16, -8.5257920318638246e-17, -1.3378328126482467e-16, 1.1759392802982974e-16, 9.9999999999999989e-01, -2.6397648763918184e-17, 1.1221409704672033e-16, 9.7547432469817821e-17, 4.7129966260144956e-17, -3.1678463795230169e-17, -9.4628704923242301e-17, -1.0400071060335943e-16, 5.2812051893266083e-17},
    {-4.9273691963647743e-17, 5.2956332693558076e-17, 6.5140893995492376e-17, -6.1560496597241920e-17, 2.5006178105628352e-17, 1.9569876882970994e-16, -3.9526103565066392e-18, -2.6397648763918184e-17, 1.0000000000000002e+00, -6.2672250409927470e-17, -3.2925704792146372e-16, -1.3253515731062483e-16, 1.1247959954189472e-16, -8.1071480034043905e-17, -1.0048860987644338e-16, 1.2398467401290938e-16},
    {-1.8461736838944736e-16, -6.3010076635006916e-17, -2.4005853436735096e-17, -3.5251681680564886e-16, -1.0016583991148710e-16, -2.0083441566295858e-17, -1.0954994785393229e-16, 1.1221409704672033e-16, -6.2672250409927470e-17, 1.0000000000000002e+00, -5.2513814576837109e-18, 9.3089296875969735e-17, 3.1656784864305372e-17, 9.3624113166464574e-18, -1.6434043747173277e-16, 1.1270838760193126e-16},
    {2.8252519761299176e-17, -3.0292531432015321e-17, -2.0111099203201169e-16, -1.6299584367964120e-16, -7.4324703335153799e-17, -2.1678734158963946e-16, -9.0944560555204789e-17, 9.7547432469817821e-17, -3.2925704792146372e-16, -5.2513814576837109e-18, 1.0000000000000000e+00, 2.8162359700220907e-16, 1.1159041858452388e-16, 1.7338666357430389e-16, 1.9707713650361253e-16, -1.3414332276396498e-16},
    {3.5662859811835719e-17, -1.1901992940997072e-16, -1.3624752526580239e-16, -7.7882725526520057e-17, -2.6794023226352347e-17, 9.8684398491068689e-18, -2.8443837723200230e-17, 4.7129966260144956e-17, -1.3253515731062483e-16, 9.3089296875969735e-17, 2.8162359700220907e-16, 9.9999999999999989e-01, -3.0557096660616722e-17, 8.1593525239740590e-17, 3.9261918369458746e-17, -4.2652691119841817e-17},
    {-6.2429630929978948e-18, -3.9862551990814308e-17, 5.2434273927191635e-17, -3.8646485346522487e-17, 1.7723041846464810e-16, 5.0341469182531611e-18, 6.0334710503119894e-17, -3.1678463795230169e-17, 1.1247959954189472e-16, 3.1656784864305372e-17, 1.1159041858452388e-16, -3.0557096660616722e-17, 1.0000000000000000e+00, -6.7486612487584642e-17, 1.6230412773701458e-16, 3.7496566418420147e-17},
    {1.4024490454837503e-16, 2.0248802409547811e-16, -1.1154274048516189e-16, -2.2007302547139751e-16, 8.4873402066633484e-17, -2.1374007815013492e-16, 6.9944317703987186e-17, -9.4628704923242301e-17, -8.1071480034043905e-17, 9.3624113166464574e-18, 1.7338666357430389e-16, 8.1593525239740590e-17, -6.7486612487584642e-17, 9.9999999999999989e-01, 1.8789290474913032e-17, -2.0582541601945798e-17},
    {1.5727913489197728e-16, 2.4204426757893974e-16, 1.8172466848926298e-16, 1.1333306355506941e-16, 1.0129048019559271e-18, -5.9892165875188274e-18, 1.8964269171052693e-17, -1.0400071060335943e-16, -1.0048860987644338e-16, -1.6434043747173277e-16, 1.9707713650361253e-16, 3.9261918369458746e-17, 1.6230412773701458e-16, 1.8789290474913032e-17, 1.0000000000000002e+00, -1.0702686323695660e-16},
    {-2.5713228204731393e-16, -1.3001044617693187e-16, 1.7594900773112087e-16, 1.5612235305834878e-16, -6.2656723728385756e-17, 2.4946084868596782e-16, 3.6976128867385103e-17, 5.2812051893266083e-17, 1.2398467401290938e-16, 1.1270838760193126e-16, -1.3414332276396498e-16, -4.2652691119841817e-17, 3.7496566418420147e-17, -2.0582541601945798e-17, -1.0702686323695660e-16, 9.9999999999999989e-01}
}}};

static constexpr auto result = eigvals(mat);

int main() { return 0; }
