#include "../../consteig.hpp"

using namespace consteig;

static constexpr Matrix<double, 16, 16> mat
{{{
    {1.0000036983311926e+00, -1.3179748443144505e-06, -9.0845013025301190e-08, 1.7282504697122478e-06, -7.7536338721604569e-07, -3.5321023726771015e-07, -8.4455711763381730e-08, -3.9009007682679763e-07, -6.5392550628335972e-07, 2.2189782546909943e-08, 2.8355891777743021e-07, 2.2356218226195756e-07, 8.8996104007483946e-07, 1.5345172358432491e-06, 4.7325092016344653e-07, -1.9952805940409705e-08},
    {-1.3179748443207199e-06, 1.0000046986171363e+00, 4.3851297379253354e-07, 3.4170121266955685e-08, -8.1063498599564348e-07, -1.2241474487588561e-07, 1.1225658648873509e-07, -8.1687806624613530e-07, 1.6038030072433164e-06, -1.0277642367246106e-06, 6.8041673437773772e-08, -9.5779633750248611e-07, 3.1406030603855148e-08, 9.4897775075940406e-08, -6.7738307028033854e-07, -7.1152514834749267e-07},
    {-9.0845013058733408e-08, 4.3851297378533947e-07, 1.0000044465970879e+00, -2.7373896321248066e-07, 1.4296436297737498e-06, 1.1631145454226327e-06, 1.0785674727468627e-06, 7.2235302182905595e-07, 1.4132472297396630e-06, -7.1242106164701544e-07, -7.7128815558659819e-08, 1.8884381349680566e-07, -8.1487354125082369e-07, -1.9141482600527043e-07, -1.1004278582490431e-06, -6.5125110467235452e-07},
    {1.7282504697890316e-06, 3.4170121302305274e-08, -2.7373896325270536e-07, 1.0000047626250026e+00, 6.1577952645508703e-08, 2.6160316590730819e-07, -9.5762077465185191e-07, -7.1340167483658073e-07, 6.4884301810075618e-07, -1.0116447270538241e-07, 8.7059842979477736e-07, 2.9340948680013513e-08, 5.0123976130218905e-07, -1.5095381551750880e-06, -1.1265755347098091e-06, -4.3875536767076758e-07},
    {-7.7536338722666091e-07, -8.1063498598400599e-07, 1.4296436297568921e-06, 6.1577952647730352e-08, 1.0000056455880204e+00, -1.2393505235605272e-06, -3.0353892370773360e-07, -7.2934001910425055e-07, -1.6427864640518091e-07, 6.0915199697862318e-07, -7.0596664929591724e-07, 2.9174701107145804e-07, 5.1292022828420909e-07, -6.3611964496284621e-07, -7.6424700987662487e-07, -9.5694944567066290e-07},
    {-3.5321023725520731e-07, -1.2241474489058788e-07, 1.1631145454148791e-06, 2.6160316590719289e-07, -1.2393505235351952e-06, 1.0000050747489899e+00, 1.7101778808998981e-07, 7.4913057553666473e-07, -8.2515407591296060e-07, 3.3462199462347268e-07, -1.1024471858438661e-06, -7.6429953757431073e-07, 7.7158670018169850e-07, 6.1370349713409749e-08, -1.0009700741302158e-07, -4.4078955979815825e-07},
    {-8.4455711760325158e-08, 1.1225658648017963e-07, 1.0785674727449802e-06, -9.5762077465594308e-07, -3.0353892369844467e-07, 1.7101778806460212e-07, 1.0000040670233050e+00, 7.4197739744377952e-07, 2.2673363838305819e-07, -2.4908197737265339e-08, 6.4988502279305260e-07, -1.0520134789225373e-06, 3.0047189479163125e-07, -1.7791557683980268e-06, -6.4441108749274131e-07, 1.0523191068361354e-06},
    {-3.9009007683615401e-07, -8.1687806624666575e-07, 7.2235302182845689e-07, -7.1340167490389052e-07, -7.2934001911719332e-07, 7.4913057552440435e-07, 7.4197739743695890e-07, 1.0000053925636652e+00, 9.7057191446508805e-07, 8.2183059967844612e-07, 6.2877746347236847e-07, -8.3780082415797066e-07, -1.3380489364639025e-07, 6.0983922232648572e-07, -7.8296472344758640e-07, -8.9943640846195237e-08},
    {-6.5392550629229898e-07, 1.6038030071638109e-06, 1.4132472296939216e-06, 6.4884301809376106e-07, -1.6427864642495690e-07, -8.2515407590750518e-07, 2.2673363838047585e-07, 9.7057191442584417e-07, 1.0000052892693658e+00, 1.5045550593413946e-06, 9.5123049470073000e-07, -5.2505641872801078e-07, 1.5374062915065275e-07, 3.0165963028516089e-07, -5.0913459591409726e-07, -3.2320892504865665e-07},
    {2.2189782567394915e-08, -1.0277642367582929e-06, -7.1242106167298960e-07, -1.0116447267661317e-07, 6.0915199695815844e-07, 3.3462199464311468e-07, -2.4908197740385193e-08, 8.2183059970926362e-07, 1.5045550593125902e-06, 1.0000047435672275e+00, 3.5881098018043737e-07, 8.7093198609462860e-07, 1.5118750059799834e-06, -1.2344973051670445e-07, 7.6781339563482258e-07, -5.7482986113393888e-07},
    {2.8355891778016660e-07, 6.8041673471441478e-08, -7.7128815531796950e-08, 8.7059842979140109e-07, -7.0596664930564245e-07, -1.1024471858278817e-06, 6.4988502280884976e-07, 6.2877746350761764e-07, 9.5123049472002075e-07, 3.5881098019762674e-07, 1.0000061432091072e+00, -1.2143046950360247e-06, 1.1235058344720145e-06, -4.9842945621658482e-07, 3.1005276467517639e-07, -1.2616898795431310e-08},
    {2.2356218226399137e-07, -9.5779633746854021e-07, 1.8884381349117861e-07, 2.9340948682089521e-08, 2.9174701108186802e-07, -7.6429953757443609e-07, -1.0520134789527266e-06, -8.3780082409597590e-07, -5.2505641873448931e-07, 8.7093198610324885e-07, -1.2143046950272573e-06, 1.0000047959182981e+00, -6.7957510419960938e-07, -6.7475995400776304e-07, -2.4448939550807404e-07, -1.4077934188922638e-06},
    {8.8996104008675478e-07, 3.1406030572735382e-08, -8.1487354128996338e-07, 5.0123976135054097e-07, 5.1292022831222301e-07, 7.7158670020842239e-07, 3.0047189482992212e-07, -1.3380489369630545e-07, 1.5374062916333432e-07, 1.5118750059810672e-06, 1.1235058344797750e-06, -6.7957510422054231e-07, 1.0000046601204873e+00, -1.2784143925269424e-06, 3.0694352032391745e-07, -5.8740917470784512e-07},
    {1.5345172358597287e-06, 9.4897775083611057e-08, -1.9141482599510799e-07, -1.5095381551310779e-06, -6.3611964496319879e-07, 6.1370349712418086e-08, -1.7791557683902348e-06, 6.0983922231572608e-07, 3.0165963031597955e-07, -1.2344973048958362e-07, -4.9842945620252863e-07, -6.7475995401454121e-07, -1.2784143925265871e-06, 1.0000072951427494e+00, 6.1915290943193598e-07, 1.8937054810058446e-07},
    {4.7325092016909402e-07, -6.7738307028010878e-07, -1.1004278582560410e-06, -1.1265755347430837e-06, -7.6424700990758170e-07, -1.0009700744549027e-07, -6.4441108750868808e-07, -7.8296472344130956e-07, -5.0913459590465337e-07, 7.6781339561584406e-07, 3.1005276464637955e-07, -2.4448939551360363e-07, 3.0694352031219790e-07, 6.1915290941510501e-07, 1.0000040516443951e+00, 9.2189920462988296e-08},
    {-1.9952805943176012e-08, -7.1152514833855202e-07, -6.5125110467657434e-07, -4.3875536769792325e-07, -9.5694944568057382e-07, -4.4078955979700936e-07, 1.0523191068247163e-06, -8.9943640843507258e-08, -3.2320892504702119e-07, -5.7482986116891329e-07, -1.2616898805370863e-08, -1.4077934188699299e-06, -5.8740917471380611e-07, 1.8937054808468832e-07, 9.2189920470485358e-08, 1.0000052350339714e+00}
}}};

static constexpr auto result = eigvals(mat);

int main() { return 0; }
