#include "../../consteig.hpp"

using namespace consteig;

static constexpr Matrix<double, 16, 16> mat
{{{
    {1.0000060625769673e+00, -1.1348011183554815e-06, 3.1601355530627331e-07, 7.7969333941838558e-07, 9.4735455275990631e-07, 1.3790409510878024e-06, -7.1645031711149171e-09, 1.5872862398375105e-07, 1.3183325929062780e-06, 5.8539626771693731e-07, -1.2859983960230348e-06, 3.2250781326323757e-07, 4.2032755557397756e-07, -4.4610406038739652e-07, 2.2804357587545323e-07, 4.3914597851941636e-07},
    {-1.1348011183170670e-06, 1.0000034878765367e+00, -3.5298568171299670e-07, -7.2819196554247340e-07, -2.5184780796726489e-07, 2.3941622585999030e-07, 9.9967591020589296e-07, -9.0273786510993480e-07, -1.2360955352237266e-07, 5.2058665741481387e-07, -5.7357809993210414e-07, -5.9134541741437864e-07, 1.2904519516407036e-07, -8.3354042633471549e-08, 6.7040182630690018e-07, 5.3273237428072738e-07},
    {3.1601355531121374e-07, -3.5298568169542267e-07, 1.0000066016075264e+00, 3.2034890023555707e-07, -1.7006894981185227e-07, -1.8486396292844686e-06, -3.2477317053911691e-07, 2.0502680017930917e-06, 7.8334351841152056e-07, 9.2819167094830730e-07, -3.8321860040510930e-07, -5.2930809445087691e-08, 1.1778964782007951e-07, 3.9586173095150231e-07, 1.3221885462850189e-06, 1.0220367164142134e-06},
    {7.7969333941884244e-07, -7.2819196553826471e-07, 3.2034890022473040e-07, 1.0000041114885849e+00, -2.4314147628902707e-07, 2.9689918132018372e-09, 2.4011042640662416e-07, -8.7807207046328967e-07, -1.6345583479422172e-07, 1.4276772016172907e-07, 8.6274037236115508e-07, 1.5718071650211910e-07, 5.2637497206674917e-07, -1.1777445130284027e-06, -7.3332631948397250e-07, 6.0091988451131338e-08},
    {9.4735455269292347e-07, -2.5184780797973644e-07, -1.7006894981124772e-07, -2.4314147631879303e-07, 1.0000038776338069e+00, 7.6197439211999168e-07, -9.3045867597940868e-07, 1.2993692933006307e-06, 1.5953578263658677e-06, -1.8377348828510463e-07, -7.5020754973844065e-08, -2.2060904376782398e-08, 1.9027202334123480e-07, -1.5834072753868122e-08, -3.1991608791827664e-07, 8.9418790675072076e-07},
    {1.3790409510749322e-06, 2.3941622585143755e-07, -1.8486396292669571e-06, 2.9689917867070188e-09, 7.6197439212163810e-07, 1.0000042224747061e+00, 1.0204127297299615e-06, 7.9708855574564877e-07, -5.6816001481367406e-07, -1.2649838439126129e-06, 8.6933871761497581e-07, -4.2546782528613197e-07, -9.8786378550727207e-07, -3.8896878330019139e-08, 3.8526147673658383e-07, -3.7448399848750637e-07},
    {-7.1645031366391012e-09, 9.9967591022694194e-07, -3.2477317056318006e-07, 2.4011042641989420e-07, -9.3045867599623996e-07, 1.0204127297656275e-06, 1.0000052443386069e+00, 9.6174002504930925e-07, 1.2493395090935562e-06, -2.6005100005238097e-07, 5.9454977101709323e-07, -1.1397349969728211e-06, -7.5537009091383518e-07, -3.5560417362593234e-07, 1.0276076522922231e-06, -3.9330163892789412e-07},
    {1.5872862398200119e-07, -9.0273786510673111e-07, 2.0502680017584100e-06, -8.7807207044743321e-07, 1.2993692933252271e-06, 7.9708855570389015e-07, 9.6174002500441777e-07, 1.0000054191941046e+00, -4.0450412038718106e-07, -3.7791160705627351e-07, -3.3136438766639735e-07, 2.4791794765617602e-07, 1.1842373283890415e-06, 8.2272264324645800e-08, -3.8633300461288110e-07, -9.8733477225702938e-07},
    {1.3183325928655514e-06, -1.2360955350849196e-07, 7.8334351842849309e-07, -1.6345583479136905e-07, 1.5953578263168135e-06, -5.6816001483496529e-07, 1.2493395091239852e-06, -4.0450412034470897e-07, 1.0000065312075073e+00, 1.1905474037203816e-07, -2.5471980767404217e-07, -5.3030392051177504e-07, -2.2437973606730301e-07, 2.5398816794860483e-07, 6.5251950267485181e-07, 1.1187719056212119e-06},
    {5.8539626774482397e-07, 5.2058665737024258e-07, 9.2819167094070306e-07, 1.4276772014879644e-07, -1.8377348828370996e-07, -1.2649838438590686e-06, -2.6005100004883799e-07, -3.7791160705585402e-07, 1.1905474036265784e-07, 1.0000033858073121e+00, -7.0471321310117382e-07, -4.3747870051150326e-07, -1.0318584749963100e-06, -4.1120475773763602e-07, -1.4496510860266971e-06, 1.8579021556320476e-07},
    {-1.2859983960717517e-06, -5.7357809990389116e-07, -3.8321860041394534e-07, 8.6274037236167770e-07, -7.5020754970341716e-08, 8.6933871763573129e-07, 5.9454977102006420e-07, -3.3136438765932108e-07, -2.5471980770390511e-07, -7.0471321310583166e-07, 1.0000035819947886e+00, 5.1602093575418918e-07, 6.4680710017148833e-08, -9.0272550794789429e-07, 1.8731909875401846e-07, -4.7768941227460239e-07},
    {3.2250781326499050e-07, -5.9134541739375741e-07, -5.2930809453440475e-08, 1.5718071650664033e-07, -2.2060904362750582e-08, -4.2546782525919172e-07, -1.1397349970552887e-06, 2.4791794766476149e-07, -5.3030392053342880e-07, -4.3747870050542077e-07, 5.1602093578758885e-07, 1.0000062056005385e+00, 2.3807412700071762e-07, 1.0600247283001789e-06, 6.2925836500857084e-08, -3.9634982826429459e-07},
    {4.2032755557783204e-07, 1.2904519516522060e-07, 1.1778964782274020e-07, 5.2637497206143710e-07, 1.9027202334899783e-07, -9.8786378549568678e-07, -7.5537009094034784e-07, 1.1842373283796255e-06, -2.2437973607258262e-07, -1.0318584750130674e-06, 6.4680710006350010e-08, 2.3807412700047712e-07, 1.0000071188646782e+00, -2.6521048992942152e-07, 1.3755598891364327e-06, -5.3503999802851314e-07},
    {-4.4610406037689971e-07, -8.3354042637151431e-08, 3.9586173092036903e-07, -1.1777445130462283e-06, -1.5834072754051098e-08, -3.8896878320307675e-08, -3.5560417361215619e-07, 8.2272264322785756e-08, 2.5398816799150996e-07, -4.1120475771794341e-07, -9.0272550792032887e-07, 1.0600247283008510e-06, -2.6521048992831333e-07, 1.0000050492261032e+00, -3.8398916790838702e-07, -9.5379138572744001e-07},
    {2.2804357593744413e-07, 6.7040182627543227e-07, 1.3221885462789546e-06, -7.3332631944237672e-07, -3.1991608790832538e-07, 3.8526147674035000e-07, 1.0276076523451798e-06, -3.8633300460656393e-07, 6.5251950270372875e-07, -1.4496510860290866e-06, 1.8731909874052697e-07, 6.2925836539930013e-08, 1.3755598891459780e-06, -3.8398916791368008e-07, 1.0000048135988151e+00, -8.1087609423188494e-07},
    {4.3914597852521261e-07, 5.3273237425984262e-07, 1.0220367163932182e-06, 6.0091988435261501e-08, 8.9418790671167053e-07, -3.7448399851120778e-07, -3.9330163891073112e-07, -9.8733477221660304e-07, 1.1187719055937744e-06, 1.8579021552773552e-07, -4.7768941227392857e-07, -3.9634982827028396e-07, -5.3503999804023819e-07, -9.5379138573631713e-07, -8.1087609423565466e-07, 1.0000042865094150e+00}
}}};

static constexpr auto result = eigvals(mat);

int main() { return 0; }
