#include "../../consteig.hpp"

using namespace consteig;

static constexpr Matrix<double, 18, 18> mat
{{{
    {-3.0273992568254471e-02, 3.3444058895111084e-01, 2.2725936770439148e-01, -5.7753843069076538e-01, 2.0942549407482147e-01, 1.7999534606933594e+00, 1.5851445198059082e+00, 5.3243714570999146e-01, 3.5834756493568420e-01, -5.1745027303695679e-01, -9.7058165073394775e-01, 1.1355294287204742e-01, 2.2626984119415283e+00, -2.8414736390113831e+00, 1.0917892158031464e+00, -1.4564816951751709e+00, 7.6456865668296814e-01, 2.2787520885467529e+00},
    {-5.6961780786514282e-01, -3.4250646829605103e-01, -1.7393267154693604e+00, 9.7554427385330200e-01, -7.7752804756164551e-01, 4.4921222329139709e-01, 4.3527162075042725e-01, 9.9566239118576050e-01, -1.0488104820251465e+00, -9.7058165073394775e-01, 1.2055344581604004e+00, -1.8287943005561829e+00, -7.4189528822898865e-02, 6.1116430163383484e-01, -2.3288172483444214e+00, -7.5614414270967245e-01, 1.2119421958923340e+00, -2.4890664219856262e-01},
    {6.2714272737503052e-01, -1.0612921714782715e+00, -2.1245120465755463e-01, 1.5553357601165771e+00, 5.9548616409301758e-01, -1.4562445878982544e+00, -7.1207845211029053e-01, -1.3127043247222900e+00, -1.7710548639297485e+00, 1.1355294287204742e-01, -1.8287943005561829e+00, 2.2819772362709045e-01, 7.4037337303161621e-01, 1.9329660534858704e+00, 1.3438103199005127e+00, 2.1912475228309631e+00, -2.2055190801620483e-01, -2.6249543689191341e+00},
    {-6.1793810129165649e-01, -1.9228717684745789e-01, 8.5294556617736816e-01, -5.5760735273361206e-01, 2.2008484601974487e-01, 1.1188029050827026e+00, 4.6808928251266479e-01, -1.9168943166732788e-01, -1.2187419831752777e-01, 2.2626984119415283e+00, -7.4189528822898865e-02, 7.4037337303161621e-01, -4.0368768572807312e-01, -3.2604759931564331e+00, 5.0203859806060791e-01, 2.8433257341384888e+00, 2.1635176241397858e+00, -3.5249574482440948e-01},
    {-3.9936262369155884e-01, 5.3877842426300049e-01, 3.3920463919639587e-01, 7.7093511819839478e-01, -1.0863139629364014e+00, 5.2311038970947266e-01, -5.0206613540649414e-01, -1.3297215104103088e-01, -6.5190798044204712e-01, -2.8414736390113831e+00, 6.1116430163383484e-01, 1.9329660534858704e+00, -3.2604759931564331e+00, 1.6973158121109009e+00, -2.0418662726879120e+00, 1.6683132648468018e+00, -1.3064652681350708e-01, 1.6617806851863861e+00},
    {-2.5280430912971497e-01, -5.5957756936550140e-02, 1.2795407772064209e+00, -2.8629398345947266e-01, 1.8490022420883179e-01, -2.0440528392791748e+00, 1.0872219800949097e+00, 1.0615001916885376e+00, -4.4409677386283875e-01, 1.0917892158031464e+00, -2.3288172483444214e+00, 1.3438103199005127e+00, 5.0203859806060791e-01, -2.0418662726879120e+00, 2.7293882369995117e+00, -1.2367193400859833e+00, 1.0364038376137614e+00, -6.1364476755261421e-01},
    {1.3383635282516479e+00, -1.5066649913787842e+00, -4.7536915540695190e-01, -3.0734238028526306e-01, -4.2571586370468140e-01, -1.2771542370319366e-01, -1.0547391176223755e+00, -3.6268272995948792e-01, 2.0564214885234833e-01, -1.4564816951751709e+00, -7.5614414270967245e-01, 2.1912475228309631e+00, 2.8433257341384888e+00, 1.6683132648468018e+00, -1.2367193400859833e+00, 5.9021228551864624e-01, -6.0008446872234344e-01, -5.8444283902645111e-01},
    {3.5458871722221375e-01, -3.8836696743965149e-01, -4.6985045075416565e-01, -3.0638739466667175e-01, 5.3835481405258179e-01, 4.3251770734786987e-01, -1.0028626918792725e+00, -3.0733180046081543e-01, -5.0639927387237549e-01, 7.6456865668296814e-01, 1.2119421958923340e+00, -2.2055190801620483e-01, 2.1635176241397858e+00, -1.3064652681350708e-01, 1.0364038376137614e+00, -6.0008446872234344e-01, -2.6064534187316895e+00, -3.6429826021194458e+00},
    {-2.9455974698066711e-01, -1.4162471890449524e-01, 4.6734884381294250e-02, 1.1583532094955444e+00, -2.4967436790466309e+00, -2.1191523969173431e-01, 6.7374181747436523e-01, -1.9452272653579712e+00, -1.9008402824401855e+00, 2.2787520885467529e+00, -2.4890664219856262e-01, -2.6249543689191341e+00, -3.5249574482440948e-01, 1.6617806851863861e+00, -6.1364476755261421e-01, -5.8444283902645111e-01, -3.6429826021194458e+00, 2.0981225967407227e+00},
    {2.4739546775817871e+00, -7.2874401509761810e-01, 8.8585176318883896e-01, 6.3772694766521454e-01, -3.7109410762786865e-01, 3.3591051101684570e+00, 7.8196032345294952e-01, -3.0165910720825195e-03, 1.2966261804103851e+00, 3.0273992568254471e-02, 5.6961780786514282e-01, -6.2714272737503052e-01, 6.1793810129165649e-01, 3.9936262369155884e-01, 2.5280430912971497e-01, -1.3383635282516479e+00, -3.5458871722221375e-01, 2.9455974698066711e-01},
    {-7.2874401509761810e-01, 4.1723432540893555e+00, -4.0729964524507523e-01, -9.3633839488029480e-01, 1.2275462448596954e+00, 7.0337496697902679e-01, -7.1651825308799744e-01, -5.0513865053653717e-01, -2.5928723812103271e+00, -3.3444058895111084e-01, 3.4250646829605103e-01, 1.0612921714782715e+00, 1.9228717684745789e-01, -5.3877842426300049e-01, 5.5957756936550140e-02, 1.5066649913787842e+00, 3.8836696743965149e-01, 1.4162471890449524e-01},
    {8.8585176318883896e-01, -4.0729964524507523e-01, 4.6313896775245667e-01, -1.6713513135910034e+00, -8.3052399754524231e-01, 4.8890125751495361e-01, -8.5300745069980621e-01, 3.5962937772274017e-01, -2.5358572602272034e-02, -2.2725936770439148e-01, 1.7393267154693604e+00, 2.1245120465755463e-01, -8.5294556617736816e-01, -3.3920463919639587e-01, -1.2795407772064209e+00, 4.7536915540695190e-01, 4.6985045075416565e-01, -4.6734884381294250e-02},
    {6.3772694766521454e-01, -9.3633839488029480e-01, -1.6713513135910034e+00, -2.3807933330535889e+00, 7.7594618499279022e-01, -1.7513256072998047e+00, 4.2814621329307556e-01, -4.9607187509536743e-01, -1.4514760300517082e-01, 5.7753843069076538e-01, -9.7554427385330200e-01, -1.5553357601165771e+00, 5.5760735273361206e-01, -7.7093511819839478e-01, 2.8629398345947266e-01, 3.0734238028526306e-01, 3.0638739466667175e-01, -1.1583532094955444e+00},
    {-3.7109410762786865e-01, 1.2275462448596954e+00, -8.3052399754524231e-01, 7.7594618499279022e-01, 1.0058778524398804e-01, -1.0894885659217834e+00, -1.3157926201820374e+00, 2.8987358808517456e+00, -8.9329047501087189e-01, -2.0942549407482147e-01, 7.7752804756164551e-01, -5.9548616409301758e-01, -2.2008484601974487e-01, 1.0863139629364014e+00, -1.8490022420883179e-01, 4.2571586370468140e-01, -5.3835481405258179e-01, 2.4967436790466309e+00},
    {3.3591051101684570e+00, 7.0337496697902679e-01, 4.8890125751495361e-01, -1.7513256072998047e+00, -1.0894885659217834e+00, 2.1214522421360016e-02, 7.3999205231666565e-01, 5.1154166460037231e-02, 7.2176009416580200e-01, -1.7999534606933594e+00, -4.4921222329139709e-01, 1.4562445878982544e+00, -1.1188029050827026e+00, -5.2311038970947266e-01, 2.0440528392791748e+00, 1.2771542370319366e-01, -4.3251770734786987e-01, 2.1191523969173431e-01},
    {7.8196032345294952e-01, -7.1651825308799744e-01, -8.5300745069980621e-01, 4.2814621329307556e-01, -1.3157926201820374e+00, 7.3999205231666565e-01, 3.4556546211242676e+00, -2.4861043691635132e+00, -1.2568964362144470e+00, -1.5851445198059082e+00, -4.3527162075042725e-01, 7.1207845211029053e-01, -4.6808928251266479e-01, 5.0206613540649414e-01, -1.0872219800949097e+00, 1.0547391176223755e+00, 1.0028626918792725e+00, -6.7374181747436523e-01},
    {-3.0165910720825195e-03, -5.0513865053653717e-01, 3.5962937772274017e-01, -4.9607187509536743e-01, 2.8987358808517456e+00, 5.1154166460037231e-02, -2.4861043691635132e+00, -3.7850266695022583e-01, -7.4255166947841644e-01, -5.3243714570999146e-01, -9.9566239118576050e-01, 1.3127043247222900e+00, 1.9168943166732788e-01, 1.3297215104103088e-01, -1.0615001916885376e+00, 3.6268272995948792e-01, 3.0733180046081543e-01, 1.9452272653579712e+00},
    {1.2966261804103851e+00, -2.5928723812103271e+00, -2.5358572602272034e-02, -1.4514760300517082e-01, -8.9329047501087189e-01, 7.2176009416580200e-01, -1.2568964362144470e+00, -7.4255166947841644e-01, 1.2235229015350342e+00, -3.5834756493568420e-01, 1.0488104820251465e+00, 1.7710548639297485e+00, 1.2187419831752777e-01, 6.5190798044204712e-01, 4.4409677386283875e-01, -2.0564214885234833e-01, 5.0639927387237549e-01, 1.9008402824401855e+00}
}}};

static constexpr auto result = eigvals(mat);

int main() { return 0; }
