#include "../../consteig.hpp"

using namespace consteig;

static constexpr Matrix<double, 10, 10> mat
{{{
    {-1.9206222295761108e+00, 8.5313498973846436e-01, -1.3332591056823730e+00, 2.6024323701858521e-01, -3.5143506526947021e-01, -8.3890819549560547e-01, -4.2402270436286926e-01, 3.3053967356681824e-01, -1.6627759933471680e+00, 6.5933781862258911e-01},
    {8.5313498973846436e-01, -1.9206222295761108e+00, 8.5313498973846436e-01, -1.3332591056823730e+00, 2.6024323701858521e-01, -3.5143506526947021e-01, -8.3890819549560547e-01, -4.2402270436286926e-01, 3.3053967356681824e-01, -1.6627759933471680e+00},
    {-1.3332591056823730e+00, 8.5313498973846436e-01, -1.9206222295761108e+00, 8.5313498973846436e-01, -1.3332591056823730e+00, 2.6024323701858521e-01, -3.5143506526947021e-01, -8.3890819549560547e-01, -4.2402270436286926e-01, 3.3053967356681824e-01},
    {2.6024323701858521e-01, -1.3332591056823730e+00, 8.5313498973846436e-01, -1.9206222295761108e+00, 8.5313498973846436e-01, -1.3332591056823730e+00, 2.6024323701858521e-01, -3.5143506526947021e-01, -8.3890819549560547e-01, -4.2402270436286926e-01},
    {-3.5143506526947021e-01, 2.6024323701858521e-01, -1.3332591056823730e+00, 8.5313498973846436e-01, -1.9206222295761108e+00, 8.5313498973846436e-01, -1.3332591056823730e+00, 2.6024323701858521e-01, -3.5143506526947021e-01, -8.3890819549560547e-01},
    {-8.3890819549560547e-01, -3.5143506526947021e-01, 2.6024323701858521e-01, -1.3332591056823730e+00, 8.5313498973846436e-01, -1.9206222295761108e+00, 8.5313498973846436e-01, -1.3332591056823730e+00, 2.6024323701858521e-01, -3.5143506526947021e-01},
    {-4.2402270436286926e-01, -8.3890819549560547e-01, -3.5143506526947021e-01, 2.6024323701858521e-01, -1.3332591056823730e+00, 8.5313498973846436e-01, -1.9206222295761108e+00, 8.5313498973846436e-01, -1.3332591056823730e+00, 2.6024323701858521e-01},
    {3.3053967356681824e-01, -4.2402270436286926e-01, -8.3890819549560547e-01, -3.5143506526947021e-01, 2.6024323701858521e-01, -1.3332591056823730e+00, 8.5313498973846436e-01, -1.9206222295761108e+00, 8.5313498973846436e-01, -1.3332591056823730e+00},
    {-1.6627759933471680e+00, 3.3053967356681824e-01, -4.2402270436286926e-01, -8.3890819549560547e-01, -3.5143506526947021e-01, 2.6024323701858521e-01, -1.3332591056823730e+00, 8.5313498973846436e-01, -1.9206222295761108e+00, 8.5313498973846436e-01},
    {6.5933781862258911e-01, -1.6627759933471680e+00, 3.3053967356681824e-01, -4.2402270436286926e-01, -8.3890819549560547e-01, -3.5143506526947021e-01, 2.6024323701858521e-01, -1.3332591056823730e+00, 8.5313498973846436e-01, -1.9206222295761108e+00}
}}};

static constexpr auto result = eigvals(mat);

int main() { return 0; }
