#include "../../consteig.hpp"

using namespace consteig;

static constexpr Matrix<double, 14, 14> mat
{{{
    {-1.0014166831970215e+00, -6.9232535362243652e-01, 1.0592312812805176e+00, 2.7311968151479959e-03, 2.1611666679382324e-01, 1.1874639987945557e+00, -1.2447746098041534e-01, -3.3488223552703857e+00, 2.4591571092605591e-01, -3.3000427484512329e+00, 5.6896010041236877e-01, -4.6754863858222961e-01, 3.3742201328277588e-01, 2.2493594437837601e+00},
    {-5.7248026132583618e-01, -7.5414299964904785e-01, 7.6847237348556519e-01, -1.1399106979370117e+00, 3.1644698977470398e-01, -2.3300472646951675e-02, -6.6390472650527954e-01, 2.4591571092605591e-01, 9.5417159795761108e-01, 1.9760838598012924e+00, 2.9481022357940674e+00, -4.4366957247257233e-01, 1.2848577946424484e+00, 1.0355040431022644e-01},
    {6.9711530208587646e-01, 1.2288037538528442e+00, -1.3112021982669830e-01, -2.8829950094223022e-01, -3.2169592380523682e-01, -1.4988740682601929e+00, -8.6074894666671753e-01, -3.3000427484512329e+00, 1.9760838598012924e+00, -5.5124229192733765e-01, 4.4029757380485535e-01, 1.0726678371429443e-01, 1.0966933667659760e+00, -9.6756070107221603e-01},
    {-4.7835177183151245e-01, 8.0877667665481567e-01, -4.1254922747612000e-01, 2.4039678573608398e+00, 4.5460826158523560e-01, 9.1031126677989960e-02, -1.3222526311874390e+00, 5.6896010041236877e-01, 2.9481022357940674e+00, 4.4029757380485535e-01, 1.3184022903442383e+00, 6.0254305601119995e-01, 1.3415207266807556e+00, -1.5932627543807030e+00},
    {1.0985113382339478e+00, -1.5362669229507446e+00, -2.7017873525619507e-01, -1.7740994691848755e+00, 5.6132918596267700e-01, 2.6165068149566650e+00, 1.7507175207138062e+00, -4.6754863858222961e-01, -4.4366957247257233e-01, 1.0726678371429443e-01, 6.0254305601119995e-01, 3.0176601409912109e+00, -2.0267639160156250e+00, -4.4683769345283508e-01},
    {-1.0105041265487671e+00, -6.7213910818099976e-01, 1.6962616443634033e+00, 1.7420732975006104e+00, 8.6212450265884399e-01, -5.7667154073715210e-01, 2.5033047795295715e-01, 3.3742201328277588e-01, 1.2848577946424484e+00, 1.0966933667659760e+00, 1.3415207266807556e+00, -2.0267639160156250e+00, -6.9997459650039673e-02, 3.2902306914329529e+00},
    {1.8521742820739746e+00, -6.8398535251617432e-02, 2.4988839030265808e-01, 4.7868010401725769e-01, -2.0860204100608826e-01, 1.2404395341873169e+00, 4.0512405335903168e-02, 2.2493594437837601e+00, 1.0355040431022644e-01, -9.6756070107221603e-01, -1.5932627543807030e+00, -4.4683769345283508e-01, 3.2902306914329529e+00, -2.1407523155212402e+00},
    {7.7593274414539337e-02, 1.3863538503646851e+00, -5.7956767082214355e-01, -2.1769116520881653e+00, -1.4193577021360397e+00, -2.7883122675120831e-01, 2.1302153170108795e-01, 1.0014166831970215e+00, 5.7248026132583618e-01, -6.9711530208587646e-01, 4.7835177183151245e-01, -1.0985113382339478e+00, 1.0105041265487671e+00, -1.8521742820739746e+00},
    {1.3863538503646851e+00, -1.6420584917068481e+00, -6.4283054694533348e-01, 1.7563369870185852e+00, -4.7303177230060101e-01, 1.5708267092704773e+00, -9.9786201119422913e-01, 6.9232535362243652e-01, 7.5414299964904785e-01, -1.2288037538528442e+00, -8.0877667665481567e-01, 1.5362669229507446e+00, 6.7213910818099976e-01, 6.8398535251617432e-02},
    {-5.7956767082214355e-01, -6.4283054694533348e-01, 2.1045413017272949e+00, -1.1308225691318512e+00, 7.3835934698581696e-01, -1.8169478178024292e+00, 9.0974737703800201e-01, -1.0592312812805176e+00, -7.6847237348556519e-01, 1.3112021982669830e-01, 4.1254922747612000e-01, 2.7017873525619507e-01, -1.6962616443634033e+00, -2.4988839030265808e-01},
    {-2.1769116520881653e+00, 1.7563369870185852e+00, -1.1308225691318512e+00, -1.6936185359954834e+00, -2.3218891620635986e+00, -5.9555840492248535e-01, 1.4887481182813644e+00, -2.7311968151479959e-03, 1.1399106979370117e+00, 2.8829950094223022e-01, -2.4039678573608398e+00, 1.7740994691848755e+00, -1.7420732975006104e+00, -4.7868010401725769e-01},
    {-1.4193577021360397e+00, -4.7303177230060101e-01, 7.3835934698581696e-01, -2.3218891620635986e+00, -2.4915597438812256e+00, 2.0558749511837959e-01, -6.8390530347824097e-01, -2.1611666679382324e-01, -3.1644698977470398e-01, 3.2169592380523682e-01, -4.5460826158523560e-01, -5.6132918596267700e-01, -8.6212450265884399e-01, 2.0860204100608826e-01},
    {-2.7883122675120831e-01, 1.5708267092704773e+00, -1.8169478178024292e+00, -5.9555840492248535e-01, 2.0558749511837959e-01, -4.3683962821960449e+00, 8.3931101858615875e-01, -1.1874639987945557e+00, 2.3300472646951675e-02, 1.4988740682601929e+00, -9.1031126677989960e-02, -2.6165068149566650e+00, 5.7667154073715210e-01, -1.2404395341873169e+00},
    {2.1302153170108795e-01, -9.9786201119422913e-01, 9.0974737703800201e-01, 1.4887481182813644e+00, -6.8390530347824097e-01, 8.3931101858615875e-01, -6.1975091695785522e-01, 1.2447746098041534e-01, 6.6390472650527954e-01, 8.6074894666671753e-01, 1.3222526311874390e+00, -1.7507175207138062e+00, -2.5033047795295715e-01, -4.0512405335903168e-02}
}}};

static constexpr auto result = eigvals(mat);

int main() { return 0; }
