#include "../../consteig.hpp"

using namespace consteig;

static constexpr Matrix<double, 20, 20> mat
{{{
    {1.0000045644995543e+00, 4.2165964632298141e-07, -5.5399231572393469e-07, 1.5354208708632581e-06, -7.7794955307760513e-08, 4.9283733265367433e-08, -7.4322100768149180e-07, -1.0746256782122872e-06, -7.8210832014337091e-07, 4.1863769271153403e-07, -8.6621059320943933e-07, -4.2327969450592650e-07, 8.0977355640004949e-07, 3.6802353356704164e-07, 8.8586026273787223e-07, 6.3618654518609912e-07, -1.0720578396546547e-06, -1.4580120873874816e-07, -9.3269114724625053e-07, 4.3479341596124097e-10},
    {4.2165964628467614e-07, 1.0000044970829987e+00, -8.0216699295086099e-08, -2.7716174444367533e-07, 4.4375362059130358e-07, 5.0171084041502331e-07, -1.3147968735189601e-07, -6.3638913053642175e-07, -4.7348306875529974e-07, 8.7357263136373153e-07, 3.8058079531589973e-07, 6.2448036601913558e-07, 1.3433247094713464e-06, -3.9408107426109216e-07, 2.7860965562612241e-07, 4.1763355629314831e-07, -3.0643106286990829e-08, -1.7043113760371052e-07, 9.9186803289521563e-07, 5.4955526931904708e-07},
    {-5.5399231575936809e-07, -8.0216699293214315e-08, 1.0000056006425104e+00, 3.1790142471435523e-07, -6.1813815937346297e-09, 1.1387513012708568e-06, 3.1388590522467865e-07, -1.0965912944686119e-06, 3.4927341503859358e-07, 1.5337620026927947e-07, 4.6746762625065109e-07, 3.8281339502393541e-07, -2.4560716406613657e-07, 2.6647947229113621e-07, -1.3713242243250568e-06, -1.2614961998276657e-06, -2.6774559816449848e-07, -8.3310326549321998e-07, 7.4743610177519229e-07, 5.6681391849030068e-07},
    {1.5354208709355077e-06, -2.7716174444014109e-07, 3.1790142473378103e-07, 1.0000058443932689e+00, 7.8850925537493538e-07, -1.9512362528692988e-07, 1.1203961456094336e-06, -9.0042634012358627e-07, -5.6343779984326903e-07, 1.5474054636095067e-07, 1.4717850180862750e-08, -3.8624058095917040e-07, -2.7415214035300441e-07, 1.5841654317954985e-07, 4.5111760930890322e-07, 4.4210953959475229e-07, -5.5531413611289985e-08, -1.4715205794504867e-06, -2.0786497785053001e-07, 4.7176944414109254e-07},
    {-7.7794955307441181e-08, 4.4375362058634563e-07, -6.1813815965704266e-09, 7.8850925534692146e-07, 1.0000057683291983e+00, 1.1619573215811811e-07, -4.6480873084037907e-07, 6.7790469302708523e-07, 8.6323045279292234e-07, 2.7282778163981336e-07, 3.2360413514990009e-07, 2.0789417711103972e-07, 1.3898781548724746e-06, 6.9580562911722699e-07, 8.9303645958720911e-08, -9.4412352597155292e-07, 1.1180664221730130e-07, -2.8100747226086856e-07, -6.1112426362203875e-07, -8.7855704119608184e-07},
    {4.9283733257652842e-08, 5.0171084040660275e-07, 1.1387513012940694e-06, -1.9512362531133036e-07, 1.1619573214584547e-07, 1.0000050799105211e+00, -7.0655910165453062e-08, 4.7405610160129311e-07, 3.9493369924397919e-07, 1.8548501828670065e-07, -1.0037791809567360e-07, -2.5161349936505384e-07, 1.9918734272555806e-07, -1.1092794266968962e-06, 1.4694637445347685e-07, -2.2649671488319915e-07, -3.2975977178840294e-07, -2.9587779665447422e-07, 7.9825535378365227e-09, -1.2475668495341278e-06},
    {-7.4322100766416384e-07, -1.3147968736239313e-07, 3.1388590522356194e-07, 1.1203961456098372e-06, -4.6480873086438997e-07, -7.0655910176640011e-08, 1.0000057557039794e+00, 1.0580834070687352e-06, 4.9082583260385374e-07, 7.8014603310235458e-07, -1.1083206444782405e-06, 7.9395879885850757e-07, 1.3039682500118993e-06, -1.5492617601349371e-07, 7.1652203428811691e-07, 1.5166685205801826e-06, 1.5407128102973172e-07, -7.6740452153220059e-07, 3.2651487425832411e-07, 2.1387056626464982e-07},
    {-1.0746256782341278e-06, -6.3638913055743303e-07, -1.0965912944916700e-06, -9.0042634010753436e-07, 6.7790469299079326e-07, 4.7405610159987460e-07, 1.0580834070569593e-06, 1.0000051126060892e+00, 1.5940960060234908e-07, -9.9728230862643651e-07, -1.1209419425518988e-06, -6.6322013575607245e-07, -3.3318540743784451e-07, 8.4529782133782460e-07, -3.7247573612025083e-07, 1.1577394737246835e-07, -8.1708542124750804e-07, -2.5854966758568713e-07, -1.2990818062650519e-07, 4.0734871483946460e-07},
    {-7.8210832016221210e-07, -4.7348306879160389e-07, 3.4927341499619492e-07, -5.6343779983359147e-07, 8.6323045279057903e-07, 3.9493369926754137e-07, 4.9082583259706540e-07, 1.5940960058744795e-07, 1.0000040283539848e+00, 1.0327822462483981e-07, 5.6004889833748743e-07, 1.1233443319784650e-06, -2.8547393950673812e-07, -1.0382849056698394e-06, 7.9801406379903752e-07, -1.2995112518205644e-07, 8.8082616954457279e-07, 7.0916969280345023e-07, 4.4461860318463379e-07, -5.4413047192236743e-07},
    {4.1863769272816075e-07, 8.7357263131717352e-07, 1.5337620026012799e-07, 1.5474054637257347e-07, 2.7282778165578036e-07, 1.8548501827071626e-07, 7.8014603311233241e-07, -9.9728230862170921e-07, 1.0327822460483643e-07, 1.0000049570033089e+00, -8.9567735204211571e-07, -9.4949335227779673e-07, -6.4517436500433602e-07, -8.4110371136017683e-07, -3.9060072870279029e-07, -4.4358364272219102e-07, 1.0051919735591761e-06, -6.9976264291955280e-07, 8.6361891873223687e-08, -1.5969420303991964e-06},
    {-8.6621059323748713e-07, 3.8058079531302061e-07, 4.6746762625133030e-07, 1.4717850171284217e-08, 3.2360413514095537e-07, -1.0037791810486933e-07, -1.1083206444815304e-06, -1.1209419425546328e-06, 5.6004889835503202e-07, -8.9567735209861175e-07, 1.0000052570167686e+00, 9.2373411866948005e-07, -4.7781579889429922e-07, 1.1568835745916339e-06, 1.1155327829237352e-06, 6.0606761840561217e-07, 1.4767203985738013e-07, -6.7453570374686080e-07, 2.3233451551407468e-07, 6.9673277366495646e-07},
    {-4.2327969450827791e-07, 6.2448036602324803e-07, 3.8281339500968016e-07, -3.8624058098458277e-07, 2.0789417711323828e-07, -2.5161349936981104e-07, 7.9395879887415714e-07, -6.6322013577260908e-07, 1.1233443319795818e-06, -9.4949335222553946e-07, 9.2373411866716914e-07, 1.0000045445746775e+00, 2.3854731946700615e-07, 2.3646878479291599e-07, 1.2252801068265163e-06, -4.9541718808308730e-07, 1.5349621317532154e-07, -9.4562714944930070e-07, -3.8929689871317029e-07, 1.0733184194441466e-06},
    {8.0977355641086822e-07, 1.3433247094738314e-06, -2.4560716407068323e-07, -2.7415214035319181e-07, 1.3898781548709085e-06, 1.9918734270569874e-07, 1.3039682500114362e-06, -3.3318540743242403e-07, -2.8547393951101368e-07, -6.4517436502822510e-07, -4.7781579889753742e-07, 2.3854731946514046e-07, 1.0000045722408337e+00, 6.8745992094964291e-07, -7.5188624056545125e-08, 9.4724289574085649e-07, -4.6593840699448390e-07, -5.4244608608953052e-07, 1.1476829728779976e-07, 1.0948961945100937e-06},
    {3.6802353361287946e-07, -3.9408107426356168e-07, 2.6647947232223693e-07, 1.5841654315666339e-07, 6.9580562911950445e-07, -1.1092794266994724e-06, -1.5492617602906935e-07, 8.4529782133945768e-07, -1.0382849057102825e-06, -8.4110371133851195e-07, 1.1568835745922605e-06, 2.3646878478520604e-07, 6.8745992093417884e-07, 1.0000059058655246e+00, -8.3575334121468532e-07, 4.0794008592396025e-09, -5.4562522569083143e-07, 6.9552794255749568e-07, -2.5404805859476184e-07, -1.1822571684649344e-06},
    {8.8586026275693238e-07, 2.7860965565154960e-07, -1.3713242243389018e-06, 4.5111760931239119e-07, 8.9303645947157826e-08, 1.4694637445171299e-07, 7.1652203431868241e-07, -3.7247573613715687e-07, 7.9801406375936981e-07, -3.9060072873738629e-07, 1.1155327829082555e-06, 1.2252801068552737e-06, -7.5188624067725868e-08, -8.3575334122830031e-07, 1.0000032193252675e+00, 3.6028538616040617e-07, -5.0321072307088997e-08, -7.5841232756169597e-07, 7.0874928754201845e-07, 7.4031930225786749e-07},
    {6.3618654513101085e-07, 4.1763355624178873e-07, -1.2614961997762900e-06, 4.4210953962761076e-07, -9.4412352593446474e-07, -2.2649671489048144e-07, 1.5166685205290786e-06, 1.1577394736963349e-07, -1.2995112520030932e-07, -4.4358364269293842e-07, 6.0606761843417920e-07, -4.9541718808684104e-07, 9.4724289578629801e-07, 4.0794008372886411e-09, 3.6028538616990459e-07, 1.0000050264755396e+00, 8.7808229128207037e-08, 5.5812728583275185e-07, -9.9629833769127767e-07, 1.9503719123650796e-07},
    {-1.0720578396546897e-06, -3.0643106288612275e-08, -2.6774559815797225e-07, -5.5531413610347271e-08, 1.1180664224556451e-07, -3.2975977176101720e-07, 1.5407128101847746e-07, -8.1708542127278308e-07, 8.8082616958135953e-07, 1.0051919735620717e-06, 1.4767203985312106e-07, 1.5349621317287394e-07, -4.6593840698340672e-07, -5.4562522571484259e-07, -5.0321072302501566e-08, 8.7808229155171709e-08, 1.0000054781384575e+00, 1.3616164536065441e-07, 7.1808738947699109e-07, -5.2504517470151546e-07},
    {-1.4580120870750090e-07, -1.7043113762489447e-07, -8.3310326549984388e-07, -1.4715205795108322e-06, -2.8100747226520881e-07, -2.9587779665880028e-07, -7.6740452153599053e-07, -2.5854966756704870e-07, 7.0916969277912387e-07, -6.9976264290594638e-07, -6.7453570374352635e-07, -9.4562714942232619e-07, -5.4244608606556160e-07, 6.9552794258435044e-07, -7.5841232756079187e-07, 5.5812728585149986e-07, 1.3616164535550937e-07, 1.0000061253736472e+00, -4.2151848288853410e-07, -3.9736556373350064e-07},
    {-9.3269114721823407e-07, 9.9186803286120959e-07, 7.4743610179365115e-07, -2.0786497783731736e-07, -6.1112426363677988e-07, 7.9825535569747590e-09, 3.2651487426454816e-07, -1.2990818063730033e-07, 4.4461860317902881e-07, 8.6361891887747112e-08, 2.3233451550553442e-07, -3.8929689876297286e-07, 1.1476829728042966e-07, -2.5404805861471063e-07, 7.0874928750577698e-07, -9.9629833770866535e-07, 7.1808738946030624e-07, -4.2151848287927868e-07, 1.0000041208634995e+00, 7.3665683136642092e-07},
    {4.3479343122836660e-10, 5.4955526930538539e-07, 5.6681391848746810e-07, 4.7176944413590473e-07, -8.7855704119295798e-07, -1.2475668495217126e-06, 2.1387056625966275e-07, 4.0734871485349507e-07, -5.4413047192352881e-07, -1.5969420303913626e-06, 6.9673277364485647e-07, 1.0733184194102112e-06, 1.0948961945203351e-06, -1.1822571684819996e-06, 7.4031930219537552e-07, 1.9503719121622417e-07, -5.2504517473122970e-07, -3.9736556372248058e-07, 7.3665683134463460e-07, 1.0000045416003702e+00}
}}};

static constexpr auto result = eigvals(mat);

int main() { return 0; }
