#include "../../consteig.hpp"

using namespace consteig;

static constexpr Matrix<double, 10, 10> mat
{{{
    {1.0000043186215297e+00, 4.8003764191302033e-07, -8.2764942494824592e-07, -7.9141611847588500e-07, 4.4449528894044088e-07, 1.7057790805630674e-07, 5.2491648995729096e-08, 4.5498577929509703e-07, 4.4654604782005194e-08, -7.7706494730565422e-07},
    {4.8003764191358022e-07, 1.0000054265312299e+00, -1.1309807492807052e-06, 5.5334593938457101e-07, -1.3056239733766716e-06, -1.2641881740870974e-06, -1.5954579884734352e-06, 8.6917703521193219e-07, -4.2555462894676727e-07, -1.5347670186285144e-07},
    {-8.2764942494703393e-07, -1.1309807492757416e-06, 1.0000039419102045e+00, -1.1605209136009556e-06, -7.2256339728364398e-07, 1.8373393939473295e-06, 1.9985943850084014e-06, -5.1152600217703770e-07, -1.0020350731227928e-06, -2.2739244676723967e-07},
    {-7.9141611849293980e-07, 5.5334593938183753e-07, -1.1605209135539524e-06, 1.0000060879610819e+00, 8.7944340810255453e-07, -2.7288128779322670e-06, 1.0628079039011511e-06, -8.1026741609610749e-07, -6.9944024053115445e-07, -6.3589884587298822e-07},
    {4.4449528894608207e-07, -1.3056239733614367e-06, -7.2256339727034409e-07, 8.7944340812106062e-07, 1.0000044825688235e+00, -5.4068507725367529e-07, 4.7772955394160928e-08, -5.0782176502914535e-07, -8.3747058060591536e-08, -1.4962482161234415e-06},
    {1.7057790805990933e-07, -1.2641881741196379e-06, 1.8373393939508117e-06, -2.7288128779998814e-06, -5.4068507728509587e-07, 1.0000029451563233e+00, -5.0889121811664144e-07, 1.2177343570753854e-07, -1.1827796538497495e-07, -4.0130045731828617e-07},
    {5.2491648998825392e-08, -1.5954579884651794e-06, 1.9985943850423145e-06, 1.0628079039138952e-06, 4.7772955387389932e-08, -5.0889121811489295e-07, 1.0000044270704913e+00, 1.8526791240058985e-06, 7.2779245303041154e-07, 1.0533977472400455e-06},
    {4.5498577930543417e-07, 8.6917703524199837e-07, -5.1152600217140557e-07, -8.1026741609524828e-07, -5.0782176504908768e-07, 1.2177343570836180e-07, 1.8526791240045261e-06, 1.0000052999006264e+00, 7.0696757559698562e-07, 9.3358194786556274e-07},
    {4.4654604758934637e-08, -4.2555462891919439e-07, -1.0020350730491978e-06, -6.9944024056153943e-07, -8.3747058051465021e-08, -1.1827796537955194e-07, 7.2779245307338745e-07, 7.0696757568241768e-07, 1.0000049635794106e+00, 2.1569681854794821e-07},
    {-7.7706494729536997e-07, -1.5347670182150204e-07, -2.2739244676746935e-07, -6.3589884579404867e-07, -1.4962482161216006e-06, -4.0130045735567807e-07, 1.0533977472508763e-06, 9.3358194779451933e-07, 2.1569681853643693e-07, 1.0000081067002791e+00}
}}};

static constexpr auto result = eigvals(mat);

int main() { return 0; }
