#include "../../consteig.hpp"

using namespace consteig;

static constexpr Matrix<double, 6, 6> mat
{{{
    {8.4933888912200928e-01, -1.4104539155960083e+00, -2.6642676591873169e+00, -2.0887544155120850e+00, 7.8507310152053833e-01, -9.8972547054290771e-01},
    {-1.4104539155960083e+00, 3.7052872180938721e+00, -3.6438090354204178e-01, 5.3335154056549072e-01, 1.1670894920825958e-01, 6.4750218391418457e-01},
    {-2.6642676591873169e+00, -3.6438090354204178e-01, -2.4811234474182129e+00, 1.3702823668718338e+00, -1.1680574417114258e+00, -9.2236995697021484e-01},
    {-2.0887544155120850e+00, 5.3335154056549072e-01, 1.3702823668718338e+00, 3.5589048266410828e-01, 4.4823049008846283e-01, -4.0630497783422470e-01},
    {7.8507310152053833e-01, 1.1670894920825958e-01, -1.1680574417114258e+00, 4.4823049008846283e-01, -4.4708952903747559e+00, 1.7569556832313538e-01},
    {-9.8972547054290771e-01, 6.4750218391418457e-01, -9.2236995697021484e-01, -4.0630497783422470e-01, 1.7569556832313538e-01, -3.4087374210357666e+00}
}}};

static constexpr auto result = eigvals(mat);

int main() { return 0; }
