#include "../../consteig.hpp"

using namespace consteig;

static constexpr Matrix<double, 6, 6> mat
{{{
    {9.9999999999999967e-01, 2.0406611226592391e-17, 3.3139495480216610e-16, -2.3569321427488221e-16, -1.6663525040258365e-16, 1.2034603430554422e-16},
    {2.0406611226592391e-17, 1.0000000000000002e+00, -8.3814670778784092e-17, 1.4922412560176911e-16, 5.3761232114311344e-17, 3.6770480996154980e-17},
    {3.3139495480216610e-16, -8.3814670778784092e-17, 1.0000000000000000e+00, 6.6906362119847166e-17, -6.3145855346238405e-18, 4.7838514799546106e-17},
    {-2.3569321427488221e-16, 1.4922412560176911e-16, 6.6906362119847166e-17, 1.0000000000000002e+00, -2.4511558416015243e-16, -1.9699969272562176e-16},
    {-1.6663525040258365e-16, 5.3761232114311344e-17, -6.3145855346238405e-18, -2.4511558416015243e-16, 1.0000000000000000e+00, -4.0336396768192758e-17},
    {1.2034603430554422e-16, 3.6770480996154980e-17, 4.7838514799546106e-17, -1.9699969272562176e-16, -4.0336396768192758e-17, 1.0000000000000000e+00}
}}};

static constexpr auto result = eigvals(mat);

int main() { return 0; }
