#include "../../consteig.hpp"

using namespace consteig;

static constexpr Matrix<double, 18, 18> mat
{{{
    {1.0000000000000002e+00, 1.6516574904893233e-17, 1.5473026332011555e-16, -1.2860869460987362e-16, 5.2243940591089611e-17, -9.0227138905757096e-17, -5.0845283081068560e-17, 1.8569976793940695e-16, 1.3301183612341474e-17, 9.9608262856136517e-17, 1.8087101378982619e-17, -5.7127546926148313e-17, 1.2824834851274857e-16, -1.2552354924040270e-16, -1.0111821500429826e-16, 1.2963748340582421e-16, 3.6270049147377470e-17, 5.9647476387971554e-17},
    {1.6516574904893233e-17, 1.0000000000000004e+00, -1.2225603674934004e-16, -2.3910068866073916e-16, -4.9986042106509947e-17, -3.6867545984738143e-16, 1.5912295531495417e-16, 3.3207064763223702e-18, -6.0659489603207022e-17, 2.5304954716460171e-16, -7.3183314144928860e-17, -6.8737564508758051e-17, 1.7992752849942888e-16, 3.4547136504485523e-17, -1.8257923211887807e-16, -4.1411466295987261e-17, -1.5726217775507154e-16, -8.8766414778551980e-17},
    {1.5473026332011555e-16, -1.2225603674934004e-16, 1.0000000000000002e+00, 1.8517013437045361e-16, -1.1641856242750927e-16, -9.4643632815895511e-17, 5.3751562428589618e-17, -6.7965062279048516e-17, 4.6601603486227707e-17, 2.4639658222921734e-17, 1.2125107104368978e-16, 2.8684170919803920e-17, -2.0600762536841200e-17, -8.1806950193687156e-17, 1.8411094362213023e-16, 7.6250415782228933e-17, -1.1135021580782555e-18, -9.1192302341666249e-17},
    {-1.2860869460987362e-16, -2.3910068866073916e-16, 1.8517013437045361e-16, 1.0000000000000000e+00, 1.3532310305537748e-16, -1.6822486153756329e-17, 2.1687927328936842e-17, -4.3283852453662940e-17, -8.8184285322831221e-17, -1.4151328706046073e-17, 4.6081659125878409e-17, 9.2086917676332053e-17, 3.3940088474864408e-17, -1.3716394231351507e-17, -7.3133916573527082e-17, 4.6057569750402040e-17, 1.5501240643338086e-17, 1.5386212017107776e-17},
    {5.2243940591089611e-17, -4.9986042106509947e-17, -1.1641856242750927e-16, 1.3532310305537748e-16, 1.0000000000000000e+00, 4.2484058618122559e-17, 8.9560836816068422e-18, -1.7666383674645331e-16, -1.1275995897008927e-16, 2.4362962500153606e-17, -4.9715726321082946e-17, 1.6823335061542312e-16, 7.2746530589763550e-17, -7.9036247596535654e-17, -7.0354540733609416e-17, 4.2687862675821189e-17, -2.5931341226164730e-17, -3.1178409068488304e-17},
    {-9.0227138905757096e-17, -3.6867545984738143e-16, -9.4643632815895511e-17, -1.6822486153756329e-17, 4.2484058618122559e-17, 1.0000000000000004e+00, -7.7798377836818065e-17, 4.6005821280365076e-17, -2.4085033904639308e-16, -2.0604275788387144e-16, 2.8215965682276606e-17, 1.8587287179542679e-16, -3.0034738321347999e-17, 1.0585328124934715e-18, -5.7798326445770800e-17, -6.9991688026706719e-17, 3.3277007116310201e-18, 2.2812845558401902e-16},
    {-5.0845283081068560e-17, 1.5912295531495417e-16, 5.3751562428589618e-17, 2.1687927328936842e-17, 8.9560836816068422e-18, -7.7798377836818065e-17, 1.0000000000000002e+00, 1.2529891823517042e-16, 4.1112157977392338e-17, 7.1099496474028686e-17, 8.2906441872600815e-17, 1.1781445512525841e-16, -7.7348954415347406e-17, 1.0420530113999444e-16, 8.4141301778279130e-17, 6.9025071556025680e-17, -1.8488298590188352e-17, -9.4897483523949956e-17},
    {1.8569976793940695e-16, 3.3207064763223702e-18, -6.7965062279048516e-17, -4.3283852453662940e-17, -1.7666383674645331e-16, 4.6005821280365076e-17, 1.2529891823517042e-16, 1.0000000000000002e+00, -3.4321966241913152e-17, -7.8240873699023826e-17, 9.2205053830294160e-17, -4.5570062035212006e-17, 5.2748097196272273e-17, -2.2833915488121598e-17, -6.5755749021840466e-17, -2.3470710133644242e-17, -9.0159462885730222e-17, 4.1135445544932592e-17},
    {1.3301183612341474e-17, -6.0659489603207022e-17, 4.6601603486227707e-17, -8.8184285322831221e-17, -1.1275995897008927e-16, -2.4085033904639308e-16, 4.1112157977392338e-17, -3.4321966241913152e-17, 9.9999999999999978e-01, 8.2253263345415586e-17, 6.0855087654874474e-17, 1.1055531241087646e-16, -3.1497116234174139e-17, -1.0859861335574993e-16, -1.7281843943634335e-17, 1.2192538084711610e-16, -2.0496249764770129e-16, 1.0871303512473598e-16},
    {9.9608262856136517e-17, 2.5304954716460171e-16, 2.4639658222921734e-17, -1.4151328706046073e-17, 2.4362962500153606e-17, -2.0604275788387144e-16, 7.1099496474028686e-17, -7.8240873699023826e-17, 8.2253263345415586e-17, 1.0000000000000002e+00, 4.1304607571935268e-17, -9.4034968635764142e-17, -1.3237569000658206e-16, -4.4628901881240677e-17, -5.8726004937931203e-17, 6.3385167740981464e-17, -6.1945120963053233e-19, -2.2021091940663117e-17},
    {1.8087101378982619e-17, -7.3183314144928860e-17, 1.2125107104368978e-16, 4.6081659125878409e-17, -4.9715726321082946e-17, 2.8215965682276606e-17, 8.2906441872600815e-17, 9.2205053830294160e-17, 6.0855087654874474e-17, 4.1304607571935268e-17, 1.0000000000000000e+00, -6.7524751694755260e-17, -1.8640677400803100e-16, -1.3595083971215423e-17, -1.2039101091384757e-16, 5.5702812365241785e-17, -2.0626611846697364e-17, 7.1473829114411997e-17},
    {-5.7127546926148313e-17, -6.8737564508758051e-17, 2.8684170919803920e-17, 9.2086917676332053e-17, 1.6823335061542312e-16, 1.8587287179542679e-16, 1.1781445512525841e-16, -4.5570062035212006e-17, 1.1055531241087646e-16, -9.4034968635764142e-17, -6.7524751694755260e-17, 9.9999999999999989e-01, -1.3749510829619984e-16, -7.9536537852635075e-17, -2.9282828463228342e-17, -6.6075150636569425e-17, 1.2367299044890808e-16, -6.8972697414335496e-17},
    {1.2824834851274857e-16, 1.7992752849942888e-16, -2.0600762536841200e-17, 3.3940088474864408e-17, 7.2746530589763550e-17, -3.0034738321347999e-17, -7.7348954415347406e-17, 5.2748097196272273e-17, -3.1497116234174139e-17, -1.3237569000658206e-16, -1.8640677400803100e-16, -1.3749510829619984e-16, 1.0000000000000002e+00, 4.3125203183475048e-18, -1.8385242852239080e-16, -3.8873275798163510e-17, -3.1517521822742853e-17, -1.3756726703739501e-16},
    {-1.2552354924040270e-16, 3.4547136504485523e-17, -8.1806950193687156e-17, -1.3716394231351507e-17, -7.9036247596535654e-17, 1.0585328124934715e-18, 1.0420530113999444e-16, -2.2833915488121598e-17, -1.0859861335574993e-16, -4.4628901881240677e-17, -1.3595083971215423e-17, -7.9536537852635075e-17, 4.3125203183475048e-18, 9.9999999999999989e-01, 4.2812888421212743e-17, 7.8913625443183028e-18, -1.2587969872802805e-16, 3.8580865815563225e-17},
    {-1.0111821500429826e-16, -1.8257923211887807e-16, 1.8411094362213023e-16, -7.3133916573527082e-17, -7.0354540733609416e-17, -5.7798326445770800e-17, 8.4141301778279130e-17, -6.5755749021840466e-17, -1.7281843943634335e-17, -5.8726004937931203e-17, -1.2039101091384757e-16, -2.9282828463228342e-17, -1.8385242852239080e-16, 4.2812888421212743e-17, 1.0000000000000000e+00, 7.9782759469650547e-17, 6.8755878347722388e-17, -2.5869447728488911e-17},
    {1.2963748340582421e-16, -4.1411466295987261e-17, 7.6250415782228933e-17, 4.6057569750402040e-17, 4.2687862675821189e-17, -6.9991688026706719e-17, 6.9025071556025680e-17, -2.3470710133644242e-17, 1.2192538084711610e-16, 6.3385167740981464e-17, 5.5702812365241785e-17, -6.6075150636569425e-17, -3.8873275798163510e-17, 7.8913625443183028e-18, 7.9782759469650547e-17, 1.0000000000000000e+00, 1.1913362625202379e-16, 2.5324672788066825e-17},
    {3.6270049147377470e-17, -1.5726217775507154e-16, -1.1135021580782555e-18, 1.5501240643338086e-17, -2.5931341226164730e-17, 3.3277007116310201e-18, -1.8488298590188352e-17, -9.0159462885730222e-17, -2.0496249764770129e-16, -6.1945120963053233e-19, -2.0626611846697364e-17, 1.2367299044890808e-16, -3.1517521822742853e-17, -1.2587969872802805e-16, 6.8755878347722388e-17, 1.1913362625202379e-16, 1.0000000000000002e+00, -1.1964009383555329e-16},
    {5.9647476387971554e-17, -8.8766414778551980e-17, -9.1192302341666249e-17, 1.5386212017107776e-17, -3.1178409068488304e-17, 2.2812845558401902e-16, -9.4897483523949956e-17, 4.1135445544932592e-17, 1.0871303512473598e-16, -2.2021091940663117e-17, 7.1473829114411997e-17, -6.8972697414335496e-17, -1.3756726703739501e-16, 3.8580865815563225e-17, -2.5869447728488911e-17, 2.5324672788066825e-17, -1.1964009383555329e-16, 1.0000000000000002e+00}
}}};

static constexpr auto result = eigvals(mat);

int main() { return 0; }
