#include "../../consteig.hpp"

using namespace consteig;

static constexpr Matrix<double, 16, 16> mat
{{{
    {1.0000000000000004e+00, -1.9651049703588884e-16, 1.1599480685797846e-16, 7.2695879644356031e-17, -5.1287485631831677e-17, -7.7720270764888455e-17, -1.2966245730640024e-16, 2.4002699658232628e-17, -1.3181752800046989e-16, 1.2163217691411177e-16, -9.3861509022111626e-17, 2.0554736789750341e-17, -1.4535797145901605e-16, 1.5260768627583537e-16, 1.3116351696748450e-16, -6.0561972900348962e-17},
    {-1.9651049703588884e-16, 9.9999999999999978e-01, -6.5148754390503445e-17, 1.0014544142857253e-16, -6.1720023373317590e-17, 1.8633571055372156e-16, -2.9786106631516359e-16, -8.9321313201675789e-17, 5.3401717968640522e-17, 6.2200675700689214e-17, 3.9566810158459873e-17, 1.6785082541310321e-16, -1.9667403629770403e-16, 6.4832373378779674e-17, 1.3827733292183771e-16, 4.2996556045778376e-17},
    {1.1599480685797846e-16, -6.5148754390503445e-17, 9.9999999999999978e-01, 1.7805912179097866e-16, -5.7257485103435764e-17, -9.1564226314890237e-17, -1.9098989515045243e-17, -1.0651752374334079e-16, 1.9515499203799851e-17, -1.1397833962984113e-16, -9.1301384185144017e-17, -1.0146487065285504e-16, -1.5356827964464098e-16, 2.1421535567157994e-17, 5.9205186770895144e-17, 1.5897872756568702e-16},
    {7.2695879644356031e-17, 1.0014544142857253e-16, 1.7805912179097866e-16, 1.0000000000000002e+00, 1.5998855308504168e-16, 3.0455705710298043e-18, 1.8310070338593032e-16, 3.4056722955069245e-17, -6.3452163509515364e-17, 7.4383207931809260e-17, -3.0348360521744685e-17, -9.8861230130005775e-17, -1.7167732764281456e-16, -7.2546313498937092e-17, 7.0089122179466715e-17, -6.0763935519132094e-18},
    {-5.1287485631831677e-17, -6.1720023373317590e-17, -5.7257485103435764e-17, 1.5998855308504168e-16, 9.9999999999999989e-01, 3.2952013817257910e-17, 2.9033380538661210e-17, 3.3348995134350455e-18, 5.9379760440415222e-17, 8.4690928889305028e-17, -1.1035536375820406e-16, -1.9594631537783517e-16, -2.0648979497897320e-16, 1.1711717458136398e-16, -1.1438839320854650e-16, 9.0081025541308861e-17},
    {-7.7720270764888455e-17, 1.8633571055372156e-16, -9.1564226314890237e-17, 3.0455705710298043e-18, 3.2952013817257910e-17, 9.9999999999999989e-01, -5.5076798673591194e-18, 2.4406236741107962e-17, 3.3791919114115597e-17, -1.0478046394670398e-16, 3.6187427631277964e-17, -5.5103114643459114e-17, 1.8400209617891722e-16, -7.0298230341679782e-17, -5.4980712726710868e-17, 6.9587508769177103e-18},
    {-1.2966245730640024e-16, -2.9786106631516359e-16, -1.9098989515045243e-17, 1.8310070338593032e-16, 2.9033380538661210e-17, -5.5076798673591194e-18, 1.0000000000000000e+00, -1.3197829662961754e-17, 5.0021830321027310e-17, 1.1355571907101748e-16, 7.1465751559108817e-17, 9.7240333273907374e-17, -2.8069120579536144e-18, 1.0570434362883917e-16, 8.7962682224700623e-17, 2.8026672190778005e-17},
    {2.4002699658232628e-17, -8.9321313201675789e-17, -1.0651752374334079e-16, 3.4056722955069245e-17, 3.3348995134350455e-18, 2.4406236741107962e-17, -1.3197829662961754e-17, 9.9999999999999978e-01, -1.7032428232369360e-16, 3.1500791925079694e-17, -1.1187194635255360e-16, -5.7981727240936148e-19, -8.6624238030448085e-17, 4.6131206375523216e-17, 2.2857647327959431e-16, 1.0198517787497978e-16},
    {-1.3181752800046989e-16, 5.3401717968640522e-17, 1.9515499203799851e-17, -6.3452163509515364e-17, 5.9379760440415222e-17, 3.3791919114115597e-17, 5.0021830321027310e-17, -1.7032428232369360e-16, 1.0000000000000002e+00, -7.3510402065185637e-17, -1.3294647954570974e-16, -3.9898605735682057e-17, -5.6027788913084801e-17, -9.6962510033044761e-17, -1.1644366945446105e-16, -1.0839270466270411e-16},
    {1.2163217691411177e-16, 6.2200675700689214e-17, -1.1397833962984113e-16, 7.4383207931809260e-17, 8.4690928889305028e-17, -1.0478046394670398e-16, 1.1355571907101748e-16, 3.1500791925079694e-17, -7.3510402065185637e-17, 1.0000000000000000e+00, -9.8040381375197259e-17, -4.5592445268124820e-17, 1.5332063778613272e-16, -1.7015377893255279e-16, 2.2686638519161642e-17, 8.9260513596199328e-18},
    {-9.3861509022111626e-17, 3.9566810158459873e-17, -9.1301384185144017e-17, -3.0348360521744685e-17, -1.1035536375820406e-16, 3.6187427631277964e-17, 7.1465751559108817e-17, -1.1187194635255360e-16, -1.3294647954570974e-16, -9.8040381375197259e-17, 1.0000000000000000e+00, 4.8690098135538340e-17, -7.0883291502988682e-17, 1.1803730999738174e-17, 1.0280100296026472e-16, -3.7469035496363709e-17},
    {2.0554736789750341e-17, 1.6785082541310321e-16, -1.0146487065285504e-16, -9.8861230130005775e-17, -1.9594631537783517e-16, -5.5103114643459114e-17, 9.7240333273907374e-17, -5.7981727240936148e-19, -3.9898605735682057e-17, -4.5592445268124820e-17, 4.8690098135538340e-17, 9.9999999999999978e-01, -1.5454198195630122e-16, -1.1718188119215295e-16, -3.3065600068937030e-17, 6.2951049842397314e-17},
    {-1.4535797145901605e-16, -1.9667403629770403e-16, -1.5356827964464098e-16, -1.7167732764281456e-16, -2.0648979497897320e-16, 1.8400209617891722e-16, -2.8069120579536144e-18, -8.6624238030448085e-17, -5.6027788913084801e-17, 1.5332063778613272e-16, -7.0883291502988682e-17, -1.5454198195630122e-16, 9.9999999999999989e-01, 1.5411864451017765e-16, 4.4604007275659088e-17, 4.9248833815749873e-17},
    {1.5260768627583537e-16, 6.4832373378779674e-17, 2.1421535567157994e-17, -7.2546313498937092e-17, 1.1711717458136398e-16, -7.0298230341679782e-17, 1.0570434362883917e-16, 4.6131206375523216e-17, -9.6962510033044761e-17, -1.7015377893255279e-16, 1.1803730999738174e-17, -1.1718188119215295e-16, 1.5411864451017765e-16, 1.0000000000000002e+00, -1.5742216289251484e-17, -9.4284400010773434e-17},
    {1.3116351696748450e-16, 1.3827733292183771e-16, 5.9205186770895144e-17, 7.0089122179466715e-17, -1.1438839320854650e-16, -5.4980712726710868e-17, 8.7962682224700623e-17, 2.2857647327959431e-16, -1.1644366945446105e-16, 2.2686638519161642e-17, 1.0280100296026472e-16, -3.3065600068937030e-17, 4.4604007275659088e-17, -1.5742216289251484e-17, 1.0000000000000000e+00, 4.0131618501009407e-17},
    {-6.0561972900348962e-17, 4.2996556045778376e-17, 1.5897872756568702e-16, -6.0763935519132094e-18, 9.0081025541308861e-17, 6.9587508769177103e-18, 2.8026672190778005e-17, 1.0198517787497978e-16, -1.0839270466270411e-16, 8.9260513596199328e-18, -3.7469035496363709e-17, 6.2951049842397314e-17, 4.9248833815749873e-17, -9.4284400010773434e-17, 4.0131618501009407e-17, 1.0000000000000002e+00}
}}};

static constexpr auto result = eigvals(mat);

int main() { return 0; }
