#include "../../consteig.hpp"

using namespace consteig;

static constexpr Matrix<double, 20, 20> mat
{{{
    {-1.9600921869277954e-01, -4.9418199807405472e-02, -5.1713490486145020e-01, -1.3191886246204376e-01, -4.6385232359170914e-02, -7.3097437620162964e-01, 9.4914978742599487e-01, 6.3896471261978149e-01, -5.6455546617507935e-01, -6.1714708805084229e-01, -8.7720531225204468e-01, -1.7072504162788391e+00, -2.7615878582000732e+00, -7.1542114019393921e-02, 9.0114697813987732e-02, -1.7566903829574585e+00, -1.6343421936035156e+00, 2.7112802714109421e+00, 1.9467947632074356e+00, 1.3611336052417755e+00},
    {-5.5962306261062622e-01, -2.0218048244714737e-02, -4.6192982792854309e-01, -1.9283472299575806e+00, -7.4795079231262207e-01, -1.9412308931350708e+00, -1.4095547199249268e+00, -4.8499450087547302e-01, 9.9920511245727539e-01, 8.5942590236663818e-01, -1.7072504162788391e+00, 4.3304637074470520e-01, 2.4770694971084595e-01, -2.0244102776050568e+00, -2.8497843146324158e+00, 3.1212976574897766e+00, -1.1557595729827881e+00, 1.4748453497886658e+00, -1.8634114861488342e+00, 1.2667441368103027e+00},
    {7.1035486459732056e-01, 1.8275532722473145e+00, -5.0214719772338867e-01, 9.8421841859817505e-01, 1.6333587467670441e-01, 9.4521397352218628e-01, -6.3312840461730957e-01, 1.3492316007614136e+00, -3.0297255516052246e-01, 1.2622257471084595e+00, -2.7615878582000732e+00, 2.4770694971084595e-01, 1.7329180240631104e+00, 5.3825232386589050e-01, 1.1588551998138428e+00, -1.1686346828937531e+00, 1.4182362854480743e+00, 1.0896120220422745e+00, 1.8057118654251099e+00, 1.8472445011138916e-01},
    {1.8608579039573669e-01, 3.7932819128036499e-01, 2.6050248742103577e-01, 7.4843186140060425e-01, 1.1280593872070312e+00, -9.8894608020782471e-01, 1.3625745773315430e+00, 1.8791037797927856e+00, -5.6648743152618408e-01, 7.2335827350616455e-01, -7.1542114019393921e-02, -2.0244102776050568e+00, 5.3825232386589050e-01, -2.3595530986785889e+00, -3.1283211708068848e-01, -8.8903689384460449e-01, 7.1885329484939575e-01, 1.5378944873809814e+00, 2.6323664486408234e+00, -2.6718056201934814e-01},
    {-8.9008532464504242e-02, 6.9327127933502197e-01, 2.1410784721374512e+00, 8.1443086266517639e-02, -8.8470399379730225e-01, 2.3203582763671875e+00, 7.3133122920989990e-01, -2.7557790279388428e-01, 3.6691039800643921e-01, -7.0044112205505371e-01, 9.0114697813987732e-02, -2.8497843146324158e+00, 1.1588551998138428e+00, -3.1283211708068848e-01, -9.8913210630416870e-01, 7.0031814277172089e-01, -3.8540503382682800e-01, -1.1370622813701630e+00, 6.0253778100013733e-01, 4.2574635054916143e-01},
    {-1.8523544073104858e-01, 2.1945241093635559e-01, 9.2118602991104126e-01, 1.4943444728851318e+00, 1.7382742166519165e+00, -1.3414706289768219e-01, 6.0463719069957733e-02, 3.0615532398223877e-01, 3.1858300790190697e-03, -8.8035625219345093e-01, -1.7566903829574585e+00, 3.1212976574897766e+00, -1.1686346828937531e+00, -8.8903689384460449e-01, 7.0031814277172089e-01, 2.5720489025115967e+00, 5.3138896822929382e-01, -6.4544763416051865e-01, 8.5917544364929199e-01, -1.0532275438308716e+00},
    {-4.6153196692466736e-01, -4.7641355544328690e-02, -7.3621058464050293e-01, -1.6237274408340454e+00, 1.9999110698699951e+00, -1.0908967256546021e+00, -1.8358669281005859e+00, 7.2349041700363159e-01, -4.3044438958168030e-01, -9.1068339347839355e-01, -1.6343421936035156e+00, -1.1557595729827881e+00, 1.4182362854480743e+00, 7.1885329484939575e-01, -3.8540503382682800e-01, 5.3138896822929382e-01, -1.0199224203824997e-01, -2.0679822564125061e+00, 3.0049854516983032e-01, -9.9477773904800415e-01},
    {-2.1624801158905029e+00, 1.0288840532302856e+00, 4.9276095628738403e-01, 2.1941196918487549e-01, -5.1562756299972534e-01, 8.0154174566268921e-01, -3.9052170515060425e-01, -8.9877638965845108e-03, -2.0463974773883820e-01, 3.8626775145530701e-01, 2.7112802714109421e+00, 1.4748453497886658e+00, 1.0896120220422745e+00, 1.5378944873809814e+00, -1.1370622813701630e+00, -6.4544763416051865e-01, -2.0679822564125061e+00, -1.6283411979675293e+00, 4.6233519911766052e-01, -4.2427501082420349e-01},
    {-1.7205982208251953e+00, -2.5493869185447693e-01, 1.4723856449127197e+00, -8.4680628776550293e-01, 8.4232801198959351e-01, -9.4442605972290039e-01, -1.5935391187667847e-01, -2.2611111402511597e-01, 3.2553282380104065e-01, 7.9842001199722290e-01, 1.9467947632074356e+00, -1.8634114861488342e+00, 1.8057118654251099e+00, 2.6323664486408234e+00, 6.0253778100013733e-01, 8.5917544364929199e-01, 3.0049854516983032e-01, 4.6233519911766052e-01, 4.2970900535583496e+00, 1.6292218267917633e+00},
    {-6.0332220792770386e-01, 2.4552433192729950e-01, -9.4056314229965210e-01, 2.2499564290046692e-01, -6.1374354362487793e-01, -9.5856297016143799e-01, 1.9461333751678467e+00, 6.1934792995452881e-01, -4.8796790838241577e-01, -1.1099013090133667e+00, 1.3611336052417755e+00, 1.2667441368103027e+00, 1.8472445011138916e-01, -2.6718056201934814e-01, 4.2574635054916143e-01, -1.0532275438308716e+00, -9.9477773904800415e-01, -4.2427501082420349e-01, 1.6292218267917633e+00, -2.5639467239379883e+00},
    {-2.2528276443481445e+00, 2.1106326580047607e-01, -6.7599129676818848e-01, 9.8962175846099854e-01, 7.7572742104530334e-01, 5.9471692144870758e-01, 2.4526846110820770e+00, -6.4969025552272797e-01, 1.7016585841774940e+00, 1.7570662498474121e-01, 1.9600921869277954e-01, 5.5962306261062622e-01, -7.1035486459732056e-01, -1.8608579039573669e-01, 8.9008532464504242e-02, 1.8523544073104858e-01, 4.6153196692466736e-01, 2.1624801158905029e+00, 1.7205982208251953e+00, 6.0332220792770386e-01},
    {2.1106326580047607e-01, 5.4084956645965576e-01, -1.0087091624736786e+00, 1.0084779858589172e+00, -3.9037879556417465e-01, -7.2669520229101181e-01, -1.9659578800201416e-02, 8.4510946273803711e-01, -2.0125687122344971e-02, 3.4669509530067444e-01, 4.9418199807405472e-02, 2.0218048244714737e-02, -1.8275532722473145e+00, -3.7932819128036499e-01, -6.9327127933502197e-01, -2.1945241093635559e-01, 4.7641355544328690e-02, -1.0288840532302856e+00, 2.5493869185447693e-01, -2.4552433192729950e-01},
    {-6.7599129676818848e-01, -1.0087091624736786e+00, 7.5785231590270996e-01, -1.3953812718391418e+00, 2.5892435014247894e-01, -7.3825290799140930e-01, -6.0609702765941620e-01, -4.6446949243545532e-01, 2.4176076799631119e-01, 1.0990195721387863e+00, 5.1713490486145020e-01, 4.6192982792854309e-01, 5.0214719772338867e-01, -2.6050248742103577e-01, -2.1410784721374512e+00, -9.2118602991104126e-01, 7.3621058464050293e-01, -4.9276095628738403e-01, -1.4723856449127197e+00, 9.4056314229965210e-01},
    {9.8962175846099854e-01, 1.0084779858589172e+00, -1.3953812718391418e+00, 2.3120099678635597e-02, 8.7764677405357361e-01, 7.7190443873405457e-01, 1.1104767918586731e+00, -1.7680014371871948e+00, 2.3982630968093872e+00, -2.5105667114257812e-01, 1.3191886246204376e-01, 1.9283472299575806e+00, -9.8421841859817505e-01, -7.4843186140060425e-01, -8.1443086266517639e-02, -1.4943444728851318e+00, 1.6237274408340454e+00, -2.1941196918487549e-01, 8.4680628776550293e-01, -2.2499564290046692e-01},
    {7.7572742104530334e-01, -3.9037879556417465e-01, 2.5892435014247894e-01, 8.7764677405357361e-01, -1.3337948322296143e+00, -6.5141534805297852e-01, -8.0299377441406250e-01, 5.4911821521818638e-01, 9.4101530313491821e-01, -1.2013624534010887e+00, 4.6385232359170914e-02, 7.4795079231262207e-01, -1.6333587467670441e-01, -1.1280593872070312e+00, 8.8470399379730225e-01, -1.7382742166519165e+00, -1.9999110698699951e+00, 5.1562756299972534e-01, -8.4232801198959351e-01, 6.1374354362487793e-01},
    {5.9471692144870758e-01, -7.2669520229101181e-01, -7.3825290799140930e-01, 7.7190443873405457e-01, -6.5141534805297852e-01, 3.9834365844726562e+00, -1.7769351601600647e+00, 2.2606210708618164e+00, 2.5893114879727364e+00, -9.9674481153488159e-01, 7.3097437620162964e-01, 1.9412308931350708e+00, -9.4521397352218628e-01, 9.8894608020782471e-01, -2.3203582763671875e+00, 1.3414706289768219e-01, 1.0908967256546021e+00, -8.0154174566268921e-01, 9.4442605972290039e-01, 9.5856297016143799e-01},
    {2.4526846110820770e+00, -1.9659578800201416e-02, -6.0609702765941620e-01, 1.1104767918586731e+00, -8.0299377441406250e-01, -1.7769351601600647e+00, 1.7740603685379028e+00, -9.9111109972000122e-01, -3.1741316616535187e-01, -2.9330757856369019e+00, -9.4914978742599487e-01, 1.4095547199249268e+00, 6.3312840461730957e-01, -1.3625745773315430e+00, -7.3133122920989990e-01, -6.0463719069957733e-02, 1.8358669281005859e+00, 3.9052170515060425e-01, 1.5935391187667847e-01, -1.9461333751678467e+00},
    {-6.4969025552272797e-01, 8.4510946273803711e-01, -4.6446949243545532e-01, -1.7680014371871948e+00, 5.4911821521818638e-01, 2.2606210708618164e+00, -9.9111109972000122e-01, -2.3920333385467529e+00, -3.6261308193206787e-01, 3.5305696725845337e-01, -6.3896471261978149e-01, 4.8499450087547302e-01, -1.3492316007614136e+00, -1.8791037797927856e+00, 2.7557790279388428e-01, -3.0615532398223877e-01, -7.2349041700363159e-01, 8.9877638965845108e-03, 2.2611111402511597e-01, -6.1934792995452881e-01},
    {1.7016585841774940e+00, -2.0125687122344971e-02, 2.4176076799631119e-01, 2.3982630968093872e+00, 9.4101530313491821e-01, 2.5893114879727364e+00, -3.1741316616535187e-01, -3.6261308193206787e-01, 1.0761356353759766e+00, 5.7728725671768188e-01, 5.6455546617507935e-01, -9.9920511245727539e-01, 3.0297255516052246e-01, 5.6648743152618408e-01, -3.6691039800643921e-01, -3.1858300790190697e-03, 4.3044438958168030e-01, 2.0463974773883820e-01, -3.2553282380104065e-01, 4.8796790838241577e-01},
    {1.7570662498474121e-01, 3.4669509530067444e-01, 1.0990195721387863e+00, -2.5105667114257812e-01, -1.2013624534010887e+00, -9.9674481153488159e-01, -2.9330757856369019e+00, 3.5305696725845337e-01, 5.7728725671768188e-01, 1.2267953157424927e+00, 6.1714708805084229e-01, -8.5942590236663818e-01, -1.2622257471084595e+00, -7.2335827350616455e-01, 7.0044112205505371e-01, 8.8035625219345093e-01, 9.1068339347839355e-01, -3.8626775145530701e-01, -7.9842001199722290e-01, 1.1099013090133667e+00}
}}};

static constexpr auto result = eigvals(mat);

int main() { return 0; }
