#include "../../consteig.hpp"

using namespace consteig;

static constexpr Matrix<double, 10, 10> mat
{{{
    {1.0000000000000002e+00, -3.7298246244434431e-17, 2.8780744695090171e-17, 6.5872572000674852e-17, 7.5630694870318570e-17, 1.6005928754807909e-16, 1.1022115807632983e-16, 3.1242120579473645e-17, 5.0981210729148106e-17, -5.6100168494678644e-17},
    {-3.7298246244434431e-17, 1.0000000000000000e+00, -7.2456809591484947e-17, -9.0391695278550659e-17, 1.9215125619286857e-16, 2.3588662063985651e-16, -1.5893438310831142e-17, 2.4250577391556965e-17, -1.1914000126437494e-16, -7.2779264506456255e-17},
    {2.8780744695090171e-17, -7.2456809591484947e-17, 1.0000000000000002e+00, -2.0357594635157077e-17, 2.4220179007671413e-17, 1.0719124232700579e-16, 2.4802412208782558e-16, -9.8238471251611026e-17, -5.1054305973935427e-17, -8.7340290260035279e-17},
    {6.5872572000674852e-17, -9.0391695278550659e-17, -2.0357594635157077e-17, 9.9999999999999978e-01, 3.0910013763995647e-17, -1.9040492515601684e-16, 9.9940325921900676e-17, 3.4864992389411946e-18, -4.4939161676462390e-17, -6.0333404583443764e-17},
    {7.5630694870318570e-17, 1.9215125619286857e-16, 2.4220179007671413e-17, 3.0910013763995647e-17, 9.9999999999999989e-01, 8.4439900248038370e-17, 1.0982914803501684e-17, -3.1650978137785411e-17, 1.9742272012085526e-17, 9.7671194994947345e-18},
    {1.6005928754807909e-16, 2.3588662063985651e-16, 1.0719124232700579e-16, -1.9040492515601684e-16, 8.4439900248038370e-17, 9.9999999999999967e-01, 3.5678795375164813e-16, -1.7711487452411788e-16, 1.0179723390043588e-16, -3.2514138557494129e-18},
    {1.1022115807632983e-16, -1.5893438310831142e-17, 2.4802412208782558e-16, 9.9940325921900676e-17, 1.0982914803501684e-17, 3.5678795375164813e-16, 9.9999999999999989e-01, 9.0860741397536478e-17, -7.3936760436633639e-17, 7.8001646226221548e-17},
    {3.1242120579473645e-17, 2.4250577391556965e-17, -9.8238471251611026e-17, 3.4864992389411946e-18, -3.1650978137785411e-17, -1.7711487452411788e-16, 9.0860741397536478e-17, 9.9999999999999989e-01, 2.1694790046822317e-17, -3.2194308349180020e-17},
    {5.0981210729148106e-17, -1.1914000126437494e-16, -5.1054305973935427e-17, -4.4939161676462390e-17, 1.9742272012085526e-17, 1.0179723390043588e-16, -7.3936760436633639e-17, 2.1694790046822317e-17, 9.9999999999999978e-01, 4.3765392454905516e-18},
    {-5.6100168494678644e-17, -7.2779264506456255e-17, -8.7340290260035279e-17, -6.0333404583443764e-17, 9.7671194994947345e-18, -3.2514138557494129e-18, 7.8001646226221548e-17, -3.2194308349180020e-17, 4.3765392454905516e-18, 1.0000000000000000e+00}
}}};

static constexpr auto result = eigvals(mat);

int main() { return 0; }
