#include "../../consteig.hpp"

using namespace consteig;

static constexpr Matrix<double, 18, 18> mat
{{{
    {1.0000053961583921e+00, -5.5494385982401095e-07, -4.9432484418414282e-08, 7.2931030984810420e-07, 7.2627921052198830e-07, 4.1875335090604588e-07, -9.0793229935676549e-07, 2.9214227597446261e-07, -1.7506734991247588e-06, 3.8478679939976665e-07, -3.9195889342212067e-08, -1.3835175947467625e-07, -1.2243730078036986e-06, -2.3445773008389231e-07, -3.0718232819481319e-07, 4.9930681538391417e-07, 9.7502564273612122e-07, 5.2471549576648956e-07},
    {-5.5494385981009325e-07, 1.0000058793754838e+00, -1.0773269250643836e-07, -7.4181708995621791e-07, 1.6623563457477945e-06, 6.1771426623000365e-07, 2.5803539063963286e-07, -1.1393192270944857e-06, 3.6102267126584498e-08, 1.3321472473736079e-06, -1.1244825036873959e-07, -6.8014926700269658e-07, 7.7926928273022070e-07, 1.2542481962612419e-07, -1.3895744069892728e-07, 7.3824908993902916e-07, -2.3964834533033092e-07, 6.1757300476605049e-07},
    {-4.9432484393130130e-08, -1.0773269250717342e-07, 1.0000045482771067e+00, 6.1592547642010726e-07, 4.1133816610264969e-07, -5.1855500143629402e-08, -7.5210251559692941e-07, 1.0127740467614919e-06, -1.8365203926936338e-07, -6.4664177525251747e-07, 3.5999101996789314e-07, 2.3511245080156161e-07, 2.3054654269095025e-07, 6.2597177401836369e-07, 5.1195008862036071e-07, 4.1493655219633474e-07, -4.4577093858972267e-07, 2.9944829534935155e-07},
    {7.2931030986776246e-07, -7.4181708994869531e-07, 6.1592547641067247e-07, 1.0000075023877308e+00, -6.5033086116117489e-08, 2.2516445567057661e-07, 1.3739719882828172e-06, -1.4253866718904113e-09, 1.6077521121091154e-06, -1.0885972036525703e-07, 9.2765304139532970e-08, -6.5673250785953470e-07, 7.9632244543986262e-07, -5.4019539806551245e-07, -8.4926364137195863e-07, 6.8500098818906484e-07, -1.2154192338786407e-06, 8.5846341269345652e-07},
    {7.2627921052777978e-07, 1.6623563457386478e-06, 4.1133816610139736e-07, -6.5033086123025889e-08, 1.0000051431930099e+00, -1.1728135907931214e-07, -3.4494245201197304e-07, 7.5788900250611394e-07, 4.3729841298453058e-07, -3.1349512172752769e-07, -2.8639577769014307e-07, -1.2500307163988885e-06, -5.2730969335800782e-07, -7.4224534686220407e-07, 3.9622050271522626e-07, -5.8805708071826995e-07, -1.5349288001984866e-08, 2.5269841507146952e-07},
    {4.1875335095231193e-07, 6.1771426622489932e-07, -5.1855500085963419e-08, 2.2516445566897291e-07, -1.1728135909636548e-07, 1.0000052917385036e+00, 4.7138647386385063e-07, -6.9642760794092602e-07, 1.8070687550826710e-07, 1.5867508211157026e-06, -2.7236559630646272e-07, -5.5897157985343598e-07, -2.9325699030576953e-07, 6.5178978643652537e-07, -2.6475621037523905e-07, -8.0937625314010145e-07, -9.9706564544542831e-07, -3.2305170649101591e-07},
    {-9.0793229937643476e-07, 2.5803539063069968e-07, -7.5210251567408691e-07, 1.3739719882765915e-06, -3.4494245201771878e-07, 4.7138647384722671e-07, 1.0000051460747093e+00, -1.5103407187848011e-06, 1.2517243802940430e-07, 1.8518232198138979e-07, -3.3050925458824639e-07, -2.7702526666789037e-07, -5.7305882297720242e-07, -4.2782446344766657e-07, -5.7785220052995732e-07, 7.1525898854637113e-07, -8.2507074522912232e-07, -1.6744306392141734e-06},
    {2.9214227598098053e-07, -1.1393192270863446e-06, 1.0127740467581376e-06, -1.4253866647272495e-09, 7.5788900250473094e-07, -6.9642760796498271e-07, -1.5103407188104630e-06, 1.0000030099093860e+00, 5.3901551111080386e-07, -1.4151707980984411e-06, 3.7105184011088501e-08, -4.2170671464863763e-07, -5.0844360802751150e-07, -9.1241148730078447e-07, -2.6475635249057692e-07, 2.8963188656923583e-07, 1.2057154317214560e-06, -7.4276991676442131e-08},
    {-1.7506734991139409e-06, 3.6102267122313699e-08, -1.8365203928452707e-07, 1.6077521120943279e-06, 4.3729841298469067e-07, 1.8070687553636977e-07, 1.2517243801843165e-07, 5.3901551110715537e-07, 1.0000045427893498e+00, 9.0525248503217248e-07, 1.5895110311076158e-06, 1.6191802070356259e-07, 3.7492964251302923e-07, 7.2730723321223616e-07, -4.7571792177528561e-08, -3.8089395077569440e-07, 7.6679386149767789e-07, -4.4166642887887617e-07},
    {3.8478679935898800e-07, 1.3321472474421060e-06, -6.4664177529753854e-07, -1.0885972035819679e-07, -3.1349512174281145e-07, 1.5867508211077204e-06, 1.8518232199218686e-07, -1.4151707981362452e-06, 9.0525248506480019e-07, 1.0000054549354058e+00, 5.4623025213857777e-07, 4.1879326092453882e-07, 1.2024593648089805e-06, -5.1419421763385020e-08, -1.6755639041648351e-07, -1.1748082551214822e-07, 1.0990147395584130e-06, 4.6978175785448825e-07},
    {-3.9195889340470336e-08, -1.1244825039822998e-07, 3.5999101996915421e-07, 9.2765304157980963e-08, -2.8639577773199497e-07, -2.7236559627955773e-07, -3.3050925457282123e-07, 3.7105184014882468e-08, 1.5895110311291722e-06, 5.4623025213179304e-07, 1.0000060058638391e+00, -1.3450681044485149e-06, -9.9147155188343121e-07, -4.7558859665788279e-07, 5.4785289538836965e-08, -8.1398973137930715e-07, -1.3348169600324640e-07, -2.5854649125124944e-08},
    {-1.3835175949153943e-07, -6.8014926699264082e-07, 2.3511245080773214e-07, -6.5673250788972825e-07, -1.2500307164259749e-06, -5.5897157980438398e-07, -2.7702526666085550e-07, -4.2170671465187065e-07, 1.6191802071446631e-07, 4.1879326093315780e-07, -1.3450681044474083e-06, 1.0000036986442216e+00, 9.8875456245111396e-07, -3.6828554647990855e-07, 1.5269030005110533e-06, -4.3222256227547858e-07, 9.2945841793638528e-08, -3.5961505514748018e-07},
    {-1.2243730077498866e-06, 7.7926928275991461e-07, 2.3054654271161158e-07, 7.9632244545005645e-07, -5.2730969335655293e-07, -2.9325699028419332e-07, -5.7305882300640557e-07, -5.0844360802450750e-07, 3.7492964246409116e-07, 1.2024593648125628e-06, -9.9147155186401340e-07, 9.8875456243706846e-07, 1.0000053114678424e+00, -7.3445270021850161e-08, -6.4493849817159051e-07, -6.0236468475038156e-07, -3.2229900228256749e-07, -1.0273402674170076e-07},
    {-2.3445773008284167e-07, 1.2542481962497022e-07, 6.2597177401263574e-07, -5.4019539807228713e-07, -7.4224534691081445e-07, 6.5178978637449842e-07, -4.2782446346018301e-07, -9.1241148730229547e-07, 7.2730723320210332e-07, -5.1419421785460677e-08, -4.7558859665721533e-07, -3.6828554650094827e-07, -7.3445269995995685e-08, 1.0000036349670205e+00, 8.5603222775586804e-08, -2.8467491626987705e-09, -1.1699647044456669e-06, -3.8518111243916421e-07},
    {-3.0718232819332161e-07, -1.3895744067979566e-07, 5.1195008863639420e-07, -8.4926364135075147e-07, 3.9622050274774327e-07, -2.6475621038701228e-07, -5.7785220056526695e-07, -2.6475635246327085e-07, -4.7571792167810261e-08, -1.6755639034988462e-07, 5.4785289554157508e-08, 1.5269030005243471e-06, -6.4493849820005167e-07, 8.5603222737924992e-08, 1.0000044051423085e+00, -4.6342746470773036e-07, -6.2969911461905302e-07, -9.8316739799734018e-07},
    {4.9930681536072918e-07, 7.3824908997520297e-07, 4.1493655221044451e-07, 6.8500098818062691e-07, -5.8805708074824199e-07, -8.0937625317627685e-07, 7.1525898853827911e-07, 2.8963188657385015e-07, -3.8089395077376476e-07, -1.1748082547596972e-07, -8.1398973138282086e-07, -4.3222256231265100e-07, -6.0236468475519991e-07, -2.8467491604941650e-09, -4.6342746474686969e-07, 1.0000059055925252e+00, -2.2813933440103553e-07, 4.4165444765869827e-07},
    {9.7502564267015387e-07, -2.3964834534033068e-07, -4.4577093863052642e-07, -1.2154192338770290e-06, -1.5349288023102903e-08, -9.9706564547286816e-07, -8.2507074525841156e-07, 1.2057154317376405e-06, 7.6679386145657255e-07, 1.0990147395629472e-06, -1.3348169600257468e-07, 9.2945841804325820e-08, -3.2229900228377743e-07, -1.1699647044209880e-06, -6.2969911461568278e-07, -2.2813933442077624e-07, 1.0000036869733973e+00, 5.8529164106988455e-07},
    {5.2471549578384357e-07, 6.1757300477990827e-07, 2.9944829536052545e-07, 8.5846341271941458e-07, 2.5269841505361168e-07, -3.2305170648551565e-07, -1.6744306391785167e-06, -7.4276991660284236e-08, -4.4166642883844787e-07, 4.6978175788543910e-07, -2.5854649123393705e-08, -3.5961505514622515e-07, -1.0273402676200124e-07, -3.8518111243949111e-07, -9.8316739801167388e-07, 4.4165444767553887e-07, 5.8529164104322080e-07, 1.0000054365097675e+00}
}}};

static constexpr auto result = eigvals(mat);

int main() { return 0; }
