#include "../../consteig.hpp"

using namespace consteig;

static constexpr Matrix<double, 8, 8> mat
{{{
    {1.3020315170288086e+00, -2.1275877952575684e+00, -4.1250115633010864e-01, 3.8794534206390381e+00, 1.9744300246238708e+00, -7.6019060611724854e-01, -1.3572952151298523e-01, -1.6320863962173462e+00},
    {-2.1275877952575684e+00, -6.7181956768035889e-01, -2.8529730523005128e+00, -2.0501378774642944e+00, 2.6220521777868271e+00, 1.5602191090583801e+00, -2.5010944306850433e+00, -4.7735306024551392e+00},
    {-4.1250115633010864e-01, -2.8529730523005128e+00, 4.0317029953002930e+00, 8.4680882096290588e-01, 6.4054442243650556e-01, 9.9541151523590088e-01, -4.5362164080142975e-01, -3.3969825506210327e-01},
    {3.8794534206390381e+00, -2.0501378774642944e+00, 8.4680882096290588e-01, 9.7838765382766724e-01, -9.9813678860664368e-01, 2.3090910911560059e-01, -2.6112047256901860e-02, 7.3936468362808228e-01},
    {1.9744300246238708e+00, 2.6220521777868271e+00, 6.4054442243650556e-01, -9.9813678860664368e-01, -1.0464043617248535e+00, 1.7745010852813721e+00, -1.6711533069610596e-01, 6.3146043196320534e-01},
    {-7.6019060611724854e-01, 1.5602191090583801e+00, 9.9541151523590088e-01, 2.3090910911560059e-01, 1.7745010852813721e+00, 2.0104436874389648e+00, 1.1985240578651428e+00, 7.8004647791385651e-01},
    {-1.3572952151298523e-01, -2.5010944306850433e+00, -4.5362164080142975e-01, -2.6112047256901860e-02, -1.6711533069610596e-01, 1.1985240578651428e+00, 2.4124135971069336e+00, -2.8724979162216187e+00},
    {-1.6320863962173462e+00, -4.7735306024551392e+00, -3.3969825506210327e-01, 7.3936468362808228e-01, 6.3146043196320534e-01, 7.8004647791385651e-01, -2.8724979162216187e+00, 2.1270449161529541e+00}
}}};

static constexpr auto result = eigvals(mat);

int main() { return 0; }
