#include "../../consteig.hpp"

using namespace consteig;

static constexpr Matrix<double, 6, 6> mat
{{{
    {1.0000000000000000e+00, -4.4635359007480234e-16, 2.3338518548886402e-16, 4.7309079556896535e-16, -9.9539786499419995e-17, -3.5988859508351224e-16},
    {-4.4635359007480234e-16, 9.9999999999999944e-01, -1.8261503957057122e-16, 1.4929767264208559e-16, 1.4482662969297637e-16, -3.3786527110695774e-16},
    {2.3338518548886402e-16, -1.8261503957057122e-16, 9.9999999999999944e-01, -6.2831180824537213e-17, 7.7685035585412500e-17, 2.0046647132839283e-16},
    {4.7309079556896535e-16, 1.4929767264208559e-16, -6.2831180824537213e-17, 9.9999999999999978e-01, -3.6667648832331136e-18, 3.2611916569964322e-16},
    {-9.9539786499419995e-17, 1.4482662969297637e-16, 7.7685035585412500e-17, -3.6667648832331136e-18, 9.9999999999999989e-01, 2.0152683631930155e-17},
    {-3.5988859508351224e-16, -3.3786527110695774e-16, 2.0046647132839283e-16, 3.2611916569964322e-16, 2.0152683631930155e-17, 9.9999999999999967e-01}
}}};

static constexpr auto result = eigvals(mat);

int main() { return 0; }
