#include "../../consteig.hpp"

using namespace consteig;

static constexpr Matrix<double, 14, 14> mat
{{{
    {-3.3380231857299805e+00, 9.6408581733703613e-01, 2.3056215941905975e+00, -1.1224284172058105e+00, -9.6060587465763092e-01, 3.0360521078109741e+00, -9.4588994979858398e-03, 3.1074769496917725e+00, 5.8965540118515491e-01, -2.1730171442031860e+00, 1.4648931473493576e-01, -6.9310055673122406e-01, 9.4164073467254639e-02, -8.1159412860870361e-01},
    {9.6408581733703613e-01, 1.9114871025085449e+00, -7.2666257619857788e-02, 6.3152107596397400e-01, -1.3537877500057220e+00, -9.8116409778594971e-01, -2.4435579776763916e-02, 7.6151955127716064e-01, 5.5542325973510742e-01, -7.6023635268211365e-01, 4.3606662750244141e-01, -3.9312605559825897e-01, -8.1565402448177338e-01, -7.9502203036099672e-02},
    {2.3056215941905975e+00, -7.2666257619857788e-02, -2.1812605857849121e+00, 2.7575778961181641e-01, 2.3024585843086243e+00, -3.1074160337448120e-01, 1.6196250915527344e-02, 1.9684110581874847e-01, 2.5388254225254059e-01, -1.5957206487655640e-01, -1.3005686402320862e+00, -2.2247821092605591e-02, 7.2916078567504883e-01, -2.5444555282592773e-01},
    {-1.1224284172058105e+00, 6.3152107596397400e-01, 2.7575778961181641e-01, -6.2036925554275513e-01, -7.7242246270179749e-01, 1.9342374801635742e-01, -4.3441779911518097e-02, 2.3563495874404907e+00, -9.4341057538986206e-01, -1.2183076441287994e+00, -1.6170312762260437e+00, 1.2492807805538177e+00, 3.3576548099517822e-02, 1.3641254305839539e+00},
    {-9.6060587465763092e-01, -1.3537877500057220e+00, 2.3024585843086243e+00, -7.7242246270179749e-01, 1.8428480625152588e+00, 4.5226573944091797e-01, 2.0972104370594025e+00, -2.0366945862770081e-01, -1.0183936357498169e+00, 2.8364986777305603e+00, -1.4723225831985474e+00, 1.0051741749048233e+00, -1.5703104734420776e+00, 2.7968326210975647e-01},
    {3.0360521078109741e+00, -9.8116409778594971e-01, -3.1074160337448120e-01, 1.9342374801635742e-01, 4.5226573944091797e-01, -4.4743270874023438e+00, -1.3532972335815430e+00, -1.2762554734945297e+00, 1.9233788847923279e+00, 2.0997278094291687e+00, -1.0836994051933289e+00, -3.7775474786758423e-01, 1.7199078202247620e+00, -1.5905834585428238e+00},
    {-9.4588994979858398e-03, -2.4435579776763916e-02, 1.6196250915527344e-02, -4.3441779911518097e-02, 2.0972104370594025e+00, -1.3532972335815430e+00, 4.9757428169250488e+00, -3.3242495059967041e+00, 1.7207440733909607e+00, -2.9749464988708496e-01, -8.3879256714135408e-01, 5.0888341665267944e-01, -2.1772401928901672e+00, -1.9273871183395386e-01},
    {3.1074769496917725e+00, 7.6151955127716064e-01, 1.9684110581874847e-01, 2.3563495874404907e+00, -2.0366945862770081e-01, -1.2762554734945297e+00, -3.3242495059967041e+00, -9.6474903821945190e-01, -1.4755958318710327e-01, 9.9224451184272766e-01, 1.1455082893371582e-01, 3.7577421963214874e-01, -1.1525807380676270e+00, -9.8043620586395264e-02},
    {5.8965540118515491e-01, 5.5542325973510742e-01, 2.5388254225254059e-01, -9.4341057538986206e-01, -1.0183936357498169e+00, 1.9233788847923279e+00, 1.7207440733909607e+00, -1.4755958318710327e-01, -2.3890383243560791e+00, -1.4176758527755737e+00, -2.6384600400924683e+00, 2.5134662389755249e+00, -8.2810658216476440e-01, 1.5795860588550568e+00},
    {-2.1730171442031860e+00, -7.6023635268211365e-01, -1.5957206487655640e-01, -1.2183076441287994e+00, 2.8364986777305603e+00, 2.0997278094291687e+00, -2.9749464988708496e-01, 9.9224451184272766e-01, -1.4176758527755737e+00, -5.2058078348636627e-02, -1.4657959342002869e-01, -6.8811964988708496e-01, 4.3779456615447998e-01, -1.3157877922058105e+00},
    {1.4648931473493576e-01, 4.3606662750244141e-01, -1.3005686402320862e+00, -1.6170312762260437e+00, -1.4723225831985474e+00, -1.0836994051933289e+00, -8.3879256714135408e-01, 1.1455082893371582e-01, -2.6384600400924683e+00, -1.4657959342002869e-01, 3.5769546031951904e-01, -9.7973205149173737e-01, -1.4199023246765137e+00, -1.4173246920108795e+00},
    {-6.9310055673122406e-01, -3.9312605559825897e-01, -2.2247821092605591e-02, 1.2492807805538177e+00, 1.0051741749048233e+00, -3.7775474786758423e-01, 5.0888341665267944e-01, 3.7577421963214874e-01, 2.5134662389755249e+00, -6.8811964988708496e-01, -9.7973205149173737e-01, 7.9875957965850830e-01, 9.4254621863365173e-01, -1.4808945804834366e+00},
    {9.4164073467254639e-02, -8.1565402448177338e-01, 7.2916078567504883e-01, 3.3576548099517822e-02, -1.5703104734420776e+00, 1.7199078202247620e+00, -2.1772401928901672e+00, -1.1525807380676270e+00, -8.2810658216476440e-01, 4.3779456615447998e-01, -1.4199023246765137e+00, 9.4254621863365173e-01, 5.5623251199722290e-01, -3.1829201243817806e-01},
    {-8.1159412860870361e-01, -7.9502203036099672e-02, -2.5444555282592773e-01, 1.3641254305839539e+00, 2.7968326210975647e-01, -1.5905834585428238e+00, -1.9273871183395386e-01, -9.8043620586395264e-02, 1.5795860588550568e+00, -1.3157877922058105e+00, -1.4173246920108795e+00, -1.4808945804834366e+00, -3.1829201243817806e-01, -3.4098505973815918e+00}
}}};

static constexpr auto result = eigvals(mat);

int main() { return 0; }
