#include "../../consteig.hpp"

using namespace consteig;

static constexpr Matrix<double, 6, 6> mat
{{{
    {1.0000000000000002e+00, -3.0174281253724328e-17, 5.2555098318168385e-16, -7.0892970992296312e-17, 1.3711075609721439e-16, -5.7544131040141875e-17},
    {-3.0174281253724328e-17, 1.0000000000000000e+00, 1.1772980660317739e-16, -3.5636211523694443e-17, 1.3382436184377561e-16, -5.5373381649111518e-17},
    {5.2555098318168385e-16, 1.1772980660317739e-16, 1.0000000000000002e+00, -1.3410425302414810e-16, -6.3932950986545032e-17, 4.6166411577498433e-17},
    {-7.0892970992296312e-17, -3.5636211523694443e-17, -1.3410425302414810e-16, 9.9999999999999989e-01, -1.6692038193375236e-17, -2.6113959926730663e-17},
    {1.3711075609721439e-16, 1.3382436184377561e-16, -6.3932950986545032e-17, -1.6692038193375236e-17, 9.9999999999999978e-01, 1.0566772218407942e-16},
    {-5.7544131040141875e-17, -5.5373381649111518e-17, 4.6166411577498433e-17, -2.6113959926730663e-17, 1.0566772218407942e-16, 1.0000000000000002e+00}
}}};

static constexpr auto result = eigvals(mat);

int main() { return 0; }
