#include "../../consteig.hpp"

using namespace consteig;

static constexpr Matrix<double, 16, 16> mat
{{{
    {2.3890588283538818e+00, -3.0883836746215820e-01, 2.7927200794219971e+00, -2.4030543565750122e+00, 1.2220292985439301e+00, -8.0300036072731018e-01, 3.6657104492187500e+00, 3.7066506147384644e+00, 3.9364454895257950e-01, -2.6520697921514511e+00, 3.9076399803161621e-01, 2.2919932007789612e-01, 8.1342560052871704e-01, 4.6519562005996704e+00, -2.7170144319534302e+00, 4.0934532880783081e-01},
    {-3.0883836746215820e-01, 1.8471044301986694e+00, 1.3137497901916504e+00, 1.5773899257183075e+00, 1.9866911172866821e+00, -1.7810162901878357e-01, 2.6652200818061829e+00, -2.3208860754966736e+00, -3.3209461718797684e-01, -1.7691541910171509e+00, 2.0930525660514832e-01, 1.0837972164154053e+00, -2.7257403135299683e+00, 1.8859040737152100e+00, 5.2739810943603516e-01, -1.8661699295043945e+00},
    {2.7927200794219971e+00, 1.3137497901916504e+00, -9.4219076633453369e-01, -1.1644577980041504e-01, 4.4726085662841797e-01, -1.2641311138868332e+00, 2.1266366243362427e+00, 1.4466906487941742e+00, -1.6472916305065155e+00, 5.8522276580333710e-01, -3.1272250413894653e-01, -1.9525054097175598e-01, 4.5970262587070465e-01, -1.0119650363922119e+00, -1.7337386012077332e+00, -1.6021990180015564e+00},
    {-2.4030543565750122e+00, 1.5773899257183075e+00, -1.1644577980041504e-01, 1.3328853249549866e-01, -1.2833239510655403e+00, -1.0387500524520874e+00, -8.6462825536727905e-02, 6.4401552081108093e-01, -4.8268198966979980e-02, -2.7481222152709961e-01, 3.0791420340538025e+00, 3.2272771000862122e-02, 9.7828274965286255e-01, 1.2456210404634476e+00, 1.0329276323318481e-01, -8.7696892023086548e-01},
    {1.2220292985439301e+00, 1.9866911172866821e+00, 4.4726085662841797e-01, -1.2833239510655403e+00, 3.3872520923614502e+00, -6.8774097412824631e-01, 1.2548716068267822e+00, 1.8468183279037476e-01, 1.1780290752649307e+00, -4.4328205287456512e-02, 7.6935750246047974e-01, -2.5115418434143066e-01, 8.8329357560724020e-01, 8.7639980018138885e-01, -1.5249536037445068e+00, -1.2250957041978836e+00},
    {-8.0300036072731018e-01, -1.7810162901878357e-01, -1.2641311138868332e+00, -1.0387500524520874e+00, -6.8774097412824631e-01, -1.4809263944625854e+00, -2.5369856357574463e+00, 1.3635480403900146e-01, 1.8752288818359375e+00, -1.1305001974105835e+00, 1.3538928627967834e+00, -6.2474779970943928e-01, 1.1928114611655474e+00, -6.3060522079467773e-03, 5.9165358543395996e-02, 4.5296800136566162e-01},
    {3.6657104492187500e+00, 2.6652200818061829e+00, 2.1266366243362427e+00, -8.6462825536727905e-02, 1.2548716068267822e+00, -2.5369856357574463e+00, -1.0003824234008789e+00, -4.0772625058889389e-01, 2.2825045585632324e+00, 1.4800236821174622e+00, 1.9278030097484589e+00, -1.0174382627010345e+00, -4.2703676223754883e-01, -1.7219219207763672e+00, 1.1043676733970642e+00, -5.4947572946548462e-01},
    {3.7066506147384644e+00, -2.3208860754966736e+00, 1.4466906487941742e+00, 6.4401552081108093e-01, 1.8468183279037476e-01, 1.3635480403900146e-01, -4.0772625058889389e-01, 1.5186680555343628e+00, -2.0917620062828064e+00, 8.4294116497039795e-01, -7.5824120640754700e-01, 1.7396093010902405e+00, -9.4388979696668684e-01, -2.3914366960525513e-01, -7.0917883515357971e-01, -8.8106790184974670e-01},
    {3.9364454895257950e-01, -3.3209461718797684e-01, -1.6472916305065155e+00, -4.8268198966979980e-02, 1.1780290752649307e+00, 1.8752288818359375e+00, 2.2825045585632324e+00, -2.0917620062828064e+00, 2.8407841920852661e-01, -3.4766727685928345e-01, 1.7653728555887938e-01, 7.3808252811431885e-01, -1.0934833884239197e+00, 1.0577418804168701e+00, -5.2933754026889801e-01, -8.5367190837860107e-01},
    {-2.6520697921514511e+00, -1.7691541910171509e+00, 5.8522276580333710e-01, -2.7481222152709961e-01, -4.4328205287456512e-02, -1.1305001974105835e+00, 1.4800236821174622e+00, 8.4294116497039795e-01, -3.4766727685928345e-01, 1.7211269140243530e+00, -2.9164934158325195e-01, -1.9467505216598511e+00, -1.0474713444709778e+00, 6.3057601451873779e-02, 1.9681502580642700e+00, -4.7093731164932251e-01},
    {3.9076399803161621e-01, 2.0930525660514832e-01, -3.1272250413894653e-01, 3.0791420340538025e+00, 7.6935750246047974e-01, 1.3538928627967834e+00, 1.9278030097484589e+00, -7.5824120640754700e-01, 1.7653728555887938e-01, -2.9164934158325195e-01, -1.2601266801357269e-01, 8.3754217624664307e-01, -9.5627763867378235e-01, -6.6509351134300232e-01, -1.1888610571622849e-01, -2.6694734692573547e+00},
    {2.2919932007789612e-01, 1.0837972164154053e+00, -1.9525054097175598e-01, 3.2272771000862122e-02, -2.5115418434143066e-01, -6.2474779970943928e-01, -1.0174382627010345e+00, 1.7396093010902405e+00, 7.3808252811431885e-01, -1.9467505216598511e+00, 8.3754217624664307e-01, 1.1200648546218872e+00, 2.3061968386173248e+00, -8.8643953204154968e-01, 1.8113231658935547e-01, -1.4135043546557426e+00},
    {8.1342560052871704e-01, -2.7257403135299683e+00, 4.5970262587070465e-01, 9.7828274965286255e-01, 8.8329357560724020e-01, 1.1928114611655474e+00, -4.2703676223754883e-01, -9.4388979696668684e-01, -1.0934833884239197e+00, -1.0474713444709778e+00, -9.5627763867378235e-01, 2.3061968386173248e+00, 1.6938183307647705e+00, 1.6928672194480896e+00, 1.6409155726432800e+00, 3.2208683490753174e+00},
    {4.6519562005996704e+00, 1.8859040737152100e+00, -1.0119650363922119e+00, 1.2456210404634476e+00, 8.7639980018138885e-01, -6.3060522079467773e-03, -1.7219219207763672e+00, -2.3914366960525513e-01, 1.0577418804168701e+00, 6.3057601451873779e-02, -6.6509351134300232e-01, -8.8643953204154968e-01, 1.6928672194480896e+00, -4.1495552062988281e+00, -1.0589345991611481e+00, 6.4508581161499023e-01},
    {-2.7170144319534302e+00, 5.2739810943603516e-01, -1.7337386012077332e+00, 1.0329276323318481e-01, -1.5249536037445068e+00, 5.9165358543395996e-02, 1.1043676733970642e+00, -7.0917883515357971e-01, -5.2933754026889801e-01, 1.9681502580642700e+00, -1.1888610571622849e-01, 1.8113231658935547e-01, 1.6409155726432800e+00, -1.0589345991611481e+00, -1.3382219076156616e+00, -1.2047407031059265e+00},
    {4.0934532880783081e-01, -1.8661699295043945e+00, -1.6021990180015564e+00, -8.7696892023086548e-01, -1.2250957041978836e+00, 4.5296800136566162e-01, -5.4947572946548462e-01, -8.8106790184974670e-01, -8.5367190837860107e-01, -4.7093731164932251e-01, -2.6694734692573547e+00, -1.4135043546557426e+00, 3.2208683490753174e+00, 6.4508581161499023e-01, -1.2047407031059265e+00, 6.3745391368865967e-01}
}}};

static constexpr auto result = eigvals(mat);

int main() { return 0; }
