#include "../../consteig.hpp"

using namespace consteig;

static constexpr Matrix<double, 12, 12> mat
{{{
    {1.0000000000000007e+00, 1.5369271943561468e-16, -4.1343969606662714e-16, -1.9202737919949683e-16, -1.7807167936503173e-16, 2.6960085443165661e-16, 4.4222117812928581e-17, -1.1951634578539683e-16, 5.3732932126519291e-17, 1.0812192004380989e-16, 5.4200977901142409e-17, -1.3301877398420776e-16},
    {1.5369271943561468e-16, 1.0000000000000000e+00, -6.0231783358771022e-17, -1.5056980048839987e-16, -1.9232243678514341e-16, -7.5424022989185606e-17, 2.3327879339169279e-17, 1.1387151092137305e-18, 8.4810210364223394e-17, -8.1666915440662168e-17, -1.2202707819406291e-16, -1.8935654132435910e-16},
    {-4.1343969606662714e-16, -6.0231783358771022e-17, 1.0000000000000002e+00, -2.3165928636847432e-16, -6.8395291674407041e-17, -1.4889345629513636e-16, 1.4208741595985822e-16, -7.1716906642058619e-18, 8.1017203650243405e-18, -9.0410130268141020e-17, -2.6930951216203845e-18, -6.2415205790598482e-18},
    {-1.9202737919949683e-16, -1.5056980048839987e-16, -2.3165928636847432e-16, 1.0000000000000002e+00, 8.3188514457354574e-17, -2.5624587406585466e-16, -2.6721574683216639e-16, -4.9628566567291921e-17, 8.2871152777602081e-17, 7.3151813822752201e-17, 1.5806573581117606e-16, 1.4071263191750680e-16},
    {-1.7807167936503173e-16, -1.9232243678514341e-16, -6.8395291674407041e-17, 8.3188514457354574e-17, 1.0000000000000000e+00, 1.5200064584585329e-17, -1.4897288457718797e-16, -4.9781326769727874e-17, 1.3008773362907627e-16, -5.4919428583878951e-17, 1.8436696110566910e-16, 4.5677944028464958e-17},
    {2.6960085443165661e-16, -7.5424022989185606e-17, -1.4889345629513636e-16, -2.5624587406585466e-16, 1.5200064584585329e-17, 9.9999999999999967e-01, -5.1807243183012166e-17, 7.5804929497536051e-17, -2.4355129293240005e-16, -2.4734351294006744e-17, -2.5579097365876580e-16, -7.7070031126724233e-17},
    {4.4222117812928581e-17, 2.3327879339169279e-17, 1.4208741595985822e-16, -2.6721574683216639e-16, -1.4897288457718797e-16, -5.1807243183012166e-17, 9.9999999999999989e-01, 1.0848275786197347e-16, -9.6110439087265061e-17, -6.5174332893037673e-17, -6.6200270575232118e-17, 8.0548859055804031e-17},
    {-1.1951634578539683e-16, 1.1387151092137305e-18, -7.1716906642058619e-18, -4.9628566567291921e-17, -4.9781326769727874e-17, 7.5804929497536051e-17, 1.0848275786197347e-16, 1.0000000000000002e+00, 3.3197217066335757e-17, 1.2807898931953017e-16, 1.3628792637323239e-16, 6.1928530123071924e-17},
    {5.3732932126519291e-17, 8.4810210364223394e-17, 8.1017203650243405e-18, 8.2871152777602081e-17, 1.3008773362907627e-16, -2.4355129293240005e-16, -9.6110439087265061e-17, 3.3197217066335757e-17, 1.0000000000000000e+00, 1.0852453933994696e-16, -6.2118366538076645e-18, 5.9670259751596200e-17},
    {1.0812192004380989e-16, -8.1666915440662168e-17, -9.0410130268141020e-17, 7.3151813822752201e-17, -5.4919428583878951e-17, -2.4734351294006744e-17, -6.5174332893037673e-17, 1.2807898931953017e-16, 1.0852453933994696e-16, 1.0000000000000000e+00, 1.1204059243920114e-16, 6.8911412535370883e-17},
    {5.4200977901142409e-17, -1.2202707819406291e-16, -2.6930951216203845e-18, 1.5806573581117606e-16, 1.8436696110566910e-16, -2.5579097365876580e-16, -6.6200270575232118e-17, 1.3628792637323239e-16, -6.2118366538076645e-18, 1.1204059243920114e-16, 1.0000000000000000e+00, 9.5346703243211498e-17},
    {-1.3301877398420776e-16, -1.8935654132435910e-16, -6.2415205790598482e-18, 1.4071263191750680e-16, 4.5677944028464958e-17, -7.7070031126724233e-17, 8.0548859055804031e-17, 6.1928530123071924e-17, 5.9670259751596200e-17, 6.8911412535370883e-17, 9.5346703243211498e-17, 1.0000000000000002e+00}
}}};

static constexpr auto result = eigvals(mat);

int main() { return 0; }
