#include "../../consteig.hpp"

using namespace consteig;

static constexpr Matrix<double, 4, 4> mat
{{{
    {1.0000000000000007e+00, -1.6064025229387847e-16, -3.8713550831237767e-17, 1.9203369882106642e-16},
    {-1.6064025229387847e-16, 1.0000000000000000e+00, -6.5602093375910265e-17, 1.2673558084407688e-16},
    {-3.8713550831237767e-17, -6.5602093375910265e-17, 9.9999999999999967e-01, -4.8500685961747451e-17},
    {1.9203369882106642e-16, 1.2673558084407688e-16, -4.8500685961747451e-17, 1.0000000000000002e+00}
}}};

static constexpr auto result = eigvals(mat);

int main() { return 0; }
