#include "../../consteig.hpp"

using namespace consteig;

static constexpr Matrix<double, 10, 10> mat
{{{
    {1.0000048272708038e+00, -2.3578256526032721e-06, -3.4791058532780305e-08, 9.8956951971084793e-07, -3.3900696473318580e-07, 4.4417839380849643e-07, 1.2230356334235262e-06, 6.7469016098978401e-07, 2.6872383423565939e-08, -6.3537205037650744e-08},
    {-2.3578256526813097e-06, 1.0000056754774529e+00, 4.3450259883066518e-07, -9.6269692346551096e-07, -4.9904689778856521e-07, 8.2008127289392829e-08, 6.4827270813155088e-07, -4.8210064381186500e-07, -5.5155414525293498e-07, -8.4203080364847210e-07},
    {-3.4791058551387614e-08, 4.3450259882683765e-07, 1.0000022477020203e+00, -4.9167881708202404e-07, -1.5190360015237073e-07, -1.4293099525096901e-06, 9.1401584855712348e-07, -4.8993036699679335e-07, -1.3822326603889821e-06, 5.9647522589570774e-07},
    {9.8956951968172863e-07, -9.6269692347200452e-07, -4.9167881708488923e-07, 1.0000040219980573e+00, -2.5105586419925993e-06, 2.0920941649928326e-06, -5.9832102972520854e-07, -1.1676097448243912e-06, 1.7908589912586613e-07, 2.6570620103535631e-08},
    {-3.3900696475059027e-07, -4.9904689777454268e-07, -1.5190360015838948e-07, -2.5105586420405139e-06, 1.0000060450233670e+00, 1.2393317856216008e-06, -1.3411283878446883e-06, 3.5995023134778393e-07, 5.8398715831390452e-07, 1.5862032902571397e-06},
    {4.4417839383588111e-07, 8.2008127292215487e-08, -1.4293099525128826e-06, 2.0920941649923701e-06, 1.2393317856450384e-06, 1.0000047124626910e+00, 7.6779298921830121e-07, -1.3457947700764464e-06, 7.9943732746522237e-07, 6.8192625645631511e-07},
    {1.2230356334798763e-06, 6.4827270812481168e-07, 9.1401584850213580e-07, -5.9832102970940121e-07, -1.3411283878341107e-06, 7.6779298925129208e-07, 1.0000053071718513e+00, 5.9894096779312963e-07, -1.2722398285848842e-06, -8.4943773164103098e-08},
    {6.7469016096133556e-07, -4.8210064379202262e-07, -4.8993036700349825e-07, -1.1676097448269875e-06, 3.5995023131037784e-07, -1.3457947700728336e-06, 5.9894096780657469e-07, 1.0000052160794588e+00, -7.3561765914237491e-07, -1.1591494255370579e-06},
    {2.6872383419095862e-08, -5.5155414524496546e-07, -1.3822326603769942e-06, 1.7908589913760987e-07, 5.8398715830144403e-07, 7.9943732743221308e-07, -1.2722398285871219e-06, -7.3561765912449499e-07, 1.0000055559602805e+00, 1.0067821942852352e-06},
    {-6.3537205038235872e-08, -8.4203080364400199e-07, 5.9647522586323515e-07, 2.6570620102764067e-08, 1.5862032902502889e-06, 6.8192625648382071e-07, -8.4943773116285891e-08, -1.1591494255490858e-06, 1.0067821942650938e-06, 1.0000063908540180e+00}
}}};

static constexpr auto result = eigvals(mat);

int main() { return 0; }
