#include "../../consteig.hpp"

using namespace consteig;

static constexpr Matrix<double, 8, 8> mat
{{{
    {1.0000045875008217e+00, -8.0464473359887882e-07, 1.0504304605369825e-07, 1.3440093522937686e-06, 4.4997335512448996e-07, 5.3208826472398289e-08, -8.2070789866681916e-07, -7.3541162727069658e-08},
    {-8.0464473360115067e-07, 1.0000050958423483e+00, -2.2886756204924377e-06, 1.7045379495505791e-06, 2.6363728027456356e-06, 1.1682761787363957e-06, -1.5026374455473945e-07, -7.0376697946989641e-07},
    {1.0504304605523126e-07, -2.2886756204817973e-06, 1.0000071117465641e+00, 9.3010489045437095e-08, -4.8155009239061129e-08, -1.2446728775894004e-06, 4.8105564679749897e-07, -6.4986903044080220e-07},
    {1.3440093523324314e-06, 1.7045379495719207e-06, 9.3010489064173477e-08, 1.0000054277814825e+00, -1.1672692143396329e-07, -1.2283418339018902e-06, -1.5451005164451381e-06, -1.9805067167977870e-07},
    {4.4997335511585292e-07, 2.6363728027480555e-06, -4.8155009248647669e-08, -1.1672692147559661e-07, 1.0000062732052015e+00, -6.6447024576351667e-07, 1.1632511208367242e-06, 3.4611830899017885e-07},
    {5.3208826520530851e-08, 1.1682761787556903e-06, -1.2446728775857505e-06, -1.2283418339137726e-06, -6.6447024574255388e-07, 1.0000048194635516e+00, 6.7436467864330738e-07, 2.6557813708014609e-06},
    {-8.2070789867509224e-07, -1.5026374454872152e-07, 4.8105564678061802e-07, -1.5451005164535351e-06, 1.1632511208429395e-06, 6.7436467865192604e-07, 1.0000024102125546e+00, 3.0232476287417600e-07},
    {-7.3541162713869827e-08, -7.0376697946929967e-07, -6.4986903047213586e-07, -1.9805067168330805e-07, 3.4611830898296388e-07, 2.6557813708179789e-06, 3.0232476287099010e-07, 1.0000042742474760e+00}
}}};

static constexpr auto result = eigvals(mat);

int main() { return 0; }
