#include "../../consteig.hpp"

using namespace consteig;

static constexpr Matrix<double, 12, 12> mat
{{{
    {1.0000000000000000e+00, -1.5318011321058454e-16, -1.9440018652475001e-17, 6.7329235230893514e-17, 1.9561615889265195e-17, 4.9800250157599496e-17, 4.3072105342885732e-17, 1.1530135274198307e-17, 4.3149769799984528e-17, 9.2554350162808184e-17, 1.3405093378025934e-18, 1.0009751853345632e-16},
    {-1.5318011321058454e-16, 9.9999999999999989e-01, 1.5483241662196101e-16, 1.0613554131763809e-17, 1.7733643992533988e-16, -7.7777282924762586e-17, 1.0871062792065997e-16, -1.5424181111664692e-16, 1.1280821634404943e-16, 9.5009815726726878e-17, 1.3599211037658788e-16, -4.8602252803085178e-17},
    {-1.9440018652475001e-17, 1.5483241662196101e-16, 1.0000000000000004e+00, -7.6840830100811536e-17, 6.6691876125613251e-17, -3.9352689712557116e-17, 9.6941218413613581e-17, -1.7180552821357122e-17, 2.0093871219358846e-17, -5.4025219698587573e-17, 1.3381909784095395e-16, -1.9930317739963574e-16},
    {6.7329235230893514e-17, 1.0613554131763809e-17, -7.6840830100811536e-17, 9.9999999999999978e-01, 6.4680773139119064e-17, -1.5834794450511565e-16, -1.4829446650203467e-16, 2.0479876116097344e-16, 5.6246080490840218e-18, 1.6398323820879518e-16, -7.1996967347726194e-17, 2.6238200842613663e-16},
    {1.9561615889265195e-17, 1.7733643992533988e-16, 6.6691876125613251e-17, 6.4680773139119064e-17, 1.0000000000000002e+00, -5.9028947754218718e-18, -5.4720402345895480e-17, 5.3485211480772113e-17, 1.0256407775418800e-16, 4.1124279156193352e-17, 6.7481564285684444e-17, -1.4346277718460859e-17},
    {4.9800250157599496e-17, -7.7777282924762586e-17, -3.9352689712557116e-17, -1.5834794450511565e-16, -5.9028947754218718e-18, 9.9999999999999978e-01, -5.9992219342108922e-17, -7.6676443633055335e-18, 5.7892867328958209e-17, 1.9702236885632495e-16, -7.4779012604038881e-17, 1.0230950400172724e-16},
    {4.3072105342885732e-17, 1.0871062792065997e-16, 9.6941218413613581e-17, -1.4829446650203467e-16, -5.4720402345895480e-17, -5.9992219342108922e-17, 1.0000000000000000e+00, -1.9016025843076363e-17, 2.3509127693371768e-17, 3.1544281909845634e-17, 4.6898433447733591e-17, -5.2073449458615949e-17},
    {1.1530135274198307e-17, -1.5424181111664692e-16, -1.7180552821357122e-17, 2.0479876116097344e-16, 5.3485211480772113e-17, -7.6676443633055335e-18, -1.9016025843076363e-17, 9.9999999999999978e-01, -4.1768323641575301e-17, -4.3715231047591123e-17, 7.7262582096060914e-17, 1.1405618792483684e-16},
    {4.3149769799984528e-17, 1.1280821634404943e-16, 2.0093871219358846e-17, 5.6246080490840218e-18, 1.0256407775418800e-16, 5.7892867328958209e-17, 2.3509127693371768e-17, -4.1768323641575301e-17, 1.0000000000000002e+00, -1.0236650094136060e-17, 1.4803313632036249e-16, 5.5432826532825152e-18},
    {9.2554350162808184e-17, 9.5009815726726878e-17, -5.4025219698587573e-17, 1.6398323820879518e-16, 4.1124279156193352e-17, 1.9702236885632495e-16, 3.1544281909845634e-17, -4.3715231047591123e-17, -1.0236650094136060e-17, 1.0000000000000000e+00, 7.4597182846883756e-17, -8.6405814750120922e-17},
    {1.3405093378025934e-18, 1.3599211037658788e-16, 1.3381909784095395e-16, -7.1996967347726194e-17, 6.7481564285684444e-17, -7.4779012604038881e-17, 4.6898433447733591e-17, 7.7262582096060914e-17, 1.4803313632036249e-16, 7.4597182846883756e-17, 9.9999999999999989e-01, 6.4571010560872607e-17},
    {1.0009751853345632e-16, -4.8602252803085178e-17, -1.9930317739963574e-16, 2.6238200842613663e-16, -1.4346277718460859e-17, 1.0230950400172724e-16, -5.2073449458615949e-17, 1.1405618792483684e-16, 5.5432826532825152e-18, -8.6405814750120922e-17, 6.4571010560872607e-17, 9.9999999999999978e-01}
}}};

static constexpr auto result = eigvals(mat);

int main() { return 0; }
