#include "../../consteig.hpp"

using namespace consteig;

static constexpr Matrix<double, 8, 8> mat
{{{
    {4.8647584915161133e+00, 2.4611407518386841e+00, 6.1112600564956665e-01, -1.4737787544727325e+00, -2.0084239244461060e+00, 1.7288711071014404e+00, 1.4573013186454773e+00, 6.6863417625427246e-01},
    {2.4611407518386841e+00, -7.8305459022521973e-01, 6.2311980128288269e-01, -1.6021333634853363e+00, -9.3086719512939453e-02, 4.1097821108996868e-01, -6.9153201580047607e-01, 9.6920591592788696e-01},
    {6.1112600564956665e-01, 6.2311980128288269e-01, 2.8421461582183838e+00, 3.8624250888824463e-01, 2.4009799957275391e+00, 9.1520118713378906e-01, -3.3476160466670990e-01, -5.3922551870346069e-01},
    {-1.4737787544727325e+00, -1.6021333634853363e+00, 3.8624250888824463e-01, -1.2589079141616821e+00, 6.2052590213716030e-01, -9.0547338128089905e-02, 1.0937899351119995e-01, 1.0792092680931091e+00},
    {-2.0084239244461060e+00, -9.3086719512939453e-02, 2.4009799957275391e+00, 6.2052590213716030e-01, -9.6897894144058228e-01, -6.4123272895812988e-02, -2.3970120474696159e+00, 2.4967648386955261e+00},
    {1.7288711071014404e+00, 4.1097821108996868e-01, 9.1520118713378906e-01, -9.0547338128089905e-02, -6.4123272895812988e-02, -2.3244073390960693e+00, 1.0802714824676514e+00, 1.2287233769893646e+00},
    {1.4573013186454773e+00, -6.9153201580047607e-01, -3.3476160466670990e-01, 1.0937899351119995e-01, -2.3970120474696159e+00, 1.0802714824676514e+00, 7.2553384304046631e-01, -3.2388734817504883e-01},
    {6.6863417625427246e-01, 9.6920591592788696e-01, -5.3922551870346069e-01, 1.0792092680931091e+00, 2.4967648386955261e+00, 1.2287233769893646e+00, -3.2388734817504883e-01, -6.2137782573699951e-01}
}}};

static constexpr auto result = eigvals(mat);

int main() { return 0; }
