#include "../../consteig.hpp"

using namespace consteig;

static constexpr Matrix<double, 10, 10> mat
{{{
    {9.9999999999999989e-01, 1.5216198096477679e-16, 3.4466014109613200e-17, 2.2941054585186972e-17, -1.2653961472260071e-16, 1.9431644411569604e-16, 2.7383747296032873e-16, -1.5096856645866850e-16, -9.2748269363866985e-17, 1.0210690299607299e-16},
    {1.5216198096477679e-16, 1.0000000000000004e+00, 2.7909311637618467e-17, -1.1273791467594053e-17, -2.2795027060087164e-16, 1.7524681583662655e-16, 1.3625216993536453e-16, -6.3013267197611930e-17, 3.4850507353531533e-17, 9.1661073635481122e-17},
    {3.4466014109613200e-17, 2.7909311637618467e-17, 9.9999999999999967e-01, -2.5818390295506109e-16, -1.9513838894119044e-16, 9.6385006114401897e-17, 1.0134275824462541e-17, -3.5986304573575044e-16, -1.0540186945729414e-16, -1.1682395674920927e-16},
    {2.2941054585186972e-17, -1.1273791467594053e-17, -2.5818390295506109e-16, 9.9999999999999967e-01, -3.7934510392115752e-17, -1.1937303334082565e-17, -2.8621819407050478e-18, -1.1877053981188508e-16, -3.3093605141351003e-17, -9.3355207276155938e-18},
    {-1.2653961472260071e-16, -2.2795027060087164e-16, -1.9513838894119044e-16, -3.7934510392115752e-17, 9.9999999999999989e-01, 3.7508711386995683e-17, -4.0115368374723282e-17, 9.1281508277939669e-17, -5.0261355449387500e-17, -3.2700989175421877e-17},
    {1.9431644411569604e-16, 1.7524681583662655e-16, 9.6385006114401897e-17, -1.1937303334082565e-17, 3.7508711386995683e-17, 1.0000000000000000e+00, -1.1497660180920848e-16, 3.5576598392322009e-17, -1.5846395857724114e-17, 5.6237523829887949e-17},
    {2.7383747296032873e-16, 1.3625216993536453e-16, 1.0134275824462541e-17, -2.8621819407050478e-18, -4.0115368374723282e-17, -1.1497660180920848e-16, 9.9999999999999967e-01, 1.4267147643725755e-16, -1.5068703171859463e-18, -7.6052913201153024e-17},
    {-1.5096856645866850e-16, -6.3013267197611930e-17, -3.5986304573575044e-16, -1.1877053981188508e-16, 9.1281508277939669e-17, 3.5576598392322009e-17, 1.4267147643725755e-16, 1.0000000000000002e+00, 2.1406021869921955e-17, -1.2000060216335200e-16},
    {-9.2748269363866985e-17, 3.4850507353531533e-17, -1.0540186945729414e-16, -3.3093605141351003e-17, -5.0261355449387500e-17, -1.5846395857724114e-17, -1.5068703171859463e-18, 2.1406021869921955e-17, 1.0000000000000002e+00, -1.6392929514441207e-17},
    {1.0210690299607299e-16, 9.1661073635481122e-17, -1.1682395674920927e-16, -9.3355207276155938e-18, -3.2700989175421877e-17, 5.6237523829887949e-17, -7.6052913201153024e-17, -1.2000060216335200e-16, -1.6392929514441207e-17, 9.9999999999999989e-01}
}}};

static constexpr auto result = eigvals(mat);

int main() { return 0; }
