#include "../../consteig.hpp"

using namespace consteig;

static constexpr Matrix<double, 10, 10> mat
{{{
    {1.1519222259521484e+00, 3.8359693288803101e+00, 1.2195841073989868e+00, -1.4664257764816284e+00, 7.8706383705139160e-02, 3.8307511806488037e-01, -1.5443837940692902e+00, -3.1593777239322662e-01, 1.0543949604034424e+00, -1.3195192217826843e+00},
    {3.8359693288803101e+00, -2.6646502017974854e+00, 6.6543901804834604e-01, 1.7082440406084061e+00, -1.2828555703163147e-01, 4.0356454849243164e+00, 3.4173476696014404e-01, -6.5258246660232544e-01, 1.0972003936767578e+00, -4.8091337457299232e-01},
    {1.2195841073989868e+00, 6.6543901804834604e-01, -3.2852989435195923e-01, 1.0458593070507050e+00, -1.7235973477363586e+00, -7.0514741539955139e-01, 2.2515440583229065e+00, 2.4223850220441818e+00, -1.5003991127014160e-01, -1.7811350822448730e+00},
    {-1.4664257764816284e+00, 1.7082440406084061e+00, 1.0458593070507050e+00, 4.2851037979125977e+00, -1.3100624680519104e+00, -8.1633543968200684e-01, -8.6196497082710266e-01, -7.1680784225463867e-02, -4.8266659677028656e-01, -1.7993078678846359e+00},
    {7.8706383705139160e-02, -1.2828555703163147e-01, -1.7235973477363586e+00, -1.3100624680519104e+00, -1.1627831459045410e+00, 1.6432112753391266e+00, -6.4799737930297852e-01, -8.8221296668052673e-01, 1.0955572128295898e-02, -1.1180927902460098e+00},
    {3.8307511806488037e-01, 4.0356454849243164e+00, -7.0514741539955139e-01, -8.1633543968200684e-01, 1.6432112753391266e+00, 1.5129134654998779e+00, -8.9012268185615540e-01, -1.5297323465347290e+00, -6.8312673270702362e-01, 1.5431195199489594e+00},
    {-1.5443837940692902e+00, 3.4173476696014404e-01, 2.2515440583229065e+00, -8.6196497082710266e-01, -6.4799737930297852e-01, -8.9012268185615540e-01, -1.7413890361785889e+00, -1.5774950236082077e+00, -2.0917722582817078e+00, -2.1373076885938644e+00},
    {-3.1593777239322662e-01, -6.5258246660232544e-01, 2.4223850220441818e+00, -7.1680784225463867e-02, -8.8221296668052673e-01, -1.5297323465347290e+00, -1.5774950236082077e+00, -1.2721881866455078e+00, 4.5839127898216248e-01, 1.0397099554538727e+00},
    {1.0543949604034424e+00, 1.0972003936767578e+00, -1.5003991127014160e-01, -4.8266659677028656e-01, 1.0955572128295898e-02, -6.8312673270702362e-01, -2.0917722582817078e+00, 4.5839127898216248e-01, 2.9658093452453613e+00, -4.9255633912980556e-01},
    {-1.3195192217826843e+00, -4.8091337457299232e-01, -1.7811350822448730e+00, -1.7993078678846359e+00, -1.1180927902460098e+00, 1.5431195199489594e+00, -2.1373076885938644e+00, 1.0397099554538727e+00, -4.9255633912980556e-01, -3.4197133779525757e-01}
}}};

static constexpr auto result = eigvals(mat);

int main() { return 0; }
