#include "../../consteig.hpp"

using namespace consteig;

static constexpr Matrix<double, 6, 6> mat
{{{
    {1.0000000000000004e+00, 1.3964467102435800e-17, 1.9525729736399630e-16, -2.9167658722356099e-17, 2.1356002816745140e-18, -1.1809891545090666e-17},
    {1.3964467102435800e-17, 1.0000000000000000e+00, -2.8176800288746344e-17, 1.3454300633518220e-16, -2.8253026257248554e-17, -1.0209803378627729e-16},
    {1.9525729736399630e-16, -2.8176800288746344e-17, 9.9999999999999944e-01, -1.7134732879626312e-17, -6.0680702195782156e-17, -2.5138396088253077e-16},
    {-2.9167658722356099e-17, 1.3454300633518220e-16, -1.7134732879626312e-17, 1.0000000000000000e+00, 2.3014809997449835e-18, -4.1500153064386368e-17},
    {2.1356002816745140e-18, -2.8253026257248554e-17, -6.0680702195782156e-17, 2.3014809997449835e-18, 1.0000000000000000e+00, -1.5301472272309900e-17},
    {-1.1809891545090666e-17, -1.0209803378627729e-16, -2.5138396088253077e-16, -4.1500153064386368e-17, -1.5301472272309900e-17, 9.9999999999999989e-01}
}}};

static constexpr auto result = eigvals(mat);

int main() { return 0; }
