#include "../../consteig.hpp"

using namespace consteig;

static constexpr Matrix<double, 6, 6> mat
{{{
    {-1.7312643527984619e+00, 1.0212722271680832e+00, -1.1615467816591263e+00, 4.2877260595560074e-02, -1.4909834265708923e+00, -1.4443451166152954e-01},
    {1.0212722271680832e+00, 2.0666525363922119e+00, 2.1121593751013279e-01, -1.1949923187494278e+00, 1.3347149491310120e+00, 5.7637265324592590e-01},
    {-1.1615467816591263e+00, 2.1121593751013279e-01, 2.2544991970062256e+00, -7.3352602869272232e-01, -2.1534273885190487e+00, -1.3863693177700043e+00},
    {4.2877260595560074e-02, -1.1949923187494278e+00, -7.3352602869272232e-01, 3.1001842021942139e-01, 2.1121125221252441e+00, 1.4100277423858643e-01},
    {-1.4909834265708923e+00, 1.3347149491310120e+00, -2.1534273885190487e+00, 2.1121125221252441e+00, -1.9719241857528687e+00, -3.3780688047409058e-01},
    {-1.4443451166152954e-01, 5.7637265324592590e-01, -1.3863693177700043e+00, 1.4100277423858643e-01, -3.3780688047409058e-01, -2.3967339992523193e+00}
}}};

static constexpr auto result = eigvals(mat);

int main() { return 0; }
