#include "../../consteig.hpp"

using namespace consteig;

static constexpr Matrix<double, 20, 20> mat
{{{
    {1.0000000000000002e+00, 4.8768954120962555e-17, 7.4217628314197278e-18, -1.4638578973911859e-16, 6.1815717716432734e-17, 2.6589990614633751e-17, 3.2007994087289237e-16, 7.6072245455969848e-17, 6.6519092733995900e-17, -1.0500602235460188e-16, -6.2511501353933095e-17, 1.0289080944603524e-17, 1.6726243329199905e-16, 8.7482505179667248e-17, -9.3929892476723524e-17, -1.6910676755031678e-17, 6.7166725168687416e-17, 7.7185656604579180e-17, 3.4123082710711786e-17, 2.1261481583773727e-17},
    {4.8768954120962555e-17, 1.0000000000000002e+00, 2.5203961550430607e-17, 1.7352194741846571e-16, -7.5881853296583877e-18, 2.6943275680203878e-17, -1.4487698660032233e-16, -5.9354730809270541e-17, 3.4532155322629588e-17, -1.6489988402838391e-16, 1.4148180642167450e-16, -1.7055754850447090e-17, -8.2662913860781218e-17, 4.4261064936651594e-18, 2.0674151860743388e-16, 1.1613369030913741e-16, -1.8560053883373825e-16, 5.2413981012445572e-17, 5.3952338181442250e-17, 3.7998010157570025e-17},
    {7.4217628314197278e-18, 2.5203961550430607e-17, 1.0000000000000004e+00, 6.2279747247776524e-17, 1.1162637367597772e-16, -3.0061545962469125e-17, -1.7390336159307330e-16, 4.2539621158478574e-17, -8.4424917986464119e-17, 8.0859986357634779e-18, 1.2159474230626015e-16, -2.2868843973658604e-16, -1.0903859263940837e-16, -6.7239045284832314e-17, -1.1666226407166256e-16, 7.9919631713051840e-17, -2.5080627791029001e-16, 1.3970603930730928e-16, 2.3227138020574027e-16, -9.8772313846172846e-17},
    {-1.4638578973911859e-16, 1.7352194741846571e-16, 6.2279747247776524e-17, 1.0000000000000002e+00, 2.2165792383205959e-16, 8.3698752453887752e-17, -1.6258929395528897e-16, 1.4073517300663002e-16, -1.4383011607841123e-16, 9.2414628600766140e-17, 8.1199891212197724e-17, -2.8332524977722313e-17, 1.7987075023218069e-17, 2.0115339750228378e-17, 1.0660041600195109e-16, 5.2088318201281543e-17, -7.2763831663019132e-17, -7.5774289434455363e-17, 1.7908652340162295e-16, -1.1165656445541067e-17},
    {6.1815717716432734e-17, -7.5881853296583877e-18, 1.1162637367597772e-16, 2.2165792383205959e-16, 9.9999999999999967e-01, -1.0264067895002426e-18, -2.5357987278322423e-16, -1.1797257571543329e-16, 2.9150319259955577e-17, -1.2883543671664334e-16, 1.4240169881590755e-16, -1.5585352510272834e-16, -2.1915021351874718e-16, 3.7515034980721790e-18, 1.1427888185882368e-16, -5.2789376400057447e-17, -1.4106451831616394e-16, 4.3869412672853728e-17, 7.9636712256919191e-17, -6.3240188080422638e-17},
    {2.6589990614633751e-17, 2.6943275680203878e-17, -3.0061545962469125e-17, 8.3698752453887752e-17, -1.0264067895002426e-18, 1.0000000000000000e+00, -1.0860721823768725e-16, -7.9866714525253601e-17, -2.6536752003806501e-17, 3.0670339497902669e-17, 1.6833227788421917e-16, -6.6128570997774237e-18, -2.5662102393863383e-16, -1.0764274380549231e-16, 2.0923465800837411e-17, 2.4794545607169845e-16, -1.4657573216200652e-16, 2.0398958117086726e-16, -7.7449950247118052e-17, -1.9179415309338933e-16},
    {3.2007994087289237e-16, -1.4487698660032233e-16, -1.7390336159307330e-16, -1.6258929395528897e-16, -2.5357987278322423e-16, -1.0860721823768725e-16, 1.0000000000000004e+00, -3.3874379644786857e-16, 5.3167049405252795e-17, -2.6915251459235525e-17, -1.5760684273205402e-16, 2.0445256896201904e-16, 5.8319935886285267e-17, 4.7113462181418858e-17, -1.2438095625654526e-16, -1.6413946369777928e-17, 1.9445982747975232e-16, 1.3957834382143524e-16, -2.6105232400901474e-16, 3.0591605250290998e-17},
    {7.6072245455969848e-17, -5.9354730809270541e-17, 4.2539621158478574e-17, 1.4073517300663002e-16, -1.1797257571543329e-16, -7.9866714525253601e-17, -3.3874379644786857e-16, 9.9999999999999989e-01, 1.0439519333823101e-16, -1.6992379212551271e-16, 2.2000968524422161e-16, -2.6706891922499521e-16, 2.3310541825909837e-17, -1.8267102907030842e-16, 9.6376962566817879e-17, 4.2999879473548183e-17, -2.2487615226273196e-16, -5.8371361299373893e-17, 8.2387217451890148e-17, -1.3031960847640079e-16},
    {6.6519092733995900e-17, 3.4532155322629588e-17, -8.4424917986464119e-17, -1.4383011607841123e-16, 2.9150319259955577e-17, -2.6536752003806501e-17, 5.3167049405252795e-17, 1.0439519333823101e-16, 9.9999999999999989e-01, -8.4344665025326162e-17, -9.2037555483693894e-17, -6.7287442472084132e-17, 2.4284143281368067e-17, -7.8916273194222509e-17, -4.2474307499720507e-17, 2.1396534696558904e-18, 1.8492231700500370e-17, 6.5678081477708499e-17, 1.4169150692327472e-17, -9.9034401957565042e-17},
    {-1.0500602235460188e-16, -1.6489988402838391e-16, 8.0859986357634779e-18, 9.2414628600766140e-17, -1.2883543671664334e-16, 3.0670339497902669e-17, -2.6915251459235525e-17, -1.6992379212551271e-16, -8.4344665025326162e-17, 9.9999999999999989e-01, -6.2077726257719884e-17, -4.4840161746974870e-17, -8.6949289512657823e-17, 8.9529172684697383e-18, 1.0436487387867768e-17, 6.6302202691155466e-17, -1.3796065383164899e-16, 7.4663289275832679e-17, -7.0022846578700806e-17, 7.1249545625335926e-18},
    {-6.2511501353933095e-17, 1.4148180642167450e-16, 1.2159474230626015e-16, 8.1199891212197724e-17, 1.4240169881590755e-16, 1.6833227788421917e-16, -1.5760684273205402e-16, 2.2000968524422161e-16, -9.2037555483693894e-17, -6.2077726257719884e-17, 1.0000000000000000e+00, -1.5783270268772937e-16, 8.0203287652439655e-17, -5.4150026948236408e-17, 1.5355915932405725e-17, -1.1955626696788583e-17, -2.2787561806244138e-16, 5.3106984079649191e-17, 4.9615179604037812e-17, 2.8373123637435629e-17},
    {1.0289080944603524e-17, -1.7055754850447090e-17, -2.2868843973658604e-16, -2.8332524977722313e-17, -1.5585352510272834e-16, -6.6128570997774237e-18, 2.0445256896201904e-16, -2.6706891922499521e-16, -6.7287442472084132e-17, -4.4840161746974870e-17, -1.5783270268772937e-16, 1.0000000000000002e+00, 1.0687569369262812e-16, 1.8786402674751719e-17, -4.4776485086346701e-17, -8.4746723549422508e-17, 2.0770730495327495e-16, 4.2061484994224660e-17, -1.0919940492503403e-16, 5.6147569162568957e-17},
    {1.6726243329199905e-16, -8.2662913860781218e-17, -1.0903859263940837e-16, 1.7987075023218069e-17, -2.1915021351874718e-16, -2.5662102393863383e-16, 5.8319935886285267e-17, 2.3310541825909837e-17, 2.4284143281368067e-17, -8.6949289512657823e-17, 8.0203287652439655e-17, 1.0687569369262812e-16, 9.9999999999999989e-01, 1.2056217465221387e-17, 9.5169106626372800e-17, -1.9372515939026820e-17, 1.1184808430791685e-16, -3.9719346793176686e-17, -1.2514214221620355e-16, 5.2570424870855834e-17},
    {8.7482505179667248e-17, 4.4261064936651594e-18, -6.7239045284832314e-17, 2.0115339750228378e-17, 3.7515034980721790e-18, -1.0764274380549231e-16, 4.7113462181418858e-17, -1.8267102907030842e-16, -7.8916273194222509e-17, 8.9529172684697383e-18, -5.4150026948236408e-17, 1.8786402674751719e-17, 1.2056217465221387e-17, 1.0000000000000002e+00, -1.0380093274060564e-16, 9.6888313436577369e-17, 2.7728934990760991e-17, 2.1532328367974606e-16, 1.9166814415667369e-17, 1.1782107971161612e-17},
    {-9.3929892476723524e-17, 2.0674151860743388e-16, -1.1666226407166256e-16, 1.0660041600195109e-16, 1.1427888185882368e-16, 2.0923465800837411e-17, -1.2438095625654526e-16, 9.6376962566817879e-17, -4.2474307499720507e-17, 1.0436487387867768e-17, 1.5355915932405725e-17, -4.4776485086346701e-17, 9.5169106626372800e-17, -1.0380093274060564e-16, 1.0000000000000002e+00, 7.4021877756157656e-17, 3.5565795934725086e-17, 1.7586051609739426e-16, 1.1062964548145513e-16, -1.3567541687764984e-17},
    {-1.6910676755031678e-17, 1.1613369030913741e-16, 7.9919631713051840e-17, 5.2088318201281543e-17, -5.2789376400057447e-17, 2.4794545607169845e-16, -1.6413946369777928e-17, 4.2999879473548183e-17, 2.1396534696558904e-18, 6.6302202691155466e-17, -1.1955626696788583e-17, -8.4746723549422508e-17, -1.9372515939026820e-17, 9.6888313436577369e-17, 7.4021877756157656e-17, 1.0000000000000000e+00, -2.4581526828527711e-17, -9.7695313973648842e-17, 5.4928569701310241e-18, 1.9721621134889306e-17},
    {6.7166725168687416e-17, -1.8560053883373825e-16, -2.5080627791029001e-16, -7.2763831663019132e-17, -1.4106451831616394e-16, -1.4657573216200652e-16, 1.9445982747975232e-16, -2.2487615226273196e-16, 1.8492231700500370e-17, -1.3796065383164899e-16, -2.2787561806244138e-16, 2.0770730495327495e-16, 1.1184808430791685e-16, 2.7728934990760991e-17, 3.5565795934725086e-17, -2.4581526828527711e-17, 1.0000000000000007e+00, 1.4734890257434930e-16, -1.3399036635322799e-16, 3.0099228347369285e-17},
    {7.7185656604579180e-17, 5.2413981012445572e-17, 1.3970603930730928e-16, -7.5774289434455363e-17, 4.3869412672853728e-17, 2.0398958117086726e-16, 1.3957834382143524e-16, -5.8371361299373893e-17, 6.5678081477708499e-17, 7.4663289275832679e-17, 5.3106984079649191e-17, 4.2061484994224660e-17, -3.9719346793176686e-17, 2.1532328367974606e-16, 1.7586051609739426e-16, -9.7695313973648842e-17, 1.4734890257434930e-16, 9.9999999999999967e-01, -1.8087772999897069e-17, -3.8750147415487870e-17},
    {3.4123082710711786e-17, 5.3952338181442250e-17, 2.3227138020574027e-16, 1.7908652340162295e-16, 7.9636712256919191e-17, -7.7449950247118052e-17, -2.6105232400901474e-16, 8.2387217451890148e-17, 1.4169150692327472e-17, -7.0022846578700806e-17, 4.9615179604037812e-17, -1.0919940492503403e-16, -1.2514214221620355e-16, 1.9166814415667369e-17, 1.1062964548145513e-16, 5.4928569701310241e-18, -1.3399036635322799e-16, -1.8087772999897069e-17, 1.0000000000000002e+00, -7.1973977562665545e-18},
    {2.1261481583773727e-17, 3.7998010157570025e-17, -9.8772313846172846e-17, -1.1165656445541067e-17, -6.3240188080422638e-17, -1.9179415309338933e-16, 3.0591605250290998e-17, -1.3031960847640079e-16, -9.9034401957565042e-17, 7.1249545625335926e-18, 2.8373123637435629e-17, 5.6147569162568957e-17, 5.2570424870855834e-17, 1.1782107971161612e-17, -1.3567541687764984e-17, 1.9721621134889306e-17, 3.0099228347369285e-17, -3.8750147415487870e-17, -7.1973977562665545e-18, 9.9999999999999967e-01}
}}};

static constexpr auto result = eigvals(mat);

int main() { return 0; }
