#include "../../consteig.hpp"

using namespace consteig;

static constexpr Matrix<double, 18, 18> mat
{{{
    {1.0000057938308611e+00, -1.8755569309837445e-07, -4.5693674223441219e-07, 1.5094184829278182e-07, 8.8820858792485880e-07, 8.4908288823010351e-07, 9.1443869505416474e-07, -1.4621970025895213e-06, 2.2605146034134929e-07, 7.5722882562620615e-07, -7.2059885553256043e-07, 7.1562391926071094e-07, -1.0896081546387751e-06, -3.9494563083114240e-07, 1.1818620104223055e-06, 3.1259166446452427e-07, -7.5214040817378449e-07, 2.5306364880926059e-07},
    {-1.8755569308139226e-07, 1.0000055286346157e+00, 1.5549038799146125e-07, -3.5279340842769970e-07, 1.6867520801841665e-06, 2.6429799959451612e-07, -6.4536818403944748e-07, 1.7331672784303760e-07, -5.0267849312818730e-07, 1.7981420039468120e-07, 5.6042462384939535e-07, -1.1276899313052684e-06, -1.4316704281007572e-06, 7.5024235627356861e-07, 1.1702268150173815e-06, -1.2348560299076248e-07, -9.4715672592253593e-07, 5.9654707014234600e-07},
    {-4.5693674221207222e-07, 1.5549038798163175e-07, 1.0000062783520254e+00, -3.0387513914764985e-07, 3.7685690617075815e-08, -8.4678528057622058e-08, -3.4871060433116428e-07, 1.0913346065136107e-06, -1.9631209991094154e-07, 1.0228109678079560e-06, -9.6261885239183140e-07, 1.4979450371757842e-06, 6.4404628103786275e-07, -2.1401915926019984e-07, 8.9404644642872357e-07, -2.3449664178029282e-07, 4.6438883877922104e-08, -1.1502975132046783e-06},
    {1.5094184827509447e-07, -3.5279340844080124e-07, -3.0387513913261618e-07, 1.0000056232686232e+00, -8.3074054911195369e-07, 3.8876627704037039e-07, 4.7825082168086155e-07, 5.4484465662960092e-07, -2.3004843429134025e-07, 1.1705983108216860e-06, -2.3256046584475536e-07, -3.1520325422112596e-07, -2.3279021171847048e-07, 1.0934835026857948e-06, -1.4595488949272280e-07, 5.8781322588600686e-07, 1.9597527129888715e-07, -6.4552927197837069e-07},
    {8.8820858791576368e-07, 1.6867520801759191e-06, 3.7685690610211215e-08, -8.3074054911726109e-07, 1.0000041048289066e+00, -6.7123116535344287e-08, -4.1969656705545966e-07, -7.6289646554439900e-07, -1.2934007128789725e-06, -5.4443562077166943e-07, 3.2352431491052480e-07, 2.3481144365173758e-07, 2.1038569113510856e-07, 1.9763832158366392e-07, 5.2091090351353121e-07, -1.1528979622253730e-07, 1.1960285137226577e-07, -7.7586364995395298e-07},
    {8.4908288823742198e-07, 2.6429799960530652e-07, -8.4678528049421668e-08, 3.8876627702804500e-07, -6.7123116546352975e-08, 1.0000055971371786e+00, -7.3254543421984860e-07, 3.7081185303990782e-07, -5.4781808183774673e-07, 5.0944854717470909e-07, -2.5641853095814904e-07, -1.6079911283728867e-06, 1.0366824479503779e-06, -4.8705674367972452e-07, 1.0875627034895928e-07, -9.5515752276968851e-07, 7.3032957046750324e-07, -7.2086838145916865e-07},
    {9.1443869507388695e-07, -6.4536818405382523e-07, -3.4871060433604595e-07, 4.7825082166746307e-07, -4.1969656708725749e-07, -7.3254543424228153e-07, 1.0000037187112751e+00, 2.6845333343227344e-07, 6.6793120817180455e-07, 7.8656096088448246e-07, -6.2716927182368978e-08, -1.3456466042112400e-06, 8.4401895634064143e-07, -8.3922044158732691e-07, -8.7342217656531553e-08, 8.9036656907290121e-07, 1.2060787695386809e-06, 1.4347712857652514e-06},
    {-1.4621970026375311e-06, 1.7331672783251290e-07, 1.0913346065232345e-06, 5.4484465661873189e-07, -7.6289646553267363e-07, 3.7081185302485620e-07, 2.6845333343049959e-07, 1.0000055778545953e+00, -1.2644018463255546e-06, -3.8201395461969715e-07, 6.8586431252572508e-07, 1.8595685313986999e-07, -7.4725590558810234e-07, 3.8535550552744787e-08, -5.0699461417481068e-07, 1.4664248472786990e-07, 5.4413960671638585e-07, 6.6243431615239200e-07},
    {2.2605146031872772e-07, -5.0267849311845352e-07, -1.9631209989452551e-07, -2.3004843430052725e-07, -1.2934007128620513e-06, -5.4781808182971749e-07, 6.6793120817910937e-07, -1.2644018463435655e-06, 1.0000036397458616e+00, -7.0892308294721490e-07, 1.3553957273204542e-06, -2.0507605384972663e-07, -4.6279404126159138e-07, -1.8849792598074974e-07, 3.9905738010698730e-07, -5.0091696380340340e-07, -3.7050246317797102e-07, -2.5109236923472604e-07},
    {7.5722882562107662e-07, 1.7981420042479466e-07, 1.0228109678200294e-06, 1.1705983108158258e-06, -5.4443562073592072e-07, 5.0944854718710584e-07, 7.8656096091546597e-07, -3.8201395462202311e-07, -7.0892308295241039e-07, 1.0000052794737551e+00, -1.0862097990313128e-07, -1.6277819046240190e-06, 3.8292185359034685e-07, 9.0640794126700291e-07, -7.5523166259896496e-08, -3.1074309501441131e-07, 4.5226640291826306e-08, -6.4244890365288921e-07},
    {-7.2059885552380423e-07, 5.6042462384590261e-07, -9.6261885234484352e-07, -2.3256046582559267e-07, 3.2352431490624649e-07, -2.5641853095768110e-07, -6.2716927204958023e-08, 6.8586431250871285e-07, 1.3553957273206886e-06, -1.0862097988442485e-07, 1.0000039784529284e+00, -6.7168770508923962e-07, -5.2758798676152336e-07, -6.3346696738613858e-07, -8.3788887663819202e-08, -8.8828975459978628e-07, 1.0513723034841297e-06, 6.6197366937209179e-07},
    {7.1562391925057365e-07, -1.1276899312967809e-06, 1.4979450371618274e-06, -3.1520325423605862e-07, 2.3481144369301649e-07, -1.6079911283964973e-06, -1.3456466041994347e-06, 1.8595685315029467e-07, -2.0507605385705680e-07, -1.6277819046093035e-06, -6.7168770511800677e-07, 1.0000042411688810e+00, -9.6550708414707179e-07, -6.8405699246074939e-07, -4.6584932559158930e-07, 2.8693580910478453e-07, -1.8795600531690114e-07, -3.7304613273230013e-07},
    {-1.0896081546528710e-06, -1.4316704280764711e-06, 6.4404628102127446e-07, -2.3279021174827294e-07, 2.1038569112728571e-07, 1.0366824479624062e-06, 8.4401895635574551e-07, -7.4725590557707757e-07, -4.6279404126593099e-07, 3.8292185359049445e-07, -5.2758798677855232e-07, -9.6550708416029207e-07, 1.0000056111737701e+00, 7.6447596462666398e-07, -1.2802544894038414e-06, -7.6216813193785637e-07, -1.2440351720593629e-07, -5.2891219871257824e-07},
    {-3.9494563087155365e-07, 7.5024235627609097e-07, -2.1401915926559213e-07, 1.0934835026780561e-06, 1.9763832158301364e-07, -4.8705674369764901e-07, -8.3922044158867115e-07, 3.8535550512528397e-08, -1.8849792599419819e-07, 9.0640794128340105e-07, -6.3346696735708440e-07, -6.8405699245993910e-07, 7.6447596462364060e-07, 1.0000039034564379e+00, 6.8081725954940647e-07, -1.4101619837544111e-07, -8.9869384029475419e-07, -3.4967284518992112e-07},
    {1.1818620103925518e-06, 1.1702268149842992e-06, 8.9404644643929380e-07, -1.4595488948521026e-07, 5.2091090350324368e-07, 1.0875627033100786e-07, -8.7342217640940893e-08, -5.0699461416199455e-07, 3.9905738011413065e-07, -7.5523166259878404e-08, -8.3788887667542547e-08, -4.6584932558866973e-07, -1.2802544893490346e-06, 6.8081725957426170e-07, 1.0000067708154594e+00, -1.1734275007879233e-06, 5.5771020633832316e-08, -5.6215765525931651e-07},
    {3.1259166446454820e-07, -1.2348560298211028e-07, -2.3449664180379878e-07, 5.8781322591875929e-07, -1.1528979622008893e-07, -9.5515752276947929e-07, 8.9036656911738124e-07, 1.4664248471073868e-07, -5.0091696380559955e-07, -3.1074309503864386e-07, -8.8828975460323000e-07, 2.8693580912834168e-07, -7.6216813192421649e-07, -1.4101619838522058e-07, -1.1734275007888946e-06, 1.0000050524171886e+00, 3.5279454989440206e-07, -2.7452879953742382e-07},
    {-7.5214040817874027e-07, -9.4715672591828033e-07, 4.6438883884399179e-08, 1.9597527130509792e-07, 1.1960285136411858e-07, 7.3032957045253204e-07, 1.2060787695226443e-06, 5.4413960671576645e-07, -3.7050246318595489e-07, 4.5226640297665724e-08, 1.0513723034975868e-06, -1.8795600530214235e-07, -1.2440351721048105e-07, -8.9869384025410339e-07, 5.5771020637555317e-08, 3.5279454993162741e-07, 1.0000047311522202e+00, -6.4282838693507023e-08},
    {2.5306364883276252e-07, 5.9654707010795879e-07, -1.1502975131880276e-06, -6.4552927197824522e-07, -7.7586364996287118e-07, -7.2086838140525828e-07, 1.4347712857441641e-06, 6.6243431618087210e-07, -2.5109236918825945e-07, -6.4244890367568552e-07, 6.6197366937292347e-07, -3.7304613272843872e-07, -5.2891219873798849e-07, -3.4967284522223029e-07, -5.6215765526763892e-07, -2.7452879952137842e-07, -6.4282838671714083e-08, 1.0000045695254203e+00}
}}};

static constexpr auto result = eigvals(mat);

int main() { return 0; }
