#include "../../consteig.hpp"

using namespace consteig;

static constexpr Matrix<double, 6, 6> mat
{{{
    {1.0000000000000002e+00, 1.4612592668270856e-16, 8.7837888230151583e-17, 6.6132222516593969e-17, 3.6455578049745504e-17, 2.9212362131102622e-16},
    {1.4612592668270856e-16, 1.0000000000000000e+00, -1.3145089636455121e-16, 7.6282587753703491e-17, -2.0668925362926237e-16, 1.9983995557427606e-17},
    {8.7837888230151583e-17, -1.3145089636455121e-16, 9.9999999999999944e-01, -7.3576148831675979e-17, 2.8000667330984735e-17, -6.1576564890861756e-17},
    {6.6132222516593969e-17, 7.6282587753703491e-17, -7.3576148831675979e-17, 1.0000000000000000e+00, 1.9621479930325927e-18, 1.4478101909239371e-16},
    {3.6455578049745504e-17, -2.0668925362926237e-16, 2.8000667330984735e-17, 1.9621479930325927e-18, 1.0000000000000002e+00, 2.2379946133990476e-17},
    {2.9212362131102622e-16, 1.9983995557427606e-17, -6.1576564890861756e-17, 1.4478101909239371e-16, 2.2379946133990476e-17, 1.0000000000000002e+00}
}}};

static constexpr auto result = eigvals(mat);

int main() { return 0; }
