#include "../../consteig.hpp"

using namespace consteig;

static constexpr Matrix<double, 12, 12> mat
{{{
    {1.0000048515462783e+00, 4.5741603000834992e-07, 8.3635917671808074e-07, -4.3379126351247076e-07, -9.2226168194472079e-07, 1.7762085553361374e-07, 9.4158426680954203e-08, 3.7208355320847208e-08, 3.4779806386479321e-07, 6.7580535410145432e-07, -3.4676288011507121e-07, 7.8920254684728465e-07},
    {4.5741603000874580e-07, 1.0000038378590945e+00, 1.6585546165891480e-06, -8.3950611050739603e-07, -1.1887265314570341e-06, 1.4726725090766333e-07, -7.4731315862642989e-07, 3.3508694747667881e-07, 1.3341261087392917e-06, -6.7421876909236433e-07, -3.8786800479865445e-07, 7.0274100757424488e-07},
    {8.3635917673862658e-07, 1.6585546166063115e-06, 1.0000030564713651e+00, 4.5299716829169453e-07, 6.2351552130580242e-07, -6.5746549494928786e-07, 2.2225953777179402e-07, 1.7149512455597553e-06, 5.8513422057887138e-07, -8.1022963599795402e-07, 1.3806673406245683e-06, 1.8753513307346911e-06},
    {-4.3379126350056116e-07, -8.3950611052141104e-07, 4.5299716829044971e-07, 1.0000067299576005e+00, 1.1781204239253425e-06, -1.4279896654951465e-06, 1.8528544388685226e-06, -8.1996573628965509e-07, 2.1104103538731618e-07, -2.4955282940273524e-06, -4.9681218269600421e-07, -9.2170312793989538e-08},
    {-9.2226168199982113e-07, -1.1887265314351811e-06, 6.2351552131222303e-07, 1.1781204239261539e-06, 1.0000048285257419e+00, -1.9284192421424541e-07, -1.0604844341724446e-06, -5.0262048337052211e-07, -1.3703713122353373e-06, -1.0497679828398416e-06, 4.8702476018133984e-08, -2.7583055216847845e-07},
    {1.7762085549552754e-07, 1.4726725090927753e-07, -6.5746549494694783e-07, -1.4279896654678394e-06, -1.9284192417915169e-07, 1.0000054494989574e+00, 1.2587836728114630e-06, 6.2125395211822920e-07, -5.7162233715585564e-07, -1.5000314660777399e-06, -5.2872244720509190e-07, -5.0243638658985787e-07},
    {9.4158426720562033e-08, -7.4731315863467481e-07, 2.2225953776480735e-07, 1.8528544388490921e-06, -1.0604844341546188e-06, 1.2587836728033345e-06, 1.0000053581083692e+00, -9.2958992189921826e-07, -3.5277000771522173e-07, -2.7836213730921619e-07, 9.0049328659957015e-07, 2.0238247262854147e-07},
    {3.7208355336836345e-08, 3.3508694745055229e-07, 1.7149512455474788e-06, -8.1996573625235959e-07, -5.0262048338823738e-07, 6.2125395209973106e-07, -9.2958992190058780e-07, 1.0000063376321671e+00, -1.4157259938920714e-06, -8.9418747814788893e-07, -5.9343206644566423e-07, 3.3785936770238700e-07},
    {3.4779806386953606e-07, 1.3341261087925428e-06, 5.8513422057817554e-07, 2.1104103538105973e-07, -1.3703713121909428e-06, -5.7162233715464406e-07, -3.5277000771563238e-07, -1.4157259938546213e-06, 1.0000041810660811e+00, -3.9208121620508401e-07, -8.3483841189819224e-08, 1.2193493107443294e-06},
    {6.7580535410424720e-07, -6.7421876911822679e-07, -8.1022963599621654e-07, -2.4955282940042555e-06, -1.0497679829145783e-06, -1.5000314660873994e-06, -2.7836213730968841e-07, -8.9418747819091831e-07, -3.9208121624371951e-07, 1.0000049999332354e+00, -3.7881528225148544e-07, -8.2158423301945781e-07},
    {-3.4676288011115945e-07, -3.8786800479106821e-07, 1.3806673406191267e-06, -4.9681218266462195e-07, 4.8702475993361513e-08, -5.2872244721954440e-07, 9.0049328662547305e-07, -5.9343206643362376e-07, -8.3483841185634352e-08, -3.7881528227678960e-07, 1.0000055116028628e+00, 1.1784425869622694e-07},
    {7.8920254687972273e-07, 7.0274100761551497e-07, 1.8753513307289838e-06, -9.2170312792828018e-08, -2.7583055213935025e-07, -5.0243638658550338e-07, 2.0238247259296439e-07, 3.3785936771127952e-07, 1.2193493107564037e-06, -8.2158423301694784e-07, 1.1784425872085001e-07, 1.0000048577982454e+00}
}}};

static constexpr auto result = eigvals(mat);

int main() { return 0; }
