#include "../../consteig.hpp"

using namespace consteig;

static constexpr Matrix<double, 8, 8> mat
{{{
    {1.5513002872467041e+00, 2.9515430331230164e-01, 4.0415897965431213e-01, -1.1876546144485474e+00, 1.1161237955093384e+00, 1.9053177833557129e+00, -1.0572142750024796e+00, -1.3214090466499329e-01},
    {-1.9053671360015869e+00, 1.2733500003814697e+00, 1.9954755306243896e+00, 3.2446414232254028e-01, 1.9053177833557129e+00, 1.2591599225997925e+00, -1.0254160165786743e+00, 4.7123932838439941e-01},
    {-6.9484227895736694e-01, -6.2398618459701538e-01, 7.2613435983657837e-01, -5.2955436706542969e-01, -1.0572142750024796e+00, -1.0254160165786743e+00, -9.7815948724746704e-01, 5.7018242776393890e-01},
    {-5.4134905338287354e-01, -6.4430929720401764e-02, 1.8815782070159912e+00, 4.4678011536598206e-01, -1.3214090466499329e-01, 4.7123932838439941e-01, 5.7018242776393890e-01, 1.5391441583633423e+00},
    {-1.9257755279541016e+00, 8.5934397578239441e-01, 1.2009031921625137e+00, -1.1848741769790649e+00, -1.5513002872467041e+00, 1.9053671360015869e+00, 6.9484227895736694e-01, 5.4134905338287354e-01},
    {8.5934397578239441e-01, -2.7357053756713867e+00, 7.1830789744853973e-01, 1.0662809908390045e+00, -2.9515430331230164e-01, -1.2733500003814697e+00, 6.2398618459701538e-01, 6.4430929720401764e-02},
    {1.2009031921625137e+00, 7.1830789744853973e-01, 1.2454104423522949e+00, 1.7328304946422577e+00, -4.0415897965431213e-01, -1.9954755306243896e+00, -7.2613435983657837e-01, -1.8815782070159912e+00},
    {-1.1848741769790649e+00, 1.0662809908390045e+00, 1.7328304946422577e+00, 1.5784680843353271e-01, 1.1876546144485474e+00, -3.2446414232254028e-01, 5.2955436706542969e-01, -4.4678011536598206e-01}
}}};

static constexpr auto result = eigvals(mat);

int main() { return 0; }
