#include "../../consteig.hpp"

using namespace consteig;

static constexpr Matrix<double, 16, 16> mat
{{{
    {2.9266235828399658e+00, -5.2528641372919083e-01, 8.0282932519912720e-01, 3.4002545475959778e-01, -1.4093343168497086e-01, -3.7648383527994156e-01, 5.1694333553314209e-01, 1.4752984046936035e-02, 3.4333080053329468e-01, 8.3734229207038879e-01, -1.7660755664110184e+00, -1.9383163452148438e+00, -4.2737990617752075e-02, -2.6194601058959961e+00, -6.2283955514431000e-01, 2.8793275356292725e-01},
    {-5.2528641372919083e-01, -1.5552265644073486e+00, 1.7353465408086777e+00, 1.4826615452766418e+00, -7.3092442750930786e-01, -2.2677329778671265e+00, -1.0858552753925323e+00, -2.0454614525660872e+00, 1.4308738708496094e-01, 7.2920522093772888e-01, -1.7135308533906937e+00, -1.3809283971786499e+00, -2.4342719912528992e+00, -2.1308210492134094e-01, -9.2528846859931946e-01, 1.2591544091701508e+00},
    {8.0282932519912720e-01, 1.7353465408086777e+00, 3.5392105579376221e-01, 8.8134296238422394e-02, 1.7158263921737671e+00, -4.2399775981903076e-01, 1.9301772117614746e-01, -2.9002166390419006e+00, 1.3298428058624268e+00, -6.7936691641807556e-01, 1.1150408387184143e+00, -3.3942914009094238e-01, 2.3406847715377808e+00, 2.0726379156112671e+00, 7.6857444643974304e-01, -2.9045611619949341e+00},
    {3.4002545475959778e-01, 1.4826615452766418e+00, 8.8134296238422394e-02, -6.8747681379318237e-01, 1.4214528799057007e+00, -1.9078193902969360e+00, -6.3682836294174194e-01, -7.8043019771575928e-01, -2.6316395998001099e+00, -1.2831200063228607e+00, -1.1615560948848724e+00, 1.2155748605728149e+00, -1.8943507671356201e+00, -1.2304282784461975e+00, -5.5703760683536530e-01, -2.8526932001113892e-01},
    {-1.4093343168497086e-01, -7.3092442750930786e-01, 1.7158263921737671e+00, 1.4214528799057007e+00, 1.1055072546005249e+00, -9.9685111641883850e-01, 1.1452606469392776e+00, -1.0400973707437515e+00, -1.6384148597717285e-01, -1.6530822813510895e+00, -1.8500671982765198e+00, 1.0117780752480030e+00, 7.8183004260063171e-01, 3.3757622838020325e+00, -2.4840199947357178e-01, -7.8657686710357666e-01},
    {-3.7648383527994156e-01, -2.2677329778671265e+00, -4.2399775981903076e-01, -1.9078193902969360e+00, -9.9685111641883850e-01, 3.7174052000045776e-01, 1.9416501522064209e+00, 7.7292722463607788e-01, -5.2758608758449554e-01, 1.0696634054183960e+00, -1.4130392074584961e+00, -3.5329282283782959e-02, 2.4665040969848633e+00, 7.7285361289978027e-01, 1.0806993991136551e+00, 1.0945925414562225e+00},
    {5.1694333553314209e-01, -1.0858552753925323e+00, 1.9301772117614746e-01, -6.3682836294174194e-01, 1.1452606469392776e+00, 1.9416501522064209e+00, 4.2197523117065430e+00, 2.0567155443131924e+00, 8.1037336587905884e-01, 1.5661830902099609e+00, -1.0719126462936401e-01, -2.4424730539321899e+00, 7.6200693845748901e-02, -7.0419621467590332e-01, -1.1677576601505280e+00, 1.9812684059143066e+00},
    {1.4752984046936035e-02, -2.0454614525660872e+00, -2.9002166390419006e+00, -7.8043019771575928e-01, -1.0400973707437515e+00, 7.7292722463607788e-01, 2.0567155443131924e+00, 4.8290066719055176e+00, 1.5535520911216736e+00, 9.6033543348312378e-01, -2.1854174137115479e-01, 1.2158349752426147e+00, 2.3087595105171204e+00, 3.2899913191795349e-01, 6.5225690603256226e-02, -2.0182051062583923e+00},
    {3.4333080053329468e-01, 1.4308738708496094e-01, 1.3298428058624268e+00, -2.6316395998001099e+00, -1.6384148597717285e-01, -5.2758608758449554e-01, 8.1037336587905884e-01, 1.5535520911216736e+00, -3.1597685813903809e+00, -1.1600475907325745e+00, 1.1941823661327362e+00, 3.2564892768859863e+00, 6.8677288293838501e-01, -2.9083299636840820e-01, -3.0281465053558350e+00, 2.7308259606361389e+00},
    {8.3734229207038879e-01, 7.2920522093772888e-01, -6.7936691641807556e-01, -1.2831200063228607e+00, -1.6530822813510895e+00, 1.0696634054183960e+00, 1.5661830902099609e+00, 9.6033543348312378e-01, -1.1600475907325745e+00, -4.8842082023620605e+00, 7.7348352596163750e-01, 1.5704351738095284e+00, -1.5121054649353027e+00, -7.3773115873336792e-02, -1.1560737192630768e+00, -3.3569657802581787e+00},
    {-1.7660755664110184e+00, -1.7135308533906937e+00, 1.1150408387184143e+00, -1.1615560948848724e+00, -1.8500671982765198e+00, -1.4130392074584961e+00, -1.0719126462936401e-01, -2.1854174137115479e-01, 1.1941823661327362e+00, 7.7348352596163750e-01, 6.4574342966079712e-01, -1.4880851656198502e+00, -1.0982052087783813e+00, -2.3628226518630981e+00, -1.0154682695865631e+00, 6.0990011692047119e-01},
    {-1.9383163452148438e+00, -1.3809283971786499e+00, -3.3942914009094238e-01, 1.2155748605728149e+00, 1.0117780752480030e+00, -3.5329282283782959e-02, -2.4424730539321899e+00, 1.2158349752426147e+00, 3.2564892768859863e+00, 1.5704351738095284e+00, -1.4880851656198502e+00, 1.4849200248718262e+00, 1.4295101165771484e-02, 2.6308325529098511e+00, 5.3002432733774185e-01, 3.0414469540119171e-01},
    {-4.2737990617752075e-02, -2.4342719912528992e+00, 2.3406847715377808e+00, -1.8943507671356201e+00, 7.8183004260063171e-01, 2.4665040969848633e+00, 7.6200693845748901e-02, 2.3087595105171204e+00, 6.8677288293838501e-01, -1.5121054649353027e+00, -1.0982052087783813e+00, 1.4295101165771484e-02, 4.5063993334770203e-01, -1.4561372995376587e-01, -1.7388110160827637e+00, -9.8160505294799805e-01},
    {-2.6194601058959961e+00, -2.1308210492134094e-01, 2.0726379156112671e+00, -1.2304282784461975e+00, 3.3757622838020325e+00, 7.7285361289978027e-01, -7.0419621467590332e-01, 3.2899913191795349e-01, -2.9083299636840820e-01, -7.3773115873336792e-02, -2.3628226518630981e+00, 2.6308325529098511e+00, -1.4561372995376587e-01, 2.6708846092224121e+00, -4.1662977635860443e-01, 7.0080727338790894e-02},
    {-6.2283955514431000e-01, -9.2528846859931946e-01, 7.6857444643974304e-01, -5.5703760683536530e-01, -2.4840199947357178e-01, 1.0806993991136551e+00, -1.1677576601505280e+00, 6.5225690603256226e-02, -3.0281465053558350e+00, -1.1560737192630768e+00, -1.0154682695865631e+00, 5.3002432733774185e-01, -1.7388110160827637e+00, -4.1662977635860443e-01, 1.9088025093078613e+00, 8.1705181300640106e-01},
    {2.8793275356292725e-01, 1.2591544091701508e+00, -2.9045611619949341e+00, -2.8526932001113892e-01, -7.8657686710357666e-01, 1.0945925414562225e+00, 1.9812684059143066e+00, -2.0182051062583923e+00, 2.7308259606361389e+00, -3.3569657802581787e+00, 6.0990011692047119e-01, 3.0414469540119171e-01, -9.8160505294799805e-01, 7.0080727338790894e-02, 8.1705181300640106e-01, 1.8878703117370605e+00}
}}};

static constexpr auto result = eigvals(mat);

int main() { return 0; }
