#include "../../consteig.hpp"

using namespace consteig;

static constexpr Matrix<double, 10, 10> mat
{{{
    {1.0000073162362253e+00, -7.7515839041485254e-08, -1.5273985339046869e-06, 9.2239541305284028e-07, -5.5983944257610740e-08, -6.5749189516634910e-07, 3.5922078234316025e-07, -2.4352937804429684e-07, 1.0824071736368139e-06, 6.0541923809294288e-07},
    {-7.7515839050234006e-08, 1.0000028810625607e+00, -3.8775423882021804e-07, 6.6160996471795167e-07, -1.2146313780519217e-06, 2.5001057102437269e-07, -8.1392120214053567e-07, 1.2654452188858778e-06, -6.5941463002109780e-07, 5.6554816249126136e-07},
    {-1.5273985339315478e-06, -3.8775423884945184e-07, 1.0000039201096953e+00, -3.9032985130138360e-07, -2.3145955666401931e-06, 9.7893076589998835e-07, 8.0203452918114838e-07, -6.5952238661404647e-07, -6.8627588703717626e-07, -3.7252673327530675e-07},
    {9.2239541306131442e-07, 6.6160996471613468e-07, -3.9032985129434185e-07, 1.0000069399101452e+00, -8.6481420760512472e-07, -5.0642917357687632e-07, -1.1786261246312963e-08, 7.4785780296325878e-07, 9.0977509270862302e-07, -2.3808031078183203e-08},
    {-5.5983944226203651e-08, -1.2146313780504303e-06, -2.3145955665676663e-06, -8.6481420750954669e-07, 1.0000055359404072e+00, -1.2131005851446194e-07, 1.0958381162988861e-06, 3.9851711612597769e-07, -1.7741896005485515e-07, 1.4215685889932099e-08},
    {-6.5749189515080160e-07, 2.5001057104291133e-07, 9.7893076588867157e-07, -5.0642917356858419e-07, -1.2131005853818673e-07, 1.0000054980053312e+00, 9.2673053275888875e-07, -1.1084708979940498e-06, 2.6310162958140124e-07, 7.3932160392482474e-07},
    {3.5922078233284280e-07, -8.1392120213757656e-07, 8.0203452919843992e-07, -1.1786261245079050e-08, 1.0958381162895611e-06, 9.2673053276922774e-07, 1.0000067116180436e+00, -2.9325388227798453e-06, -1.0000338329274510e-06, -7.5909639359994688e-07},
    {-2.4352937804576220e-07, 1.2654452188952574e-06, -6.5952238660308247e-07, 7.4785780296918558e-07, 3.9851711613226072e-07, -1.1084708979941825e-06, -2.9325388227699511e-06, 1.0000025715359877e+00, -1.0817945462362109e-06, -3.6312557359433160e-07},
    {1.0824071736590855e-06, -6.5941463001357478e-07, -6.8627588698072448e-07, 9.0977509274031741e-07, -1.7741896004789251e-07, 2.6310162958784139e-07, -1.0000338328918353e-06, -1.0817945462151384e-06, 1.0000043130999874e+00, 1.3223415998431316e-06},
    {6.0541923809693908e-07, 5.6554816249800332e-07, -3.7252673328753441e-07, -2.3808031049337185e-08, 1.4215685881574217e-08, 7.3932160392112924e-07, -7.5909639358797862e-07, -3.6312557359770952e-07, 1.3223415998562320e-06, 1.0000043124816165e+00}
}}};

static constexpr auto result = eigvals(mat);

int main() { return 0; }
