#include "../../consteig.hpp"

using namespace consteig;

static constexpr Matrix<double, 10, 10> mat
{{{
    {8.7241286039352417e-01, 2.4499104022979736e+00, 1.1551025509834290e-01, 8.4305316209793091e-01, -1.0241314172744751e+00, 1.9127742052078247e+00, 1.3169384002685547e+00, -1.2835450172424316e+00, -2.6052124500274658e+00, 1.8718074560165405e+00},
    {-8.4581926465034485e-02, -4.7948902845382690e-01, -1.6089221239089966e+00, 1.0679296255111694e+00, -4.7289088368415833e-01, 1.3169384002685547e+00, -3.9772419929504395e+00, -7.9199717193841934e-01, 1.9688596129417419e+00, -1.6479862332344055e+00},
    {-7.9343414306640625e-01, -2.5234878063201904e-02, 6.1669242382049561e-01, -8.2097446918487549e-01, 1.1600610017776489e+00, -1.2835450172424316e+00, -7.9199717193841934e-01, 1.6698774099349976e+00, -1.8683608472347260e+00, 8.0948954820632935e-01},
    {1.1628112941980362e-01, -7.8132480382919312e-02, 6.4040851593017578e-01, 1.8333897590637207e+00, -2.2470252513885498e+00, -2.6052124500274658e+00, 1.9688596129417419e+00, -1.8683608472347260e+00, 3.1215018033981323e-01, 2.2793136835098267e+00},
    {-9.0879452228546143e-01, -1.0023920536041260e+00, -5.5905503034591675e-01, -1.0688476562500000e+00, 1.0077778100967407e+00, 1.8718074560165405e+00, -1.6479862332344055e+00, 8.0948954820632935e-01, 2.2793136835098267e+00, 2.3408290743827820e-01},
    {-1.7697999477386475e+00, -9.6825888752937317e-01, -1.5017443299293518e+00, 9.3884789943695068e-01, 3.3651401996612549e+00, -8.7241286039352417e-01, 8.4581926465034485e-02, 7.9343414306640625e-01, -1.1628112941980362e-01, 9.0879452228546143e-01},
    {-9.6825888752937317e-01, 2.7963757514953613e-02, 1.4771234989166260e-01, 2.0508205369114876e+00, 6.5378458797931671e-01, -2.4499104022979736e+00, 4.7948902845382690e-01, 2.5234878063201904e-02, 7.8132480382919312e-02, 1.0023920536041260e+00},
    {-1.5017443299293518e+00, 1.4771234989166260e-01, -3.2046875357627869e-01, -8.1676790118217468e-01, 1.1529182195663452e+00, -1.1551025509834290e-01, 1.6089221239089966e+00, -6.1669242382049561e-01, -6.4040851593017578e-01, 5.5905503034591675e-01},
    {9.3884789943695068e-01, 2.0508205369114876e+00, -8.1676790118217468e-01, 3.6250820159912109e+00, 1.6909438967704773e+00, -8.4305316209793091e-01, -1.0679296255111694e+00, 8.2097446918487549e-01, -1.8333897590637207e+00, 1.0688476562500000e+00},
    {3.3651401996612549e+00, 6.5378458797931671e-01, 1.1529182195663452e+00, 1.6909438967704773e+00, 1.2878926992416382e+00, 1.0241314172744751e+00, 4.7289088368415833e-01, -1.1600610017776489e+00, 2.2470252513885498e+00, -1.0077778100967407e+00}
}}};

static constexpr auto result = eigvals(mat);

int main() { return 0; }
