#include "../../consteig.hpp"

using namespace consteig;

static constexpr Matrix<double, 8, 8> mat
{{{
    {8.9518696069717407e-01, 4.2194551229476929e-01, -1.6696137189865112e-01, 5.0392538309097290e-01, 2.0934191346168518e-01, 7.1496951580047607e-01, -2.4769452214241028e+00, 1.2949339747428894e+00},
    {-8.2906536757946014e-02, 4.9247434735298157e-01, -1.6971431970596313e+00, -3.1637415289878845e-01, 7.1496951580047607e-01, 1.8107868432998657e+00, 1.1292203664779663e+00, -2.9463376998901367e+00},
    {2.9681432247161865e-01, -9.9362939596176147e-01, 1.3858523368835449e+00, -3.7909364700317383e-01, -2.4769452214241028e+00, 1.1292203664779663e+00, 1.0242114067077637e+00, 3.3492462635040283e+00},
    {2.4301354587078094e-01, -9.0783286094665527e-01, 4.7131416201591492e-01, -6.5985448658466339e-02, 1.2949339747428894e+00, -2.9463376998901367e+00, 3.3492462635040283e+00, 1.2151867151260376e+00},
    {4.0294790267944336e+00, 1.9141529053449631e+00, -9.7197006642818451e-01, 3.9131335914134979e-01, -8.9518696069717407e-01, 8.2906536757946014e-02, -2.9681432247161865e-01, -2.4301354587078094e-01},
    {1.9141529053449631e+00, 3.4861412048339844e+00, 2.1794444918632507e+00, -2.0096174478530884e+00, -4.2194551229476929e-01, -4.9247434735298157e-01, 9.9362939596176147e-01, 9.0783286094665527e-01},
    {-9.7197006642818451e-01, 2.1794444918632507e+00, 3.3046045899391174e-01, 3.3276653289794922e-01, 1.6696137189865112e-01, 1.6971431970596313e+00, -1.3858523368835449e+00, -4.7131416201591492e-01},
    {3.9131335914134979e-01, -2.0096174478530884e+00, 3.3276653289794922e-01, 3.6517861485481262e-01, -5.0392538309097290e-01, 3.1637415289878845e-01, 3.7909364700317383e-01, 6.5985448658466339e-02}
}}};

static constexpr auto result = eigvals(mat);

int main() { return 0; }
