#include "../../consteig.hpp"

using namespace consteig;

static constexpr Matrix<double, 10, 10> mat
{{{
    {-5.2830135822296143e-01, 7.2435101866722107e-01, -7.2308531403541565e-01, 5.8139485120773315e-01, -1.8437643051147461e+00, -3.1446921825408936e-01, 1.0932317674160004e+00, -7.6007832400500774e-01, -8.9394479058682919e-02, 1.1761617362499237e+00},
    {7.2435101866722107e-01, 1.4658112525939941e+00, -1.8555656969547272e+00, 4.7836804389953613e-01, -1.5123776793479919e+00, -2.7077331990003586e+00, 9.3829368799924850e-01, -3.6122262477874756e-02, 3.4893397241830826e-01, -3.8621282577514648e-01},
    {-7.2308531403541565e-01, -1.8555656969547272e+00, 2.8956158161163330e+00, -1.1191899180412292e+00, -5.4226958751678467e-01, 1.6807578578591347e+00, 6.7801511287689209e-01, -3.0645383596420288e+00, -1.3746352493762970e-01, 5.5515079200267792e-01},
    {5.8139485120773315e-01, 4.7836804389953613e-01, -1.1191899180412292e+00, -5.1349866390228271e-01, 3.5111989080905914e-01, 1.4716137945652008e-01, 7.1633344888687134e-01, -4.3306726217269897e-01, -7.4146117269992828e-01, -9.8821821808815002e-01},
    {-1.8437643051147461e+00, -1.5123776793479919e+00, -5.4226958751678467e-01, 3.5111989080905914e-01, -3.2763934135437012e+00, 1.3173034787178040e+00, 3.5198760032653809e-01, -9.0088123083114624e-01, -1.4642623066902161e+00, 9.6768832206726074e-01},
    {-3.1446921825408936e-01, -2.7077331990003586e+00, 1.6807578578591347e+00, 1.4716137945652008e-01, 1.3173034787178040e+00, 5.8248674869537354e-01, -1.1396762430667877e+00, -1.0835270211100578e-01, -3.1370848417282104e-01, -6.3374784588813782e-01},
    {1.0932317674160004e+00, 9.3829368799924850e-01, 6.7801511287689209e-01, 7.1633344888687134e-01, 3.5198760032653809e-01, -1.1396762430667877e+00, -2.7053146362304688e+00, 1.0628215670585632e+00, -1.3367909193038940e+00, 4.6816629171371460e-01},
    {-7.6007832400500774e-01, -3.6122262477874756e-02, -3.0645383596420288e+00, -4.3306726217269897e-01, -9.0088123083114624e-01, -1.0835270211100578e-01, 1.0628215670585632e+00, -3.7783164978027344e+00, -3.1698322296142578e-01, 2.2943815588951111e+00},
    {-8.9394479058682919e-02, 3.4893397241830826e-01, -1.3746352493762970e-01, -7.4146117269992828e-01, -1.4642623066902161e+00, -3.1370848417282104e-01, -1.3367909193038940e+00, -3.1698322296142578e-01, 1.8701473474502563e+00, 7.8335988521575928e-01},
    {1.1761617362499237e+00, -3.8621282577514648e-01, 5.5515079200267792e-01, -9.8821821808815002e-01, 9.6768832206726074e-01, -6.3374784588813782e-01, 4.6816629171371460e-01, 2.2943815588951111e+00, 7.8335988521575928e-01, -1.0238374471664429e+00}
}}};

static constexpr auto result = eigvals(mat);

int main() { return 0; }
