#include "../../consteig.hpp"

using namespace consteig;

static constexpr Matrix<double, 18, 18> mat
{{{
    {1.0000000000000007e+00, -1.4732498929599189e-16, -3.1538018653143587e-17, 2.1462700576961553e-16, 4.7711725602999452e-17, 7.4586311246844525e-17, -2.8661366326809372e-16, -1.6537174831036702e-16, -1.7503182352467726e-16, -9.6913424878996262e-17, 6.8432600310126833e-17, 4.8882362526058373e-17, 1.8137967393572353e-16, 5.3422873798686438e-17, -3.4787887737275649e-16, -4.6312062154978654e-17, 4.7860209481979334e-17, 1.8483015061951835e-17},
    {-1.4732498929599189e-16, 9.9999999999999978e-01, 3.1317449952368738e-17, 4.5193972728486166e-17, -3.1752816838832644e-16, -9.6386726186201019e-17, -4.8428602062376428e-17, 1.2457750451999443e-16, -6.3500390966720443e-17, -7.0530012373065915e-17, 2.4288545479032623e-17, -8.3082627157244984e-17, 1.0029227324910273e-16, 6.5638295420195467e-17, 3.6817755050309757e-16, 1.1874761160541705e-17, -6.6244703561073381e-17, -1.7433536271269362e-16},
    {-3.1538018653143587e-17, 3.1317449952368738e-17, 9.9999999999999989e-01, -2.9224819724772333e-17, -2.3293858369149778e-16, -8.0824108800379319e-17, 1.5682609515263908e-16, 6.5500273121088006e-17, 5.2674821881482848e-17, -1.7497930767987877e-17, 2.0213628193288919e-18, -1.3262157692209787e-16, -8.7164834853479145e-17, -4.4089885411034114e-17, 9.4711367510913795e-17, -7.8061083039076649e-18, -1.4173084587221983e-17, -7.8385328393935889e-17},
    {2.1462700576961553e-16, 4.5193972728486166e-17, -2.9224819724772333e-17, 1.0000000000000004e+00, 5.1521699624957732e-17, -8.8323186140841333e-18, -1.4862879739018766e-16, -6.8227292963029854e-17, -1.4356744847363284e-16, -2.2682046295541627e-16, 4.4839882350763536e-17, 5.6038018114315637e-17, -1.0437518640111156e-16, 9.0324461570101862e-17, -1.0115330739030332e-16, 9.2157492177460141e-18, 7.1214680874173942e-17, 2.3339344633211525e-17},
    {4.7711725602999452e-17, -3.1752816838832644e-16, -2.3293858369149778e-16, 5.1521699624957732e-17, 1.0000000000000002e+00, 1.2279303911174564e-16, -2.6482527194172375e-17, -2.0725064193225397e-16, -8.9169703299606220e-17, -1.2069505195370093e-16, 1.2100816323611328e-16, -5.6976966815237606e-17, 1.6688441290627791e-17, 3.7730904103562616e-17, -8.3302429635160446e-17, 1.0227507278629770e-16, 5.3754649536449984e-18, 4.9246080689650900e-17},
    {7.4586311246844525e-17, -9.6386726186201019e-17, -8.0824108800379319e-17, -8.8323186140841333e-18, 1.2279303911174564e-16, 1.0000000000000002e+00, -5.3973752490886081e-17, -3.7062852459503765e-16, -1.7339948094136156e-16, -1.9427643099136912e-16, 3.4030186673584926e-17, -8.9553130481593209e-17, -2.6448811020042706e-17, 1.1243670446088877e-16, -1.7117912518839497e-17, -9.0071198107916387e-17, 2.0312352022656179e-17, 1.3961338500645165e-16},
    {-2.8661366326809372e-16, -4.8428602062376428e-17, 1.5682609515263908e-16, -1.4862879739018766e-16, -2.6482527194172375e-17, -5.3973752490886081e-17, 9.9999999999999989e-01, 1.8741938030430901e-17, 1.2538016742731793e-16, 1.7645631467247980e-16, -9.0930349512124749e-17, 5.0004062814599936e-17, 7.7145752472816119e-17, 1.2805479727596506e-17, 1.1797043493649977e-16, -1.3470621158587554e-16, -8.4840743851197508e-17, -1.4962362775074463e-16},
    {-1.6537174831036702e-16, 1.2457750451999443e-16, 6.5500273121088006e-17, -6.8227292963029854e-17, -2.0725064193225397e-16, -3.7062852459503765e-16, 1.8741938030430901e-17, 1.0000000000000002e+00, -2.7483962965858353e-16, 1.9496986930287020e-16, 6.6898128604842214e-17, -3.1692643698717430e-17, -1.3774528323885038e-16, -6.5287596213773595e-17, 1.5959265517859896e-16, 8.2950474646322186e-17, -1.3580380144922790e-17, -1.1474384194173373e-16},
    {-1.7503182352467726e-16, -6.3500390966720443e-17, 5.2674821881482848e-17, -1.4356744847363284e-16, -8.9169703299606220e-17, -1.7339948094136156e-16, 1.2538016742731793e-16, -2.7483962965858353e-16, 9.9999999999999967e-01, -2.2133454495568782e-16, -1.8382260277186533e-16, -1.9248594331792199e-16, -1.6364690488861294e-16, 3.0056832413907944e-18, 1.1839200232475696e-16, -4.4002292525061883e-17, -4.1557700675090546e-17, 4.2050503420929202e-18},
    {-9.6913424878996262e-17, -7.0530012373065915e-17, -1.7497930767987877e-17, -2.2682046295541627e-16, -1.2069505195370093e-16, -1.9427643099136912e-16, 1.7645631467247980e-16, 1.9496986930287020e-16, -2.2133454495568782e-16, 1.0000000000000000e+00, -6.3573677368030000e-18, 1.2308696251046411e-17, -1.9293656253206797e-16, -1.2482030453795714e-16, 1.4555620730047251e-16, 1.0251519543411865e-16, 1.8612966566861936e-17, -1.5256292190844455e-16},
    {6.8432600310126833e-17, 2.4288545479032623e-17, 2.0213628193288919e-18, 4.4839882350763536e-17, 1.2100816323611328e-16, 3.4030186673584926e-17, -9.0930349512124749e-17, 6.6898128604842214e-17, -1.8382260277186533e-16, -6.3573677368030000e-18, 1.0000000000000002e+00, -4.9064100710007988e-17, -2.9867074597687011e-17, 2.9065040746690413e-17, -2.1390750197841199e-16, 8.6666539557076214e-17, -7.7131945488555786e-17, 5.9126947925321438e-17},
    {4.8882362526058373e-17, -8.3082627157244984e-17, -1.3262157692209787e-16, 5.6038018114315637e-17, -5.6976966815237606e-17, -8.9553130481593209e-17, 5.0004062814599936e-17, -3.1692643698717430e-17, -1.9248594331792199e-16, 1.2308696251046411e-17, -4.9064100710007988e-17, 1.0000000000000000e+00, -1.0322185425472328e-16, -1.2232592847956852e-16, -4.9149651398977907e-17, -5.0598604817210935e-17, 1.1060263669667163e-16, -1.1903244278740716e-16},
    {1.8137967393572353e-16, 1.0029227324910273e-16, -8.7164834853479145e-17, -1.0437518640111156e-16, 1.6688441290627791e-17, -2.6448811020042706e-17, 7.7145752472816119e-17, -1.3774528323885038e-16, -1.6364690488861294e-16, -1.9293656253206797e-16, -2.9867074597687011e-17, -1.0322185425472328e-16, 9.9999999999999989e-01, -8.0965716428334796e-17, -1.7836091647547894e-17, 6.0256284678242454e-18, -1.7639668521877715e-17, 2.1448232695484995e-17},
    {5.3422873798686438e-17, 6.5638295420195467e-17, -4.4089885411034114e-17, 9.0324461570101862e-17, 3.7730904103562616e-17, 1.1243670446088877e-16, 1.2805479727596506e-17, -6.5287596213773595e-17, 3.0056832413907944e-18, -1.2482030453795714e-16, 2.9065040746690413e-17, -1.2232592847956852e-16, -8.0965716428334796e-17, 1.0000000000000000e+00, -1.1073410619440102e-18, 6.8000651553996217e-18, -4.8137452373410376e-17, 2.5542510474713248e-17},
    {-3.4787887737275649e-16, 3.6817755050309757e-16, 9.4711367510913795e-17, -1.0115330739030332e-16, -8.3302429635160446e-17, -1.7117912518839497e-17, 1.1797043493649977e-16, 1.5959265517859896e-16, 1.1839200232475696e-16, 1.4555620730047251e-16, -2.1390750197841199e-16, -4.9149651398977907e-17, -1.7836091647547894e-17, -1.1073410619440102e-18, 1.0000000000000000e+00, 2.1900089438381157e-18, -6.0528748930371992e-18, 4.5252224982278858e-17},
    {-4.6312062154978654e-17, 1.1874761160541705e-17, -7.8061083039076649e-18, 9.2157492177460141e-18, 1.0227507278629770e-16, -9.0071198107916387e-17, -1.3470621158587554e-16, 8.2950474646322186e-17, -4.4002292525061883e-17, 1.0251519543411865e-16, 8.6666539557076214e-17, -5.0598604817210935e-17, 6.0256284678242454e-18, 6.8000651553996217e-18, 2.1900089438381157e-18, 1.0000000000000002e+00, -6.6818310597772530e-17, 1.4344331698481004e-16},
    {4.7860209481979334e-17, -6.6244703561073381e-17, -1.4173084587221983e-17, 7.1214680874173942e-17, 5.3754649536449984e-18, 2.0312352022656179e-17, -8.4840743851197508e-17, -1.3580380144922790e-17, -4.1557700675090546e-17, 1.8612966566861936e-17, -7.7131945488555786e-17, 1.1060263669667163e-16, -1.7639668521877715e-17, -4.8137452373410376e-17, -6.0528748930371992e-18, -6.6818310597772530e-17, 1.0000000000000000e+00, -1.6606625514003441e-16},
    {1.8483015061951835e-17, -1.7433536271269362e-16, -7.8385328393935889e-17, 2.3339344633211525e-17, 4.9246080689650900e-17, 1.3961338500645165e-16, -1.4962362775074463e-16, -1.1474384194173373e-16, 4.2050503420929202e-18, -1.5256292190844455e-16, 5.9126947925321438e-17, -1.1903244278740716e-16, 2.1448232695484995e-17, 2.5542510474713248e-17, 4.5252224982278858e-17, 1.4344331698481004e-16, -1.6606625514003441e-16, 9.9999999999999989e-01}
}}};

static constexpr auto result = eigvals(mat);

int main() { return 0; }
