#include "../../consteig.hpp"

using namespace consteig;

static constexpr Matrix<double, 18, 18> mat
{{{
    {1.0000054155859164e+00, 3.7177009682580496e-07, 8.6217212654923054e-07, 1.2585664639040742e-06, -2.5562797609918272e-07, 2.6148860094610377e-07, 7.8156521159646088e-07, 3.3087343340385807e-07, -9.1914623813609028e-07, -2.0278847515433563e-07, 4.2723735034305647e-07, -6.2771049281003559e-07, -5.2531433792933903e-07, 1.0768264314455803e-06, -1.0146786788958982e-06, 4.4217817025626668e-07, 1.8900801158102324e-07, -9.0275685835879813e-07},
    {3.7177009682039877e-07, 1.0000044329243065e+00, 1.2840293577436053e-06, 8.3064369149023199e-07, -1.2246868100631329e-06, -7.1607136937947459e-07, -6.0215326648932777e-07, -3.5701275625034565e-07, 4.6476815467646754e-07, -1.0379362396726701e-06, -8.3003616024089202e-07, 1.0307271978620195e-06, -8.5248096393487955e-07, 3.3014221108988999e-07, 3.2975723893421767e-07, -1.2473599664824794e-06, 1.6703024764347587e-07, 1.7425891554335714e-06},
    {8.6217212658487094e-07, 1.2840293577366595e-06, 1.0000048819539338e+00, 3.0617706622086422e-07, 9.1880016354430481e-07, -6.8958609383595459e-07, 2.7201894362523054e-07, -1.4098506970169901e-07, 1.6913356342211123e-07, -1.0997998449710683e-06, -8.1811016141986805e-08, 6.8647311223969179e-07, 5.4841511805935457e-07, -8.4133377024063475e-07, -3.6654623937071347e-07, 9.5851319137276131e-07, -4.4112114625464097e-07, 3.0560974017280267e-07},
    {1.2585664639126711e-06, 8.3064369145299971e-07, 3.0617706623074565e-07, 1.0000043217856236e+00, -1.6056528147634253e-07, -1.3615438086300298e-06, -9.8926001707901876e-07, -4.0465902740865342e-07, -5.8017521772218374e-07, 1.6069115637824132e-07, 4.5658887826611631e-07, -4.1196711190412858e-07, -5.8583683036487834e-07, -7.4471333362060518e-07, 1.5840816594738850e-07, -7.5242239663543810e-07, 8.7807575315012413e-07, -2.7128336351656352e-07},
    {-2.5562797611464457e-07, -1.2246868100755053e-06, 9.1880016354932273e-07, -1.6056528147248839e-07, 1.0000036909416261e+00, -5.2007867120842498e-07, -9.7381717438915292e-07, -3.6121158482570213e-07, 1.9065162379893102e-07, 1.3133091228369558e-06, 4.9133114149635819e-07, 4.1739432443638287e-09, 1.0511578444620431e-06, 2.8569959731305966e-08, 7.3364159208081123e-07, 1.5172333921914841e-06, -9.9381010355164864e-08, 7.4912802775425645e-07},
    {2.6148860094645513e-07, -7.1607136937374664e-07, -6.8958609382104321e-07, -1.3615438086757115e-06, -5.2007867120314034e-07, 1.0000046184735347e+00, 1.1913539576001615e-06, 4.2563783021093853e-07, -1.4842272482402720e-06, -3.2037933602073885e-07, -8.6584172291929489e-07, 9.9249787484096474e-07, -5.6032139941294745e-10, -6.2000495035894117e-07, -1.2247898679910140e-06, 1.2624722051373989e-07, -8.4915935912287697e-07, -1.9160391836831613e-08},
    {7.8156521161003352e-07, -6.0215326649183870e-07, 2.7201894362552827e-07, -9.8926001707717033e-07, -9.7381717437244413e-07, 1.1913539575804195e-06, 1.0000045654985603e+00, 3.2665564335853789e-07, 6.9335316665464079e-07, -1.7583491719829597e-07, 1.5067103022996546e-06, 1.7881634138749993e-06, 1.2996982626494584e-07, -4.8144329511717630e-07, 5.1328179041535143e-07, 9.0743365352539165e-07, 1.7489899971103734e-07, -7.0556542206660337e-07},
    {3.3087343340934091e-07, -3.5701275628095562e-07, -1.4098506971521922e-07, -4.0465902739666515e-07, -3.6121158486559903e-07, 4.2563783018039611e-07, 3.2665564336084764e-07, 1.0000050268930576e+00, -4.4581356968710304e-07, -7.2595079183283574e-07, 8.3958820411825963e-07, -3.8263942808352823e-08, -6.6148469823161916e-07, -3.3447636622116164e-07, 6.5583886617063308e-07, -6.1155622110340362e-08, -2.9475871154642742e-07, -4.2274552446102722e-08},
    {-9.1914623813493609e-07, 4.6476815466702217e-07, 1.6913356344410185e-07, -5.8017521769857916e-07, 1.9065162380317574e-07, -1.4842272482539541e-06, 6.9335316669275611e-07, -4.4581356969719173e-07, 1.0000051709066970e+00, 1.1161562020811679e-06, -2.9144220402889523e-07, 4.3580850907858896e-07, -7.0350028228837775e-07, -7.2290176004211556e-07, -4.5168753790675094e-07, -5.2911439600368763e-07, 2.0231345927104036e-08, -8.8133747676992111e-07},
    {-2.0278847516546969e-07, -1.0379362396755375e-06, -1.0997998449868627e-06, 1.6069115639307136e-07, 1.3133091227491505e-06, -3.2037933603212017e-07, -1.7583491719562269e-07, -7.2595079180538012e-07, 1.1161562020898672e-06, 1.0000045700949234e+00, -1.3214508381086957e-07, 2.0152980313351870e-08, 3.0516641794156886e-07, -1.0658829986295926e-06, -1.2187789177141620e-07, -1.3917325561430376e-07, -1.9381162406719462e-07, -5.0175430052986774e-07},
    {4.2723735035536407e-07, -8.3003616025986863e-07, -8.1811016182112437e-08, 4.5658887824264455e-07, 4.9133114150315086e-07, -8.6584172289701263e-07, 1.5067103023241934e-06, 8.3958820411819780e-07, -2.9144220403653827e-07, -1.3214508381111524e-07, 1.0000041172873271e+00, 8.3947715947454429e-07, 8.8339212944115722e-07, 1.7367912199676532e-08, -9.7534608438515953e-07, -1.1253128880419079e-07, -2.1604593400239588e-08, 5.9996334919962958e-07},
    {-6.2771049281886136e-07, 1.0307271978373222e-06, 6.8647311223931422e-07, -4.1196711189683558e-07, 4.1739432511189082e-09, 9.9249787484362612e-07, 1.7881634138695541e-06, -3.8263942780675896e-08, 4.3580850902874764e-07, 2.0152980322361670e-08, 8.3947715947461682e-07, 1.0000057371844990e+00, 1.0646492380380951e-06, 5.9352436802895826e-07, 8.2336673724621042e-07, -2.8931407476284417e-07, -6.0435027231166267e-08, -9.0940797298386068e-08},
    {-5.2531433792579430e-07, -8.5248096399624084e-07, 5.4841511806699470e-07, -5.8583683036546046e-07, 1.0511578444669669e-06, -5.6032138710477570e-10, 1.2996982626773480e-07, -6.6148469825388649e-07, -7.0350028227968613e-07, 3.0516641790285633e-07, 8.8339212947436367e-07, 1.0646492380473848e-06, 1.0000058546724124e+00, 2.4385029296383387e-07, 9.5434292053547026e-07, 5.0565640662387325e-07, -8.8097423388913920e-07, 7.4220955012450038e-07},
    {1.0768264314885541e-06, 3.3014221105978839e-07, -8.4133377024729264e-07, -7.4471333364839665e-07, 2.8569959722939792e-08, -6.2000495034680944e-07, -4.8144329513698724e-07, -3.3447636624634531e-07, -7.2290176008247171e-07, -1.0658829986048037e-06, 1.7367912174189449e-08, 5.9352436803282083e-07, 2.4385029293581577e-07, 1.0000062655197186e+00, 5.9580983272124449e-07, 1.0283912941428005e-07, -1.6734360558791556e-06, 3.3048067484414238e-07},
    {-1.0146786789019956e-06, 3.2975723895818193e-07, -3.6654623934519602e-07, 1.5840816591953851e-07, 7.3364159208062711e-07, -1.2247898679947547e-06, 5.1328179043982666e-07, 6.5583886621865721e-07, -4.5168753790591651e-07, -1.2187789178979091e-07, -9.7534608440526873e-07, 8.2336673726402543e-07, 9.5434292055203314e-07, 5.9580983271608797e-07, 1.0000060569951166e+00, -4.7856230660983526e-07, 3.1034597001617676e-07, 7.5515291753809502e-07},
    {4.4217817025016195e-07, -1.2473599664632431e-06, 9.5851319136689879e-07, -7.5242239662467877e-07, 1.5172333921627157e-06, 1.2624722054353044e-07, 9.0743365357251389e-07, -6.1155622159332668e-08, -5.2911439599088324e-07, -1.3917325560011326e-07, -1.1253128876327481e-07, -2.8931407476424754e-07, 5.0565640658252481e-07, 1.0283912942246633e-07, -4.7856230660009883e-07, 1.0000051680450774e+00, -9.9380481253400917e-07, -3.6717532207753169e-07},
    {1.8900801159687879e-07, 1.6703024757479585e-07, -4.4112114622349472e-07, 8.7807575311848491e-07, -9.9381010343236165e-08, -8.4915935911563696e-07, 1.7489899967132200e-07, -2.9475871154375519e-07, 2.0231345957740039e-08, -1.9381162408522663e-07, -2.1604593402553384e-08, -6.0435027235039669e-08, -8.8097423388388305e-07, -1.6734360558215686e-06, 3.1034597001040444e-07, -9.9380481254047098e-07, 1.0000047302454782e+00, 1.1902600503566009e-06},
    {-9.0275685833750203e-07, 1.7425891554513267e-06, 3.0560974019225880e-07, -2.7128336347982066e-07, 7.4912802774138684e-07, -1.9160391815542787e-08, -7.0556542206946644e-07, -4.2274552461299737e-08, -8.8133747675788011e-07, -5.0175430052076722e-07, 5.9996334918668681e-07, -9.0940797275894895e-08, 7.4220955017222952e-07, 3.3048067485366314e-07, 7.5515291754012176e-07, -3.6717532209681905e-07, 1.1902600503253561e-06, 1.0000053749921911e+00}
}}};

static constexpr auto result = eigvals(mat);

int main() { return 0; }
