#include "../../consteig.hpp"

using namespace consteig;

static constexpr Matrix<double, 16, 16> mat
{{{
    {1.0000000000000000e+00, -7.0821593299713592e-17, 1.4977285582729159e-16, -1.0450963260419804e-16, -1.6154510306711329e-16, 1.5008983894503732e-16, -2.7045059756918045e-17, -1.2645498628766939e-16, 2.7273633971275530e-17, 4.1066514525541932e-17, -1.8161187757479791e-17, 6.7322983981739140e-17, 3.0672331183911502e-18, -4.6264814034183050e-17, 1.3955665575160897e-16, -7.4658826675857491e-17},
    {-7.0821593299713592e-17, 9.9999999999999978e-01, 7.1024143012558083e-17, 1.0393519890589927e-16, -2.4755946867853282e-16, 3.7051197745217069e-16, -4.7945716513983571e-17, 8.7017865694820029e-17, -8.1613403941306140e-17, -1.3497429064647528e-16, 1.2171060960151667e-16, 2.1765378390573964e-16, -2.7546431977789827e-17, -2.1879454921622260e-17, 8.5652482524801290e-18, 1.0782391055267970e-16},
    {1.4977285582729159e-16, 7.1024143012558083e-17, 1.0000000000000002e+00, -9.2439057195633355e-18, 1.7490562217791984e-16, -1.2484987672154214e-17, -5.2076241012783405e-17, -2.8621379393511473e-17, -6.4197082874317983e-17, 6.1495766037892398e-17, -2.5371942163671743e-16, -7.6326308794928265e-17, 6.3665854744581299e-17, 1.9791514212598574e-16, 2.3740819022416657e-17, -2.0667274039669604e-17},
    {-1.0450963260419804e-16, 1.0393519890589927e-16, -9.2439057195633355e-18, 9.9999999999999989e-01, -1.2744596851962842e-16, 1.4878304269023299e-16, 1.8086812585853735e-16, -3.9478249258924415e-17, 4.3043208423533582e-17, -7.6782496597720082e-17, 1.0074767502390824e-16, 9.1974839438616046e-17, 5.1824668481103073e-17, 6.6911152591397475e-18, 1.3415579994516259e-16, 2.3733545028862143e-16},
    {-1.6154510306711329e-16, -2.4755946867853282e-16, 1.7490562217791984e-16, -1.2744596851962842e-16, 1.0000000000000002e+00, 3.0200039078208909e-17, -3.1885873806152182e-17, -5.3574750202187006e-17, -6.6221426094750149e-17, -8.6993753668282884e-17, 1.3903119642983856e-16, 4.3329375101073021e-17, 7.0587165337261626e-17, 5.2166682677129871e-17, -9.1715382002383319e-17, -1.3917086662935418e-16},
    {1.5008983894503732e-16, 3.7051197745217069e-16, -1.2484987672154214e-17, 1.4878304269023299e-16, 3.0200039078208909e-17, 1.0000000000000000e+00, 1.5067327250520842e-17, -8.5732598871919322e-19, -1.7775962263834658e-16, 1.6236506300977537e-16, -7.6170030609397953e-17, 1.5940225764191285e-16, -4.9323520235129079e-18, 1.9682564257908590e-16, 1.7443671014333564e-16, 2.1981470225261163e-16},
    {-2.7045059756918045e-17, -4.7945716513983571e-17, -5.2076241012783405e-17, 1.8086812585853735e-16, -3.1885873806152182e-17, 1.5067327250520842e-17, 1.0000000000000000e+00, 1.4599655238034830e-16, -7.4870448467596845e-18, 1.1851749746779767e-16, 4.5564354248672129e-17, 1.0008960169267700e-16, -3.7970474004607487e-17, -1.0660780635327385e-16, -5.0664545083011804e-17, -1.2843213424707108e-16},
    {-1.2645498628766939e-16, 8.7017865694820029e-17, -2.8621379393511473e-17, -3.9478249258924415e-17, -5.3574750202187006e-17, -8.5732598871919322e-19, 1.4599655238034830e-16, 1.0000000000000000e+00, -6.6016938364335734e-17, -1.9327196983367661e-16, -8.4890911370215000e-17, 7.5340495332967309e-17, 6.1332600294107766e-18, -1.8593559290658941e-16, -8.3253629555300874e-17, -2.1742021511549273e-17},
    {2.7273633971275530e-17, -8.1613403941306140e-17, -6.4197082874317983e-17, 4.3043208423533582e-17, -6.6221426094750149e-17, -1.7775962263834658e-16, -7.4870448467596845e-18, -6.6016938364335734e-17, 1.0000000000000002e+00, 6.0355303830334443e-17, -1.4800616146380521e-17, -7.4630040329660877e-17, -1.2644673705314392e-17, -1.4146808820197890e-16, -1.1479255030850206e-17, 1.6808067959574862e-17},
    {4.1066514525541932e-17, -1.3497429064647528e-16, 6.1495766037892398e-17, -7.6782496597720082e-17, -8.6993753668282884e-17, 1.6236506300977537e-16, 1.1851749746779767e-16, -1.9327196983367661e-16, 6.0355303830334443e-17, 1.0000000000000000e+00, -1.8235448978397483e-16, 1.3807945507256642e-16, -1.9205849926783296e-17, 1.6664528059364620e-16, 6.8835083739584372e-17, -1.4067437345020604e-16},
    {-1.8161187757479791e-17, 1.2171060960151667e-16, -2.5371942163671743e-16, 1.0074767502390824e-16, 1.3903119642983856e-16, -7.6170030609397953e-17, 4.5564354248672129e-17, -8.4890911370215000e-17, -1.4800616146380521e-17, -1.8235448978397483e-16, 1.0000000000000002e+00, -1.8187634529724963e-17, 8.3420902496445484e-17, -1.0975015464143762e-17, -5.6645499630837061e-17, 1.0939583394031390e-16},
    {6.7322983981739140e-17, 2.1765378390573964e-16, -7.6326308794928265e-17, 9.1974839438616046e-17, 4.3329375101073021e-17, 1.5940225764191285e-16, 1.0008960169267700e-16, 7.5340495332967309e-17, -7.4630040329660877e-17, 1.3807945507256642e-16, -1.8187634529724963e-17, 1.0000000000000000e+00, 4.8458127986709485e-17, 8.9307291658591330e-17, 1.5726711105332597e-16, 9.0116975316847992e-17},
    {3.0672331183911502e-18, -2.7546431977789827e-17, 6.3665854744581299e-17, 5.1824668481103073e-17, 7.0587165337261626e-17, -4.9323520235129079e-18, -3.7970474004607487e-17, 6.1332600294107766e-18, -1.2644673705314392e-17, -1.9205849926783296e-17, 8.3420902496445484e-17, 4.8458127986709485e-17, 1.0000000000000002e+00, 1.7986278576784712e-16, -8.3739016760952750e-17, -7.7873043996683858e-17},
    {-4.6264814034183050e-17, -2.1879454921622260e-17, 1.9791514212598574e-16, 6.6911152591397475e-18, 5.2166682677129871e-17, 1.9682564257908590e-16, -1.0660780635327385e-16, -1.8593559290658941e-16, -1.4146808820197890e-16, 1.6664528059364620e-16, -1.0975015464143762e-17, 8.9307291658591330e-17, 1.7986278576784712e-16, 1.0000000000000002e+00, 1.4737690569575378e-16, -6.6529918268316313e-17},
    {1.3955665575160897e-16, 8.5652482524801290e-18, 2.3740819022416657e-17, 1.3415579994516259e-16, -9.1715382002383319e-17, 1.7443671014333564e-16, -5.0664545083011804e-17, -8.3253629555300874e-17, -1.1479255030850206e-17, 6.8835083739584372e-17, -5.6645499630837061e-17, 1.5726711105332597e-16, -8.3739016760952750e-17, 1.4737690569575378e-16, 1.0000000000000002e+00, 1.3538223596034143e-16},
    {-7.4658826675857491e-17, 1.0782391055267970e-16, -2.0667274039669604e-17, 2.3733545028862143e-16, -1.3917086662935418e-16, 2.1981470225261163e-16, -1.2843213424707108e-16, -2.1742021511549273e-17, 1.6808067959574862e-17, -1.4067437345020604e-16, 1.0939583394031390e-16, 9.0116975316847992e-17, -7.7873043996683858e-17, -6.6529918268316313e-17, 1.3538223596034143e-16, 1.0000000000000004e+00}
}}};

static constexpr auto result = eigvals(mat);

int main() { return 0; }
