#include "../../consteig.hpp"

using namespace consteig;

static constexpr Matrix<double, 6, 6> mat
{{{
    {9.9999999999999967e-01, -2.7012578331816017e-16, -1.1930117801920677e-16, 2.2016721556579559e-17, -1.4378215482322830e-16, 7.5570260020555870e-17},
    {-2.7012578331816017e-16, 1.0000000000000007e+00, 8.5219886676575206e-17, 1.0607029101170209e-16, 1.3782700443532696e-16, -3.4041779041528677e-16},
    {-1.1930117801920677e-16, 8.5219886676575206e-17, 1.0000000000000000e+00, -2.3630265661015990e-17, -7.4819729866631157e-17, -9.0875600075324840e-17},
    {2.2016721556579559e-17, 1.0607029101170209e-16, -2.3630265661015990e-17, 1.0000000000000002e+00, -1.2299608275438333e-17, 6.6718033208539371e-17},
    {-1.4378215482322830e-16, 1.3782700443532696e-16, -7.4819729866631157e-17, -1.2299608275438333e-17, 1.0000000000000000e+00, 1.4472043444448724e-17},
    {7.5570260020555870e-17, -3.4041779041528677e-16, -9.0875600075324840e-17, 6.6718033208539371e-17, 1.4472043444448724e-17, 1.0000000000000000e+00}
}}};

static constexpr auto result = eigvals(mat);

int main() { return 0; }
