#include "../../consteig.hpp"

using namespace consteig;

static constexpr Matrix<double, 10, 10> mat
{{{
    {-9.5819659531116486e-02, -8.7200736999511719e-01, 5.2775466442108154e-01, -1.4251768589019775e+00, -4.6547681093215942e-01, -8.9133006334304810e-01, 9.3718165159225464e-01, 1.0188356637954712e+00, -9.4026237726211548e-01, 4.1333761811256409e-01},
    {-8.7200736999511719e-01, -9.5819659531116486e-02, -8.7200736999511719e-01, 5.2775466442108154e-01, -1.4251768589019775e+00, -4.6547681093215942e-01, -8.9133006334304810e-01, 9.3718165159225464e-01, 1.0188356637954712e+00, -9.4026237726211548e-01},
    {5.2775466442108154e-01, -8.7200736999511719e-01, -9.5819659531116486e-02, -8.7200736999511719e-01, 5.2775466442108154e-01, -1.4251768589019775e+00, -4.6547681093215942e-01, -8.9133006334304810e-01, 9.3718165159225464e-01, 1.0188356637954712e+00},
    {-1.4251768589019775e+00, 5.2775466442108154e-01, -8.7200736999511719e-01, -9.5819659531116486e-02, -8.7200736999511719e-01, 5.2775466442108154e-01, -1.4251768589019775e+00, -4.6547681093215942e-01, -8.9133006334304810e-01, 9.3718165159225464e-01},
    {-4.6547681093215942e-01, -1.4251768589019775e+00, 5.2775466442108154e-01, -8.7200736999511719e-01, -9.5819659531116486e-02, -8.7200736999511719e-01, 5.2775466442108154e-01, -1.4251768589019775e+00, -4.6547681093215942e-01, -8.9133006334304810e-01},
    {-8.9133006334304810e-01, -4.6547681093215942e-01, -1.4251768589019775e+00, 5.2775466442108154e-01, -8.7200736999511719e-01, -9.5819659531116486e-02, -8.7200736999511719e-01, 5.2775466442108154e-01, -1.4251768589019775e+00, -4.6547681093215942e-01},
    {9.3718165159225464e-01, -8.9133006334304810e-01, -4.6547681093215942e-01, -1.4251768589019775e+00, 5.2775466442108154e-01, -8.7200736999511719e-01, -9.5819659531116486e-02, -8.7200736999511719e-01, 5.2775466442108154e-01, -1.4251768589019775e+00},
    {1.0188356637954712e+00, 9.3718165159225464e-01, -8.9133006334304810e-01, -4.6547681093215942e-01, -1.4251768589019775e+00, 5.2775466442108154e-01, -8.7200736999511719e-01, -9.5819659531116486e-02, -8.7200736999511719e-01, 5.2775466442108154e-01},
    {-9.4026237726211548e-01, 1.0188356637954712e+00, 9.3718165159225464e-01, -8.9133006334304810e-01, -4.6547681093215942e-01, -1.4251768589019775e+00, 5.2775466442108154e-01, -8.7200736999511719e-01, -9.5819659531116486e-02, -8.7200736999511719e-01},
    {4.1333761811256409e-01, -9.4026237726211548e-01, 1.0188356637954712e+00, 9.3718165159225464e-01, -8.9133006334304810e-01, -4.6547681093215942e-01, -1.4251768589019775e+00, 5.2775466442108154e-01, -8.7200736999511719e-01, -9.5819659531116486e-02}
}}};

static constexpr auto result = eigvals(mat);

int main() { return 0; }
