#include "../../consteig.hpp"

using namespace consteig;

static constexpr Matrix<double, 8, 8> mat
{{{
    {1.0000064703190472e+00, -5.4502046266857229e-07, -2.9615586520782576e-08, -1.8304109104340848e-06, 2.0484301410806245e-07, 6.1627321055107376e-07, 1.2714674199806309e-06, 1.7533590101753352e-06},
    {-5.4502046268891527e-07, 1.0000052744252126e+00, 2.7808775888922560e-08, 8.3698940189165811e-07, 5.0880551535444019e-07, 6.9165187334461429e-07, 2.2306402994336385e-07, 6.7227593270267772e-07},
    {-2.9615586541241790e-08, 2.7808775892190208e-08, 1.0000035320904894e+00, -1.5398442598397014e-06, -4.5448539219068935e-07, 9.9481802904464632e-07, -1.4234039031811868e-07, -2.0426398752564668e-06},
    {-1.8304109104083140e-06, 8.3698940187974777e-07, -1.5398442598339143e-06, 1.0000034027354761e+00, 2.5022233056992275e-06, -4.4845375213408418e-07, 5.7598543474143480e-07, 1.7566575261650265e-06},
    {2.0484301410502319e-07, 5.0880551536585428e-07, -4.5448539219365270e-07, 2.5022233057188079e-06, 1.0000070622456207e+00, -4.5797447315348517e-07, 1.7019856057262314e-06, 4.4175779433629118e-08},
    {6.1627321053158543e-07, 6.9165187336436360e-07, 9.9481802910011088e-07, -4.4845375214961945e-07, -4.5797447312472273e-07, 1.0000059073371745e+00, 1.5249706016688479e-06, -7.8965004774600086e-07},
    {1.2714674200204093e-06, 2.2306402991951627e-07, -1.4234039033084586e-07, 5.7598543474697852e-07, 1.7019856057750107e-06, 1.5249706016691327e-06, 1.0000050010641450e+00, 1.0427216035698500e-06},
    {1.7533590101786905e-06, 6.7227593271414443e-07, -2.0426398752293164e-06, 1.7566575261724882e-06, 4.4175779404099756e-08, -7.8965004775664277e-07, 1.0427216035580352e-06, 1.0000033497828349e+00}
}}};

static constexpr auto result = eigvals(mat);

int main() { return 0; }
