#include "../../consteig.hpp"

using namespace consteig;

static constexpr Matrix<double, 18, 18> mat
{{{
    {-7.1756321191787720e-01, -9.6678113937377930e-01, -3.4527111053466797e-01, -1.5999813079833984e+00, 1.8458063602447510e+00, 9.3815201520919800e-01, -1.2276176214218140e+00, 6.8945980072021484e-01, 7.0597457885742188e-01, -2.4519941210746765e-01, -1.3303525745868683e-01, -1.1079984307289124e+00, -5.1334947533905506e-01, -1.5009168386459351e+00, 6.1889544129371643e-01, 1.9787936210632324e+00, 9.0610623359680176e-02, 2.2466121912002563e+00},
    {-9.6678113937377930e-01, 1.8554903566837311e-01, -1.5966360569000244e+00, 2.9934883117675781e-02, -2.1433982849121094e+00, -8.2626134157180786e-01, 7.3138833045959473e-02, -6.9860279560089111e-01, 2.6334570646286011e+00, 1.2332189828157425e-01, 5.2176323533058167e-01, -3.5843838453292847e+00, -2.2347488403320312e+00, -1.3884643018245697e+00, 2.0349354743957520e+00, -3.7402711599133909e-01, -9.4126492738723755e-01, 8.6948847770690918e-01},
    {-3.4527111053466797e-01, -1.5966360569000244e+00, 1.6265313625335693e+00, 7.7797068655490875e-01, 8.9262741804122925e-01, 1.0926402173936367e+00, -1.1383814066648483e+00, 3.6311790347099304e-02, 8.4391021728515625e-01, -3.4009176492691040e-01, -3.0357320904731750e+00, -1.8110966682434082e-01, -1.0977856665849686e+00, -1.3303156793117523e+00, 1.4028456658124924e+00, 2.1193672716617584e+00, -5.7563641667366028e-01, -3.0838060379028320e-01},
    {-1.5999813079833984e+00, 2.9934883117675781e-02, 7.7797068655490875e-01, -9.0300804376602173e-01, -2.4488229751586914e+00, 1.2336803376674652e+00, -2.1035651266574860e+00, 1.4329892396926880e+00, -1.2273330911993980e+00, -4.2989999055862427e-01, 7.7444791793823242e-02, -3.9921042975038290e-01, -1.1075160056352615e+00, 1.6219858825206757e-01, 2.3977153748273849e-01, -1.4335140585899353e+00, -8.1816381216049194e-01, -6.0749641060829163e-01},
    {1.8458063602447510e+00, -2.1433982849121094e+00, 8.9262741804122925e-01, -2.4488229751586914e+00, -1.1103990077972412e+00, 1.0319221615791321e+00, -1.0328575670719147e+00, -1.0033441334962845e+00, 3.0820193290710449e+00, -1.2749853730201721e+00, -5.2884626388549805e-01, 5.1261609792709351e-01, -1.1453915834426880e+00, -8.4677174687385559e-01, -1.8948395848274231e+00, 9.9239823222160339e-01, -1.3429868221282959e-01, 1.9890824556350708e+00},
    {9.3815201520919800e-01, -8.2626134157180786e-01, 1.0926402173936367e+00, 1.2336803376674652e+00, 1.0319221615791321e+00, 6.5293449163436890e-01, 3.9006954431533813e-01, -9.8127782344818115e-02, 1.0210706144571304e+00, 1.7517679855227470e+00, 1.3876925408840179e+00, -1.0566488504409790e+00, -9.6044500172138214e-01, -2.1363017559051514e+00, -7.7437689155340195e-01, 4.7768127918243408e-01, -1.8354364633560181e+00, 7.5075602531433105e-01},
    {-1.2276176214218140e+00, 7.3138833045959473e-02, -1.1383814066648483e+00, -2.1035651266574860e+00, -1.0328575670719147e+00, 3.9006954431533813e-01, -2.7207545936107635e-02, 2.0758565664291382e+00, -1.4193510413169861e+00, 7.9359945654869080e-01, -8.4772512316703796e-01, -8.0131062865257263e-01, 3.6173868179321289e-01, -8.9679521322250366e-01, 3.7647907435894012e-01, -4.0048891305923462e-01, -1.1240096092224121e+00, 1.3203458189964294e+00},
    {6.8945980072021484e-01, -6.9860279560089111e-01, 3.6311790347099304e-02, 1.4329892396926880e+00, -1.0033441334962845e+00, -9.8127782344818115e-02, 2.0758565664291382e+00, -1.6278024762868881e-02, -1.1762463152408600e+00, -1.7660439610481262e+00, 2.1218683570623398e-01, 2.0994150638580322e-01, 1.1904101073741913e+00, 2.0124762058258057e+00, 4.5887258648872375e-01, 1.5246114134788513e-01, -1.9994341135025024e+00, -2.3519955351948738e+00},
    {7.0597457885742188e-01, 2.6334570646286011e+00, 8.4391021728515625e-01, -1.2273330911993980e+00, 3.0820193290710449e+00, 1.0210706144571304e+00, -1.4193510413169861e+00, -1.1762463152408600e+00, 7.4740540981292725e-01, -1.9313250184059143e+00, 2.1942691206932068e+00, 3.4045444577932358e+00, 1.8397299349308014e+00, -9.4358003139495850e-01, 1.4160207509994507e+00, -3.8616687059402466e-01, 8.9233919978141785e-01, 1.3459079861640930e+00},
    {-2.4519941210746765e-01, 1.2332189828157425e-01, -3.4009176492691040e-01, -4.2989999055862427e-01, -1.2749853730201721e+00, 1.7517679855227470e+00, 7.9359945654869080e-01, -1.7660439610481262e+00, -1.9313250184059143e+00, 3.6660051345825195e+00, -6.3116875663399696e-01, 1.2774580121040344e+00, 8.2094037532806396e-01, 1.8276560306549072e-01, 8.6136985570192337e-01, 8.1776803731918335e-01, -4.8284517228603363e-01, -3.4549231827259064e-01},
    {-1.3303525745868683e-01, 5.2176323533058167e-01, -3.0357320904731750e+00, 7.7444791793823242e-02, -5.2884626388549805e-01, 1.3876925408840179e+00, -8.4772512316703796e-01, 2.1218683570623398e-01, 2.1942691206932068e+00, -6.3116875663399696e-01, 2.7266333103179932e+00, -1.6389989852905273e-01, -1.0970972776412964e+00, -2.2161605954170227e+00, 1.2711882591247559e-02, 8.9025719463825226e-01, -8.9862772822380066e-01, -1.1256856918334961e+00},
    {-1.1079984307289124e+00, -3.5843838453292847e+00, -1.8110966682434082e-01, -3.9921042975038290e-01, 5.1261609792709351e-01, -1.0566488504409790e+00, -8.0131062865257263e-01, 2.0994150638580322e-01, 3.4045444577932358e+00, 1.2774580121040344e+00, -1.6389989852905273e-01, 9.3681313097476959e-02, 1.2090784311294556e-01, -3.0731880664825439e-01, -1.0735638588666916e+00, -3.9691418409347534e-01, -2.3766319751739502e+00, 5.4852095246315002e-01},
    {-5.1334947533905506e-01, -2.2347488403320312e+00, -1.0977856665849686e+00, -1.1075160056352615e+00, -1.1453915834426880e+00, -9.6044500172138214e-01, 3.6173868179321289e-01, 1.1904101073741913e+00, 1.8397299349308014e+00, 8.2094037532806396e-01, -1.0970972776412964e+00, 1.2090784311294556e-01, 3.2140698283910751e-02, 3.4138495922088623e+00, -6.9700181484222412e-01, 3.6958706378936768e-01, 1.1395371854305267e+00, -4.4328923523426056e-01},
    {-1.5009168386459351e+00, -1.3884643018245697e+00, -1.3303156793117523e+00, 1.6219858825206757e-01, -8.4677174687385559e-01, -2.1363017559051514e+00, -8.9679521322250366e-01, 2.0124762058258057e+00, -9.4358003139495850e-01, 1.8276560306549072e-01, -2.2161605954170227e+00, -3.0731880664825439e-01, 3.4138495922088623e+00, -3.9607346057891846e+00, 2.0865494012832642e+00, 3.6266610771417618e-01, 1.2278241515159607e+00, -2.9094231128692627e-01},
    {6.1889544129371643e-01, 2.0349354743957520e+00, 1.4028456658124924e+00, 2.3977153748273849e-01, -1.8948395848274231e+00, -7.7437689155340195e-01, 3.7647907435894012e-01, 4.5887258648872375e-01, 1.4160207509994507e+00, 8.6136985570192337e-01, 1.2711882591247559e-02, -1.0735638588666916e+00, -6.9700181484222412e-01, 2.0865494012832642e+00, -5.6794271469116211e+00, 7.5313965976238251e-01, 2.7579122781753540e-01, 5.0274078547954559e-01},
    {1.9787936210632324e+00, -3.7402711599133909e-01, 2.1193672716617584e+00, -1.4335140585899353e+00, 9.9239823222160339e-01, 4.7768127918243408e-01, -4.0048891305923462e-01, 1.5246114134788513e-01, -3.8616687059402466e-01, 8.1776803731918335e-01, 8.9025719463825226e-01, -3.9691418409347534e-01, 3.6958706378936768e-01, 3.6266610771417618e-01, 7.5313965976238251e-01, -1.8784556388854980e+00, 2.2050058096647263e-01, -1.1435714960098267e+00},
    {9.0610623359680176e-02, -9.4126492738723755e-01, -5.7563641667366028e-01, -8.1816381216049194e-01, -1.3429868221282959e-01, -1.8354364633560181e+00, -1.1240096092224121e+00, -1.9994341135025024e+00, 8.9233919978141785e-01, -4.8284517228603363e-01, -8.9862772822380066e-01, -2.3766319751739502e+00, 1.1395371854305267e+00, 1.2278241515159607e+00, 2.7579122781753540e-01, 2.2050058096647263e-01, 2.1352243423461914e-01, 6.1093340814113617e-01},
    {2.2466121912002563e+00, 8.6948847770690918e-01, -3.0838060379028320e-01, -6.0749641060829163e-01, 1.9890824556350708e+00, 7.5075602531433105e-01, 1.3203458189964294e+00, -2.3519955351948738e+00, 1.3459079861640930e+00, -3.4549231827259064e-01, -1.1256856918334961e+00, 5.4852095246315002e-01, -4.4328923523426056e-01, -2.9094231128692627e-01, 5.0274078547954559e-01, -1.1435714960098267e+00, 6.1093340814113617e-01, -2.0400896072387695e+00}
}}};

static constexpr auto result = eigvals(mat);

int main() { return 0; }
