#include "../../consteig.hpp"

using namespace consteig;

static constexpr Matrix<double, 6, 6> mat
{{{
    {-1.3343014717102051e+00, 6.5381705760955811e-01, 2.0117151737213135e+00, 1.6490366160869598e+00, -9.7678835503757000e-02, 1.0919547677040100e+00},
    {6.5381705760955811e-01, 2.3550667762756348e+00, -9.8037973046302795e-01, -4.1595461964607239e-01, -3.5003781318664551e-01, -1.8441259562969208e+00},
    {2.0117151737213135e+00, -9.8037973046302795e-01, -7.7786825597286224e-02, 2.4889139831066132e-01, -7.7805966138839722e-01, -9.2252662777900696e-01},
    {1.6490366160869598e+00, -4.1595461964607239e-01, 2.4889139831066132e-01, -4.8274540901184082e+00, 2.5703775882720947e-01, 1.2728040814399719e+00},
    {-9.7678835503757000e-02, -3.5003781318664551e-01, -7.7805966138839722e-01, 2.5703775882720947e-01, -1.9387600421905518e+00, 4.4150733947753906e-01},
    {1.0919547677040100e+00, -1.8441259562969208e+00, -9.2252662777900696e-01, 1.2728040814399719e+00, 4.4150733947753906e-01, -1.8843510150909424e+00}
}}};

static constexpr auto result = eigvals(mat);

int main() { return 0; }
