#include "../../consteig.hpp"

using namespace consteig;

static constexpr Matrix<double, 14, 14> mat
{{{
    {-8.4871959686279297e-01, 5.0176638364791870e-01, -1.3866684436798096e+00, 1.6490313410758972e-01, -4.3676549196243286e-01, 1.6139588057994843e+00, 1.5031670629978180e+00, 1.8694940805435181e+00, -2.2705631256103516e+00, -5.1199698448181152e-01, -6.9726943969726562e-01, 3.2090906500816345e+00, 6.4681968092918396e-01, -1.6256859898567200e-01},
    {5.0176638364791870e-01, 3.2882783412933350e+00, 6.8376833200454712e-01, -1.6209200918674469e+00, -2.9894042946398258e-01, -3.4845566749572754e-01, 1.0637668371200562e+00, -6.3944572582840919e-01, -8.7540674209594727e-01, -1.5034020598977804e+00, -4.1544061899185181e-01, -6.4562839269638062e-01, -9.4995452091097832e-01, 7.1365594863891602e-02},
    {-1.3866684436798096e+00, 6.8376833200454712e-01, 1.3222951889038086e+00, 1.9729152321815491e+00, 2.6377357020974159e+00, -2.6327911615371704e+00, -4.6015989780426025e-01, -1.5000462234020233e+00, 5.1806950569152832e-01, 3.7702983617782593e-01, 7.8187518753111362e-01, -1.2728323936462402e+00, 2.6624596118927002e-01, -2.9617580175399780e+00},
    {1.6490313410758972e-01, -1.6209200918674469e+00, 1.9729152321815491e+00, -2.1388351917266846e+00, 1.9107827246189117e+00, 1.7817989364266396e+00, 4.9006925523281097e-01, 3.0254318639636040e+00, -4.3649516999721527e-01, -5.5084311962127686e-01, -5.8189687132835388e-01, 1.0682215988636017e+00, -2.5629716515541077e+00, -9.3040966987609863e-01},
    {-4.3676549196243286e-01, -2.9894042946398258e-01, 2.6377357020974159e+00, 1.9107827246189117e+00, 7.5612068176269531e-01, -1.0736852851696312e+00, -1.6069215536117554e-01, 4.3636155128479004e-01, 5.3518247604370117e-01, -3.6609476804733276e-01, 9.8320922255516052e-01, -7.5829883245751262e-01, 1.9338065683841705e+00, -2.9470337629318237e+00},
    {1.6139588057994843e+00, -3.4845566749572754e-01, -2.6327911615371704e+00, 1.7817989364266396e+00, -1.0736852851696312e+00, -1.1496984958648682e+00, 6.1070686578750610e-01, 3.5883241891860962e-01, -1.2519919872283936e-01, -4.2578482627868652e-01, -5.9000408649444580e-01, -2.1849859133362770e-01, -7.9522445797920227e-02, 2.7161116600036621e+00},
    {1.5031670629978180e+00, 1.0637668371200562e+00, -4.6015989780426025e-01, 4.9006925523281097e-01, -1.6069215536117554e-01, 6.1070686578750610e-01, -2.0328981876373291e+00, 9.7747482359409332e-02, -1.6003328561782837e-01, -3.8111114501953125e-01, -4.3031489849090576e-01, -2.2121515870094299e-01, -1.0020363032817841e+00, 1.4832158088684082e+00},
    {1.8694940805435181e+00, -6.3944572582840919e-01, -1.5000462234020233e+00, 3.0254318639636040e+00, 4.3636155128479004e-01, 3.5883241891860962e-01, 9.7747482359409332e-02, 3.1177711486816406e-01, 1.4392498731613159e+00, 8.4519366919994354e-01, -7.5897142291069031e-01, 2.8271808624267578e+00, 1.1783200344070792e+00, 2.3525921106338501e+00},
    {-2.2705631256103516e+00, -8.7540674209594727e-01, 5.1806950569152832e-01, -4.3649516999721527e-01, 5.3518247604370117e-01, -1.2519919872283936e-01, -1.6003328561782837e-01, 1.4392498731613159e+00, -2.8719049692153931e-01, -3.1465302705764771e+00, 6.8302750587463379e-01, 6.5830986201763153e-01, -8.6095269769430161e-01, 8.2370590418577194e-01},
    {-5.1199698448181152e-01, -1.5034020598977804e+00, 3.7702983617782593e-01, -5.5084311962127686e-01, -3.6609476804733276e-01, -4.2578482627868652e-01, -3.8111114501953125e-01, 8.4519366919994354e-01, -3.1465302705764771e+00, -1.2095116078853607e-01, -6.7050015926361084e-01, -2.0931570548564196e+00, 9.1265673935413361e-01, -2.2897532582283020e+00},
    {-6.9726943969726562e-01, -4.1544061899185181e-01, 7.8187518753111362e-01, -5.8189687132835388e-01, 9.8320922255516052e-01, -5.9000408649444580e-01, -4.3031489849090576e-01, -7.5897142291069031e-01, 6.8302750587463379e-01, -6.7050015926361084e-01, -4.6428356319665909e-02, 1.3403710201382637e+00, -1.4652651697397232e+00, -6.9502372294664383e-01},
    {3.2090906500816345e+00, -6.4562839269638062e-01, -1.2728323936462402e+00, 1.0682215988636017e+00, -7.5829883245751262e-01, -2.1849859133362770e-01, -2.2121515870094299e-01, 2.8271808624267578e+00, 6.5830986201763153e-01, -2.0931570548564196e+00, 1.3403710201382637e+00, 1.3139915466308594e+00, 9.5069450139999390e-01, 1.5783154964447021e-01},
    {6.4681968092918396e-01, -9.4995452091097832e-01, 2.6624596118927002e-01, -2.5629716515541077e+00, 1.9338065683841705e+00, -7.9522445797920227e-02, -1.0020363032817841e+00, 1.1783200344070792e+00, -8.6095269769430161e-01, 9.1265673935413361e-01, -1.4652651697397232e+00, 9.5069450139999390e-01, 1.0646876096725464e+00, -5.0423467159271240e-01},
    {-1.6256859898567200e-01, 7.1365594863891602e-02, -2.9617580175399780e+00, -9.3040966987609863e-01, -2.9470337629318237e+00, 2.7161116600036621e+00, 1.4832158088684082e+00, 2.3525921106338501e+00, 8.2370590418577194e-01, -2.2897532582283020e+00, -6.9502372294664383e-01, 1.5783154964447021e-01, -5.0423467159271240e-01, -5.4128175973892212e-01}
}}};

static constexpr auto result = eigvals(mat);

int main() { return 0; }
