#include "../../consteig.hpp"

using namespace consteig;

static constexpr Matrix<double, 4, 4> mat
{{{
    {9.9999999999999944e-01, 2.4267647952000617e-16, 1.9045479418899766e-16, 6.3483464197774796e-17},
    {2.4267647952000617e-16, 1.0000000000000002e+00, -2.2349899358100703e-16, -3.9180165847109973e-17},
    {1.9045479418899766e-16, -2.2349899358100703e-16, 9.9999999999999989e-01, 9.9488751365939398e-18},
    {6.3483464197774796e-17, -3.9180165847109973e-17, 9.9488751365939398e-18, 9.9999999999999989e-01}
}}};

static constexpr auto result = eigvals(mat);

int main() { return 0; }
