#include "../../consteig.hpp"

using namespace consteig;

static constexpr Matrix<double, 8, 8> mat
{{{
    {8.9527010917663574e-01, 9.9363446235656738e-02, 8.7327378988265991e-01, -1.2040199041366577e+00, -4.0151587128639221e-01, 3.5336327552795410e-01, -1.8182256817817688e-01, -1.2110663950443268e-01},
    {9.9363446235656738e-02, 8.9527010917663574e-01, 9.9363446235656738e-02, 8.7327378988265991e-01, -1.2040199041366577e+00, -4.0151587128639221e-01, 3.5336327552795410e-01, -1.8182256817817688e-01},
    {8.7327378988265991e-01, 9.9363446235656738e-02, 8.9527010917663574e-01, 9.9363446235656738e-02, 8.7327378988265991e-01, -1.2040199041366577e+00, -4.0151587128639221e-01, 3.5336327552795410e-01},
    {-1.2040199041366577e+00, 8.7327378988265991e-01, 9.9363446235656738e-02, 8.9527010917663574e-01, 9.9363446235656738e-02, 8.7327378988265991e-01, -1.2040199041366577e+00, -4.0151587128639221e-01},
    {-4.0151587128639221e-01, -1.2040199041366577e+00, 8.7327378988265991e-01, 9.9363446235656738e-02, 8.9527010917663574e-01, 9.9363446235656738e-02, 8.7327378988265991e-01, -1.2040199041366577e+00},
    {3.5336327552795410e-01, -4.0151587128639221e-01, -1.2040199041366577e+00, 8.7327378988265991e-01, 9.9363446235656738e-02, 8.9527010917663574e-01, 9.9363446235656738e-02, 8.7327378988265991e-01},
    {-1.8182256817817688e-01, 3.5336327552795410e-01, -4.0151587128639221e-01, -1.2040199041366577e+00, 8.7327378988265991e-01, 9.9363446235656738e-02, 8.9527010917663574e-01, 9.9363446235656738e-02},
    {-1.2110663950443268e-01, -1.8182256817817688e-01, 3.5336327552795410e-01, -4.0151587128639221e-01, -1.2040199041366577e+00, 8.7327378988265991e-01, 9.9363446235656738e-02, 8.9527010917663574e-01}
}}};

static constexpr auto result = eigvals(mat);

int main() { return 0; }
