#include "../../consteig.hpp"

using namespace consteig;

static constexpr Matrix<double, 8, 8> mat
{{{
    {1.0000080595285139e+00, 1.7285752743103344e-07, -1.9012716061425190e-06, -2.0319608162317709e-07, 9.9812528400833740e-07, 6.0797136590188038e-07, 9.4692311467736386e-08, -6.1956302133561454e-07},
    {1.7285752742552312e-07, 1.0000025203484402e+00, -1.5113652466310872e-06, -1.0862477609719819e-06, 6.2848164544267785e-07, 1.7440775541690812e-06, 4.4630531638481091e-08, -2.3453776751117796e-07},
    {-1.9012716061986017e-06, -1.5113652466216146e-06, 1.0000054655304891e+00, 6.6379539085073661e-07, -1.5258782368671897e-06, -1.8626407097686475e-07, 2.4727049629464667e-07, -7.6303966113609217e-07},
    {-2.0319608160255919e-07, -1.0862477609546736e-06, 6.6379539083460921e-07, 1.0000075145855829e+00, 7.7395845606905917e-08, 4.4578513128354464e-07, -9.8514262463560054e-07, -9.4909490953498527e-07},
    {9.9812528398388546e-07, 6.2848164543045337e-07, -1.5258782369314564e-06, 7.7395845639215313e-08, 1.0000032984628588e+00, -1.2160278324767557e-06, 8.7243795820911099e-07, 1.5373498287098456e-06},
    {6.0797136590141240e-07, 1.7440775541591222e-06, -1.8626407094174957e-07, 4.4578513131973603e-07, -1.2160278324604351e-06, 1.0000053246885969e+00, 9.8346594020567050e-07, -7.2320596139000440e-07},
    {9.4692311462717372e-08, 4.4630531635773895e-08, 2.4727049629855832e-07, -9.8514262463855604e-07, 8.7243795824083502e-07, 9.8346594020604616e-07, 1.0000016496982596e+00, -1.3998283212488404e-07},
    {-6.1956302138725136e-07, -2.3453776750599475e-07, -7.6303966111439902e-07, -9.4909490956239949e-07, 1.5373498286561390e-06, -7.2320596137015249e-07, -1.3998283212298303e-07, 1.0000061671572595e+00}
}}};

static constexpr auto result = eigvals(mat);

int main() { return 0; }
