#include "../../consteig.hpp"

using namespace consteig;

static constexpr Matrix<double, 4, 4> mat
{{{
    {9.9999999999999933e-01, 3.0047405634512212e-16, 5.0229856385692424e-16, -1.7334252095487652e-16},
    {3.0047405634512212e-16, 9.9999999999999967e-01, -1.5022038193332212e-16, 2.9724812654213847e-17},
    {5.0229856385692424e-16, -1.5022038193332212e-16, 9.9999999999999989e-01, -5.7835641442321148e-17},
    {-1.7334252095487652e-16, 2.9724812654213847e-17, -5.7835641442321148e-17, 1.0000000000000000e+00}
}}};

static constexpr auto result = eigvals(mat);

int main() { return 0; }
