#include "../../consteig.hpp"

using namespace consteig;

static constexpr Matrix<double, 10, 10> mat
{{{
    {1.0000000000000007e+00, -1.2490009030496495e-16, 1.8416941102042227e-16, 8.4316326757702796e-17, -2.8514391532216307e-16, -3.7663230790640658e-17, 9.1180713150078275e-17, 6.6623701970479469e-17, -1.8070037158395935e-16, -1.2244128145041855e-17},
    {-1.2490009030496495e-16, 1.0000000000000007e+00, -1.3780771967012197e-16, -2.0855555138393438e-17, 1.7710937976435847e-17, 2.8366078432703673e-17, 1.2774164801083618e-17, 3.5971865122253804e-17, 3.7544889734468405e-18, -2.0183243783741476e-16},
    {1.8416941102042227e-16, -1.3780771967012197e-16, 1.0000000000000004e+00, 1.1797775771092100e-16, 1.2263293182633922e-18, 1.4167855681906304e-16, 6.4656861959145128e-17, 5.2145232361536486e-17, -7.7951359407851931e-17, 8.7087905793015277e-17},
    {8.4316326757702796e-17, -2.0855555138393438e-17, 1.1797775771092100e-16, 1.0000000000000002e+00, 9.7446890326990220e-18, 8.5765620147388687e-18, 1.9579843667512620e-16, -1.3382441431673653e-16, -6.1509412002388779e-18, -3.0992276400214471e-17},
    {-2.8514391532216307e-16, 1.7710937976435847e-17, 1.2263293182633922e-18, 9.7446890326990220e-18, 1.0000000000000004e+00, -1.3253647062726704e-16, 1.2098546538243484e-17, -1.2875530703237428e-16, 1.2439526402269107e-16, 2.7258634938862760e-19},
    {-3.7663230790640658e-17, 2.8366078432703673e-17, 1.4167855681906304e-16, 8.5765620147388687e-18, -1.3253647062726704e-16, 1.0000000000000002e+00, -2.1398767460014549e-16, -1.2954410222347916e-16, 1.3585173260992504e-16, -2.3501707838976847e-17},
    {9.1180713150078275e-17, 1.2774164801083618e-17, 6.4656861959145128e-17, 1.9579843667512620e-16, 1.2098546538243484e-17, -2.1398767460014549e-16, 9.9999999999999989e-01, -4.9318004263585022e-17, -3.2779051510839913e-17, -3.8642230657630741e-17},
    {6.6623701970479469e-17, 3.5971865122253804e-17, 5.2145232361536486e-17, -1.3382441431673653e-16, -1.2875530703237428e-16, -1.2954410222347916e-16, -4.9318004263585022e-17, 1.0000000000000002e+00, 2.3377803893175217e-17, 1.6294219728742251e-16},
    {-1.8070037158395935e-16, 3.7544889734468405e-18, -7.7951359407851931e-17, -6.1509412002388779e-18, 1.2439526402269107e-16, 1.3585173260992504e-16, -3.2779051510839913e-17, 2.3377803893175217e-17, 1.0000000000000002e+00, -1.4743900552578572e-16},
    {-1.2244128145041855e-17, -2.0183243783741476e-16, 8.7087905793015277e-17, -3.0992276400214471e-17, 2.7258634938862760e-19, -2.3501707838976847e-17, -3.8642230657630741e-17, 1.6294219728742251e-16, -1.4743900552578572e-16, 1.0000000000000002e+00}
}}};

static constexpr auto result = eigvals(mat);

int main() { return 0; }
